100 9927
29 1 48 1
2 1 31 1
47 1 91 1
50 1 3 1
18 0 19 1
55 1 82 1
90 0 4 1
1 0 9 1
85 1 12 1
73 0 55 1
99 0 81 1
49 0 94 1
15 1 43 1
63 0 2 0
55 0 1 1
44 0 37 0
59 0 78 1
59 0 53 1
5 0 79 1
31 1 49 1
98 0 11 1
20 0 48 1
67 0 89 1
69 0 14 1
97 0 51 1
64 1 1 1
56 0 47 1
68 0 54 0
26 0 46 1
14 0 83 1
11 1 36 1
20 0 93 1
99 0 42 1
40 1 16 1
60 0 17 1
39 0 36 1
37 1 44 1
71 0 81 1
86 1 17 1
39 0 24 1
82 0 40 1
88 0 99 0
27 1 85 1
19 1 25 1
92 0 53 1
86 0 58 1
61 1 39 1
57 0 23 1
54 0 31 0
50 1 95 1
88 0 81 1
15 0 61 1
85 0 42 1
81 1 62 1
48 0 84 0
62 0 51 1
13 0 26 0
50 0 2 0
34 0 9 1
85 0 99 0
12 0 49 1
62 0 84 0
93 0 14 1
9 1 18 1
68 0 93 0
37 1 64 1
59 0 93 1
65 0 87 1
33 0 65 0
59 0 50 1
93 0 62 1
89 0 58 0
12 0 1 1
16 0 88 1
72 1 1 1
65 0 40 0
35 0 45 0
5 0 7 1
45 0 20 1
99 0 96 1
21 0 34 1
89 0 87 0
44 0 49 1
62 0 59 1
25 0 95 1
55 0 62 1
91 0 89 1
72 0 100 0
15 1 10 1
41 0 50 1
5 0 99 1
33 0 86 0
24 0 77 1
76 0 87 1
35 0 99 0
93 1 100 1
20 0 68 0
74 0 34 1
15 1 79 1
78 1 80 1
80 0 69 1
85 1 43 1
34 1 60 1
47 0 68 1
30 0 68 0
30 1 68 1
34 0 88 0
72 0 5 1
2 0 79 1
34 0 88 0
100 0 66 1
52 1 98 1
44 0 32 1
22 0 93 1
85 0 57 0
84 0 7 1
7 0 88 0
74 1 99 1
34 1 27 1
46 1 83 1
99 0 53 1
21 0 4 0
83 0 63 1
45 0 82 1
29 0 18 0
13 0 21 1
29 0 54 1
47 0 21 1
3 0 77 1
95 0 60 1
79 0 86 1
46 1 37 1
94 0 54 1
46 0 94 1
91 0 58 1
10 1 85 1
35 1 15 1
72 0 6 1
51 0 91 0
38 0 23 1
8 0 98 1
97 0 6 0
17 1 93 1
70 0 52 1
95 0 46 1
9 0 32 1
8 1 10 1
45 0 59 0
52 1 20 1
82 0 51 1
57 0 39 1
8 0 75 1
44 0 60 1
49 1 10 1
48 0 36 1
23 1 77 1
99 0 95 1
79 0 98 0
73 1 48 1
33 1 92 1
6 0 47 0
21 0 2 1
23 0 45 0
59 0 69 1
28 1 100 0
53 0 15 0
16 0 4 1
1 0 35 1
21 1 30 1
91 0 28 1
1 0 78 1
55 0 74 1
4 0 56 1
15 0 43 0
11 1 92 1
10 0 46 1
53 0 72 0
85 0 78 1
47 0 40 1
24 0 55 1
32 0 73 1
31 1 60 1
56 0 50 1
64 1 84 1
74 0 25 1
58 0 38 1
4 0 56 0
59 0 10 1
81 0 86 1
47 0 41 1
98 0 62 1
88 0 74 0
28 1 32 1
38 0 34 1
41 0 27 0
40 0 19 1
37 0 92 1
92 0 42 1
4 0 69 1
60 0 33 1
56 0 67 0
31 0 89 1
6 0 10 1
6 0 7 1
100 0 22 1
85 0 4 1
86 0 35 0
72 0 99 1
69 0 82 1
76 0 23 0
76 1 35 1
27 1 16 1
35 0 51 1
24 1 48 1
1 0 21 1
88 0 84 1
67 0 24 1
21 1 37 0
11 0 68 1
61 0 40 0
54 0 43 0
4 0 71 1
84 0 23 1
19 1 50 1
8 1 3 1
25 0 73 1
45 0 76 1
2 0 53 1
56 0 50 1
82 0 9 1
48 0 9 1
47 0 17 1
84 1 99 1
9 0 53 1
97 0 62 1
43 0 88 1
49 1 93 1
32 1 59 0
44 0 97 1
72 1 67 1
15 0 46 1
34 1 73 1
45 0 73 1
94 1 74 1
86 0 15 0
71 0 66 0
76 1 53 1
43 0 32 1
13 0 98 1
66 0 35 1
1 0 97 1
70 1 45 1
52 0 60 1
75 0 69 1
5 0 42 1
77 0 38 1
4 0 31 1
62 1 4 1
83 0 81 1
68 0 16 0
17 0 68 1
67 0 85 1
71 0 28 1
26 0 23 1
27 0 13 1
29 0 35 1
6 1 41 1
68 0 19 0
53 0 64 0
18 0 46 1
98 1 59 1
22 0 97 1
57 0 15 1
40 1 48 1
45 1 90 1
98 0 42 1
94 1 2 1
2 1 99 1
30 0 53 1
43 0 32 1
12 0 81 1
1 0 21 1
69 1 85 1
86 1 78 1
12 0 85 1
21 0 99 0
25 0 31 1
100 0 8 1
78 0 32 1
5 1 72 1
66 0 33 1
90 0 56 0
55 0 35 1
60 0 14 0
93 0 62 1
63 1 9 1
69 0 89 1
80 0 74 1
60 0 68 1
76 0 51 1
78 1 100 1
23 0 60 1
11 1 14 1
48 0 63 1
43 0 63 1
72 0 41 1
86 1 31 1
62 0 53 1
31 0 32 1
69 1 100 0
83 0 26 0
54 1 55 0
100 0 97 1
31 0 3 0
30 1 95 0
49 0 58 1
80 0 11 1
77 1 91 1
68 0 35 0
13 1 16 1
89 0 10 0
10 0 20 1
32 0 65 1
12 1 44 1
47 1 15 1
78 0 31 1
57 0 46 1
76 0 16 0
88 1 37 1
75 0 56 0
64 0 17 1
45 0 63 1
73 0 83 1
5 0 18 0
77 0 64 0
8 0 13 1
35 0 76 1
85 0 95 0
53 0 88 1
12 0 77 1
34 0 59 1
48 0 11 1
42 0 7 0
97 1 62 1
22 1 56 1
26 0 11 1
72 0 67 0
52 0 5 1
27 0 19 1
71 0 97 1
56 0 11 1
36 0 97 1
35 0 92 1
35 0 50 1
10 0 66 1
50 1 33 1
25 0 75 1
14 0 82 1
88 0 84 1
31 1 38 1
20 0 28 1
41 0 21 1
26 1 1 1
41 0 43 1
86 0 61 1
81 0 68 1
39 0 40 1
70 0 80 1
65 0 25 1
30 0 88 0
35 1 22 1
47 0 84 0
36 1 74 1
66 0 32 1
80 0 87 1
26 0 59 1
29 0 65 1
94 1 67 1
67 0 45 1
58 0 100 0
84 0 16 1
62 1 84 0
65 0 86 1
73 1 70 1
77 0 35 1
30 0 59 1
100 0 20 1
7 0 26 0
75 0 77 1
5 0 43 0
43 0 40 1
34 0 92 1
29 0 11 1
18 0 47 1
33 1 48 1
65 1 12 0
94 0 86 1
17 1 32 1
94 1 81 1
33 0 95 0
50 1 42 1
68 0 93 0
4 0 77 1
56 0 76 1
6 1 96 1
30 1 36 1
60 0 92 1
29 0 84 1
70 0 64 0
16 1 37 1
2 0 100 0
69 0 46 0
62 1 87 1
61 0 88 0
32 1 95 0
73 0 7 1
53 0 43 1
62 0 71 0
86 0 39 1
93 0 37 1
13 0 99 1
19 1 25 1
6 0 38 0
98 0 38 1
18 0 75 1
92 1 56 1
33 1 74 1
37 0 81 1
51 0 70 1
40 1 35 1
75 1 99 1
63 1 98 1
14 1 58 1
97 0 93 0
28 0 43 0
45 0 80 1
18 0 36 1
54 1 28 1
93 0 7 1
90 0 4 1
41 0 47 0
35 0 15 1
84 0 88 1
100 0 69 1
76 0 88 1
13 0 87 1
46 0 81 1
95 0 72 0
71 0 32 1
34 1 78 1
26 0 72 1
64 0 39 1
63 1 100 0
6 1 11 1
25 1 70 1
86 0 20 1
3 1 71 1
25 0 81 1
1 0 53 1
85 0 82 0
28 1 54 1
89 0 20 0
90 0 80 1
37 1 92 1
2 0 4 0
7 0 8 1
54 0 5 0
95 0 10 1
72 0 12 1
53 0 13 1
46 0 76 1
20 1 73 1
43 0 82 1
95 0 28 1
86 0 63 0
27 0 59 0
72 1 57 1
27 0 75 1
57 0 7 1
48 0 35 1
87 0 26 1
37 0 51 1
92 0 91 1
14 0 31 1
39 0 57 1
50 1 82 1
85 0 31 1
85 0 79 1
27 0 44 0
39 0 24 1
32 0 54 0
1 0 31 1
91 1 84 1
64 0 57 0
84 0 26 1
42 0 48 0
7 0 42 0
82 1 92 1
76 0 57 1
11 0 87 0
7 1 59 1
13 1 42 1
6 1 58 1
94 1 82 0
3 1 44 1
76 0 47 0
16 0 8 1
48 0 58 1
96 0 92 1
62 1 80 0
94 0 93 1
61 1 86 1
43 0 26 1
30 0 7 0
22 0 10 1
97 0 61 0
51 0 16 1
61 1 64 0
46 0 42 1
46 0 99 0
25 0 75 0
67 0 7 1
61 0 65 0
71 0 88 1
70 0 65 1
70 1 38 1
62 0 53 1
74 0 53 1
71 1 90 1
15 0 77 1
75 0 38 1
3 0 75 1
52 0 70 0
30 1 22 1
94 0 41 0
62 0 47 1
22 0 47 1
80 0 31 1
83 0 25 1
64 1 12 1
38 0 12 0
81 0 23 1
9 0 32 1
17 1 76 1
32 0 44 1
10 0 36 1
44 0 88 1
37 0 61 1
82 0 52 1
74 1 67 1
9 0 46 1
28 0 99 1
86 0 50 1
70 0 45 0
44 0 24 1
4 1 85 1
14 0 26 1
16 0 76 1
66 0 28 1
40 0 53 0
32 0 3 1
61 1 68 1
38 0 61 1
38 0 17 1
57 0 56 0
85 0 59 0
71 0 37 1
17 1 82 0
41 0 54 1
79 1 56 1
17 0 14 0
53 0 52 0
51 0 85 0
8 0 18 0
17 0 93 1
54 0 72 1
34 0 25 0
92 0 15 1
43 0 87 0
35 0 89 1
60 0 44 0
1 0 42 1
82 0 76 1
99 0 2 1
67 1 84 1
15 1 48 1
92 0 67 1
47 0 7 1
57 0 89 1
64 0 29 0
71 0 27 1
79 1 35 1
72 0 68 1
48 0 59 1
94 1 30 1
24 0 87 0
61 0 67 0
26 0 67 1
52 0 61 1
56 0 11 1
43 0 68 1
43 0 76 1
2 0 6 1
97 1 59 0
20 1 43 1
94 1 64 1
39 0 51 1
36 0 46 1
99 0 75 1
95 1 18 1
35 0 85 1
25 0 29 0
3 0 63 1
82 1 92 1
12 0 8 1
90 0 79 1
9 0 8 1
89 1 26 1
76 1 18 0
42 0 20 0
14 1 95 1
50 1 71 1
55 0 89 1
55 0 93 1
11 1 55 1
53 0 10 0
27 0 9 1
21 1 42 1
26 1 90 1
26 0 2 1
87 0 2 1
64 0 54 1
63 1 14 1
11 0 75 0
53 0 99 0
84 0 30 1
73 1 27 1
21 1 28 1
28 0 100 1
22 0 55 0
77 0 91 0
100 0 27 1
77 1 13 1
53 0 44 1
85 0 30 1
70 0 16 1
45 0 85 0
23 1 85 1
41 0 70 0
46 0 97 1
31 0 74 1
91 0 73 1
96 0 51 1
29 0 85 1
64 0 98 1
15 0 18 0
77 1 99 0
10 1 27 1
77 1 27 1
6 0 14 0
52 0 47 1
89 0 65 1
35 0 24 0
56 0 99 1
25 0 28 1
76 1 35 1
44 0 64 0
93 0 6 1
36 0 33 1
32 0 43 1
33 0 18 0
53 0 9 0
96 0 38 1
57 0 58 1
26 0 68 1
19 0 33 1
45 0 79 1
24 0 19 1
41 0 82 1
58 0 19 1
56 0 59 0
84 0 69 1
47 0 94 1
39 0 85 1
69 0 52 1
50 0 69 0
79 1 12 1
33 0 9 0
8 1 37 1
24 0 1 0
61 0 91 1
12 1 29 1
26 0 78 1
72 0 46 1
12 0 26 1
40 0 52 1
60 0 36 1
46 0 67 1
8 0 35 1
26 0 70 0
25 1 56 1
47 0 33 1
71 0 27 1
21 0 84 1
89 0 34 1
3 0 51 1
21 1 16 1
96 0 82 0
94 1 71 1
5 1 37 1
78 0 34 1
7 0 61 0
69 0 61 1
11 0 42 1
72 1 12 1
22 0 78 1
26 0 68 1
30 0 83 0
79 0 7 1
26 1 47 1
61 0 43 1
66 0 45 1
81 1 12 1
46 1 75 1
90 0 13 1
60 0 77 1
75 0 51 1
13 0 21 0
74 0 27 0
23 1 67 1
62 1 24 1
40 0 74 1
29 0 56 1
83 0 7 1
7 1 16 1
20 1 27 1
99 0 6 1
73 0 61 1
61 0 18 1
53 0 55 0
29 0 24 1
91 0 32 1
22 1 100 1
44 0 3 1
41 0 5 1
72 0 23 1
40 1 62 1
31 1 73 1
76 0 10 0
69 0 44 1
24 1 22 1
83 0 23 1
72 0 19 1
65 0 26 1
3 1 16 1
30 0 21 1
72 0 4 1
92 1 87 1
77 0 55 1
98 0 56 0
86 1 24 1
82 0 86 1
68 1 37 1
80 0 42 1
12 0 58 1
78 1 14 1
29 0 65 1
74 0 77 1
98 0 47 1
16 0 28 1
49 1 64 1
24 0 6 1
51 1 90 0
42 0 41 0
98 0 23 1
3 0 37 0
1 0 32 1
92 0 79 1
49 0 81 1
38 0 92 0
37 0 83 1
64 0 87 1
39 1 29 1
98 0 63 1
61 1 17 1
6 0 80 0
56 0 69 1
86 0 77 0
70 0 91 1
57 0 19 1
4 0 88 1
65 1 12 0
30 0 46 1
14 0 21 1
40 0 60 0
80 0 53 1
68 0 48 1
71 0 40 1
51 1 70 1
15 1 88 1
58 0 76 1
74 1 87 1
25 0 1 0
100 0 85 1
40 1 87 0
83 0 55 1
40 1 3 1
56 0 25 1
71 0 75 1
21 0 38 0
83 0 17 1
34 1 16 1
60 0 98 0
39 0 27 1
22 0 23 1
61 0 58 0
22 0 17 1
3 0 87 0
64 0 36 1
40 0 95 1
30 0 36 0
78 0 74 0
33 1 13 1
97 0 36 1
67 0 33 1
5 1 84 1
59 0 73 1
80 0 23 1
72 0 92 0
33 0 37 0
80 0 94 1
9 0 17 1
96 1 37 1
1 0 30 1
71 0 96 1
52 0 47 1
86 0 66 1
9 0 23 1
34 1 45 1
87 0 75 1
22 0 73 1
62 0 57 1
20 0 92 1
59 0 96 1
30 1 21 1
52 1 50 1
78 0 94 1
59 0 76 1
21 1 2 1
47 0 61 1
16 0 87 1
21 1 43 1
53 1 61 1
44 0 5 1
54 0 21 0
61 0 92 1
93 0 1 1
19 1 56 1
54 1 37 0
51 0 98 0
38 0 36 1
78 0 22 1
78 0 82 0
55 0 26 1
39 0 40 1
87 0 37 0
76 0 78 1
94 0 1 0
46 0 80 0
59 0 19 1
65 0 73 0
6 0 36 0
95 0 46 1
79 1 9 1
27 1 1 1
18 0 41 1
2 0 48 0
96 1 8 1
6 0 99 0
63 0 41 0
99 0 23 1
9 1 87 1
64 0 55 1
79 0 88 0
23 0 53 1
87 0 30 1
58 1 84 1
41 0 61 1
27 0 96 1
79 1 58 1
5 1 58 1
81 0 99 0
13 1 73 1
37 0 24 1
33 1 91 1
96 0 59 1
51 1 78 1
41 1 45 1
93 0 6 1
10 0 5 1
87 0 34 1
100 0 99 0
44 0 69 1
4 0 93 1
60 0 58 1
29 0 41 1
94 1 62 1
100 0 16 1
26 1 92 1
43 0 67 1
35 0 62 1
57 0 59 1
100 0 38 1
2 0 87 1
11 0 18 0
78 0 2 1
26 0 67 0
14 0 79 1
100 0 74 1
63 0 96 0
34 0 5 0
55 0 30 1
88 1 8 1
7 0 81 1
50 0 92 0
64 0 77 1
94 0 15 0
61 1 78 1
33 0 30 1
68 0 52 1
69 0 26 0
74 0 97 1
74 0 26 1
72 0 79 1
91 0 9 0
7 0 12 1
39 1 55 1
53 0 41 0
36 0 2 1
86 1 34 1
22 0 47 1
79 0 30 1
20 1 2 1
26 0 53 1
94 1 59 0
88 0 77 1
20 1 54 1
7 0 24 1
80 0 46 1
41 1 59 1
94 0 53 0
22 0 38 1
81 0 50 1
19 1 6 1
31 0 34 1
27 0 90 1
80 0 87 0
91 0 21 1
17 0 58 0
51 1 95 1
65 1 46 1
17 1 36 1
80 1 48 1
88 0 60 0
75 0 27 1
82 0 71 1
51 0 66 0
59 0 43 0
52 1 82 0
39 1 48 1
46 0 86 1
42 0 72 1
2 0 17 0
25 0 88 0
7 0 81 1
29 0 18 0
57 0 29 0
43 0 1 0
4 0 30 1
34 1 69 1
78 0 64 0
91 1 83 1
44 0 72 0
18 0 39 1
66 0 89 1
56 0 92 0
78 1 6 1
1 0 10 1
69 1 18 0
13 1 43 1
48 1 64 1
84 1 22 1
15 0 40 1
70 0 72 0
66 0 52 1
14 1 64 1
70 0 39 1
89 1 43 1
3 0 26 1
10 0 21 1
41 1 38 1
8 1 58 1
25 1 56 1
53 0 19 0
81 0 40 0
100 0 61 1
57 0 97 1
9 0 99 0
66 1 29 1
32 0 40 1
31 0 84 1
8 0 62 1
65 0 91 1
43 0 14 1
99 0 21 1
88 1 6 1
31 0 43 1
65 0 61 0
57 0 75 1
93 0 86 1
95 1 87 1
57 0 59 1
61 1 94 1
92 0 77 1
39 0 36 1
20 0 39 1
75 1 55 1
67 0 43 0
65 0 44 0
37 0 15 1
50 0 21 0
75 0 19 1
3 0 34 1
2 1 77 1
19 0 64 1
22 0 96 1
86 0 19 1
91 0 5 0
49 0 90 0
76 0 93 1
24 0 99 0
60 0 21 1
50 0 89 0
46 0 50 1
3 0 66 1
92 0 94 1
14 0 69 1
14 1 95 1
89 0 44 0
45 0 82 1
63 0 76 0
1 0 89 1
23 1 48 0
38 0 37 0
92 0 40 1
52 0 90 1
36 0 92 1
10 0 21 1
24 0 47 1
39 0 35 1
29 0 19 1
76 1 74 1
88 1 6 1
85 0 26 1
25 0 93 0
3 1 14 1
33 0 93 0
48 1 64 1
100 0 16 1
18 1 43 1
92 1 64 1
94 1 70 1
84 0 63 1
37 0 10 1
90 0 40 1
28 1 80 1
99 0 65 1
92 0 83 1
77 0 93 1
51 0 100 1
56 0 2 1
24 0 1 0
75 0 31 1
3 0 21 1
60 1 57 1
94 0 57 0
9 0 37 0
81 1 36 1
67 1 56 1
61 0 28 0
77 0 28 0
3 0 77 1
50 1 9 1
94 1 29 1
44 1 29 1
27 0 97 1
31 0 97 1
46 0 97 1
89 0 26 0
64 0 65 1
19 0 46 0
2 1 59 1
64 0 96 1
93 0 36 1
83 0 65 1
63 1 86 1
76 0 40 0
48 0 64 1
88 0 97 1
92 0 39 0
7 0 38 1
36 0 97 1
81 1 10 1
3 0 93 1
57 0 18 0
44 0 10 1
47 0 98 1
14 1 1 1
78 0 36 0
79 0 44 0
16 0 36 1
8 1 18 1
90 0 21 1
42 1 57 0
59 0 49 1
24 0 29 0
70 0 55 1
75 1 15 1
49 1 73 1
59 0 93 1
80 0 8 1
70 0 82 0
87 0 88 1
64 0 17 1
85 0 62 1
93 1 16 1
90 0 11 1
79 0 27 0
90 0 14 1
89 1 23 1
23 0 8 0
72 1 22 1
42 0 14 1
79 0 50 1
87 0 90 0
63 0 13 1
80 0 79 1
17 0 13 0
69 1 37 0
72 0 10 1
48 0 78 1
14 0 11 1
59 0 73 1
92 0 61 1
58 1 64 1
21 1 10 1
28 1 43 1
39 0 95 0
21 0 77 1
25 0 12 1
67 0 33 1
62 0 91 1
9 1 45 1
53 0 21 0
94 1 55 0
97 0 41 0
3 1 12 1
60 0 59 1
5 0 30 1
56 0 24 1
68 0 81 0
64 1 92 1
43 0 11 1
91 0 73 0
8 1 99 1
38 1 55 1
49 0 84 0
28 1 58 1
57 0 54 1
82 0 89 1
22 0 43 1
69 0 100 0
56 0 4 1
30 0 68 1
44 0 91 1
70 0 42 1
8 0 24 0
62 0 53 0
92 0 68 1
94 1 28 1
15 0 34 1
63 0 75 0
66 0 31 1
64 1 48 1
80 0 78 1
1 0 37 0
68 0 89 1
38 0 11 1
6 0 18 1
15 0 96 1
1 0 13 1
70 0 77 1
97 0 93 0
51 1 2 1
42 0 68 0
9 1 64 1
73 0 23 1
81 0 19 1
30 0 36 1
3 0 49 1
59 0 13 1
25 0 97 1
96 0 91 1
64 0 35 1
34 0 10 1
60 0 7 1
73 1 79 1
73 0 26 0
54 1 66 1
24 0 23 1
96 1 36 1
77 0 40 0
29 0 97 1
2 0 19 0
56 0 30 1
39 0 88 1
41 0 7 1
19 1 66 1
58 0 24 0
79 1 57 1
60 0 98 1
48 0 37 0
65 1 16 1
87 0 15 1
2 0 63 1
19 0 50 0
21 0 17 0
36 0 81 1
54 1 55 0
10 0 33 1
54 1 56 0
8 0 96 1
61 0 60 1
77 0 59 1
5 1 90 1
11 0 57 0
28 0 74 1
43 0 41 1
42 0 50 0
57 0 2 1
41 0 68 1
2 1 22 1
39 0 24 1
44 0 51 1
30 0 23 0
32 0 5 1
49 0 86 1
75 1 37 1
68 1 92 1
1 0 5 1
30 0 17 0
65 0 24 0
37 0 15 1
89 1 91 1
77 1 87 1
74 0 93 0
87 0 70 1
39 0 69 1
11 0 53 1
58 0 75 1
28 0 25 0
35 0 55 0
94 0 14 1
27 0 32 1
39 0 59 0
24 0 60 0
31 1 15 1
86 0 43 0
4 0 2 1
57 0 59 0
39 0 70 1
91 0 31 1
63 0 41 1
44 0 32 1
82 0 77 1
68 1 56 1
71 0 51 1
71 0 18 1
76 0 95 0
36 0 69 1
77 0 75 1
20 0 78 1
50 0 61 0
70 0 54 1
45 0 25 1
92 0 4 1
33 0 97 1
31 0 19 1
33 0 5 1
76 1 50 1
38 0 96 1
56 1 59 1
7 0 79 1
23 0 42 1
44 0 12 1
8 0 12 1
35 0 53 1
75 0 19 1
40 1 81 1
45 0 62 1
17 0 97 0
78 0 90 0
76 1 92 1
30 0 83 1
31 0 10 0
42 0 5 0
65 1 50 1
39 0 34 1
92 0 23 1
61 1 32 1
30 0 38 0
14 0 63 1
86 0 49 0
94 1 29 0
18 0 27 1
14 0 17 1
81 0 38 0
5 0 6 1
67 0 97 1
12 0 50 1
95 0 16 1
35 0 66 1
99 0 85 1
47 0 100 0
96 1 59 1
54 0 52 1
43 0 32 1
22 1 87 1
46 0 22 0
51 1 32 1
94 0 38 0
59 0 78 1
73 0 60 1
80 1 22 1
74 0 69 1
60 0 16 0
7 0 79 0
87 0 27 1
3 0 16 0
39 0 23 1
68 1 17 1
28 0 58 0
44 0 36 1
92 0 45 1
76 1 8 1
27 1 44 1
25 0 43 0
4 0 89 1
37 0 78 1
71 0 42 1
81 1 53 1
21 0 28 0
48 0 30 1
74 0 80 0
37 1 18 1
93 0 62 1
26 0 52 1
85 0 43 0
31 1 87 0
61 1 42 1
30 0 67 1
53 0 3 0
98 0 68 1
97 0 90 1
61 0 5 0
27 0 61 1
42 1 92 0
5 0 23 1
8 0 29 0
10 0 24 0
77 1 86 1
22 0 7 1
15 0 72 0
26 0 72 1
55 0 6 1
88 0 24 0
81 1 55 1
69 0 78 0
60 0 100 1
33 0 53 0
76 1 7 1
11 0 49 0
57 0 21 1
50 0 5 0
32 1 64 0
72 0 11 1
16 0 45 1
62 0 35 1
3 0 45 1
40 1 56 0
27 0 11 1
33 0 58 0
3 1 64 1
92 0 79 1
76 0 31 1
60 1 44 1
90 0 70 1
49 0 100 1
47 0 21 1
42 0 13 0
7 0 70 0
32 0 17 1
17 1 93 1
35 0 24 0
23 0 55 1
4 0 40 1
39 0 97 1
55 0 83 1
12 0 42 1
23 0 90 1
45 0 62 1
95 1 39 1
48 0 60 1
24 0 22 1
19 0 74 1
12 0 7 1
96 0 27 0
43 0 18 0
15 0 66 0
6 0 78 1
67 0 47 1
84 0 93 1
31 0 98 0
95 0 26 1
85 0 18 0
70 0 16 1
31 1 45 1
57 0 25 1
4 0 22 1
87 0 96 1
61 1 71 1
80 0 81 1
32 0 100 1
76 1 19 1
48 0 62 1
75 1 100 1
29 0 27 1
41 0 8 0
18 0 26 1
84 0 98 1
61 0 76 0
40 0 80 0
32 0 76 0
94 0 91 0
11 0 10 1
13 0 39 0
91 0 41 0
57 0 47 1
32 0 18 1
67 0 43 1
79 0 28 1
33 0 21 0
48 0 27 1
10 0 16 0
59 0 5 1
61 1 26 1
30 1 100 0
48 0 98 1
83 0 60 0
8 0 3 0
53 1 78 1
46 0 8 1
8 1 98 1
73 0 98 0
39 0 63 1
57 0 58 1
84 0 77 1
79 1 88 1
5 0 63 1
27 0 35 1
29 0 2 1
72 0 69 1
49 1 78 1
92 0 14 1
56 0 96 1
74 0 89 1
65 0 37 0
88 1 22 1
43 1 44 1
100 0 30 1
39 1 44 1
41 0 3 0
34 0 27 1
78 0 31 1
35 0 18 1
57 0 86 1
96 0 35 0
75 1 58 1
99 0 46 1
87 0 90 0
74 0 32 1
90 0 27 1
94 1 82 0
3 1 90 1
48 1 59 1
1 0 7 1
83 0 70 1
90 0 50 1
59 0 66 1
79 0 85 0
13 1 93 1
33 0 27 0
62 0 46 0
91 0 26 1
38 0 54 1
41 0 47 1
22 0 68 1
10 0 63 1
28 0 71 0
43 0 49 1
16 0 39 1
65 1 48 0
35 0 20 1
7 1 42 1
24 0 89 1
36 0 44 0
67 0 47 1
29 0 22 0
87 0 71 0
82 0 16 1
42 0 36 1
96 0 27 1
37 0 39 0
77 1 74 1
26 1 44 1
72 0 22 0
28 0 42 1
100 0 74 1
54 0 15 0
25 0 64 1
84 1 66 1
12 1 80 1
89 0 76 1
84 0 52 1
82 0 100 1
96 0 34 1
70 0 50 1
97 0 88 1
73 1 43 1
77 1 52 1
90 0 46 1
49 0 44 0
31 0 54 0
1 0 90 1
65 0 96 0
87 0 51 1
94 0 76 0
50 0 99 1
99 0 95 0
14 0 78 1
38 0 46 1
99 0 15 1
75 0 9 0
57 0 59 0
41 0 34 1
9 0 17 1
81 0 63 0
75 0 17 1
71 0 65 1
10 0 29 0
41 0 56 0
66 0 80 1
15 0 74 1
18 0 46 1
93 0 28 1
66 0 7 1
76 0 74 1
61 0 29 0
15 0 87 0
93 1 71 1
34 0 79 0
37 0 75 1
82 0 65 1
32 1 60 1
54 0 83 1
33 0 41 0
93 0 77 1
31 1 91 1
80 0 5 1
51 0 26 1
85 0 62 1
95 0 88 1
36 0 31 1
11 0 20 1
20 0 8 1
37 0 4 1
50 1 99 0
16 0 65 1
14 0 28 1
64 0 66 1
64 0 74 1
60 1 85 1
53 1 64 0
60 0 4 1
4 0 90 1
16 0 84 1
68 1 95 1
6 0 73 1
3 0 16 0
39 0 32 1
29 0 68 1
43 0 91 1
43 0 47 1
19 0 68 0
64 0 50 1
57 0 51 1
92 0 88 1
18 0 83 1
67 0 93 1
21 0 62 0
26 0 45 0
17 1 56 1
82 0 2 1
2 0 6 1
8 0 50 1
52 1 99 0
15 0 94 1
80 0 48 0
25 0 45 0
3 0 64 0
39 0 76 1
80 0 13 1
60 0 17 1
81 0 94 0
82 0 75 1
31 1 45 1
55 0 51 1
98 0 92 0
32 0 11 1
63 1 67 0
43 0 98 1
46 0 68 1
51 1 87 0
37 0 8 1
72 0 45 1
57 0 24 1
96 0 12 0
30 0 20 0
62 1 2 1
86 0 21 1
69 1 82 1
37 0 67 1
35 0 63 1
36 0 50 1
56 0 82 0
93 0 54 1
50 0 15 0
14 1 70 1
30 0 9 0
48 0 14 1
28 1 57 0
79 0 49 1
97 1 87 1
31 1 19 1
80 0 37 1
66 0 63 1
32 1 7 1
33 1 84 0
82 0 24 1
59 0 85 1
67 0 15 1
8 0 86 1
71 0 33 1
38 1 64 1
41 0 22 1
88 1 66 1
60 0 4 1
5 0 91 1
99 0 74 1
77 1 56 0
17 0 47 0
20 0 94 1
2 1 33 1
27 0 11 1
20 0 53 1
74 0 97 1
72 0 40 1
40 1 84 1
99 0 82 0
66 0 14 1
93 0 92 0
45 1 93 1
29 0 82 0
59 0 83 1
90 0 4 1
56 0 72 0
53 1 54 1
67 0 82 0
35 0 13 1
49 0 31 1
16 0 91 1
43 0 92 1
33 1 97 1
54 0 44 1
48 0 4 1
77 0 14 0
13 1 71 0
24 0 6 1
10 0 75 1
13 1 14 1
72 0 74 1
5 0 11 1
71 0 26 1
87 0 28 1
18 0 76 1
9 0 97 1
24 0 48 1
25 0 31 1
67 0 70 1
89 1 93 1
30 0 70 1
13 0 39 0
27 0 68 1
100 0 41 1
17 0 31 1
24 0 58 1
38 0 86 1
30 0 20 0
37 0 11 1
6 0 76 1
13 0 42 1
96 1 26 1
42 0 97 1
38 1 16 1
75 0 94 1
86 0 32 0
22 0 15 1
84 0 26 1
2 0 38 0
42 1 12 1
80 0 64 0
68 0 15 1
62 1 10 1
72 0 86 1
32 0 47 1
100 0 14 1
15 0 62 1
68 0 33 1
55 0 90 1
63 0 15 1
73 0 97 1
91 0 42 1
54 1 56 1
83 0 59 0
64 0 54 1
80 0 92 1
19 1 29 0
71 0 27 1
21 1 12 1
16 0 63 1
69 0 33 0
35 1 100 1
69 0 8 0
11 0 40 1
48 1 57 1
60 0 52 1
2 1 90 1
74 0 48 0
15 0 26 1
44 0 80 0
67 0 25 1
69 1 32 1
37 0 72 1
7 0 70 0
28 1 44 1
20 0 41 0
28 1 32 1
60 1 90 1
80 0 31 1
10 0 23 1
19 1 44 1
96 0 56 1
8 0 26 1
96 0 3 1
78 0 97 1
2 0 84 0
95 0 97 1
87 0 30 1
78 0 10 1
95 0 9 1
28 0 34 0
8 0 98 1
19 0 25 0
100 0 75 1
89 0 22 1
51 1 83 1
86 1 11 1
57 0 40 1
46 0 64 1
81 0 25 0
72 0 26 1
39 0 34 1
71 0 93 1
12 0 83 1
6 0 21 1
43 0 64 1
32 0 13 0
14 1 29 1
68 0 71 0
73 0 63 1
10 0 18 0
24 0 48 0
83 0 60 1
33 0 24 1
1 0 2 1
17 0 58 1
74 1 87 1
95 0 54 1
69 0 29 1
36 0 28 1
20 1 59 1
33 1 87 1
46 0 54 1
17 1 77 1
96 0 21 1
74 0 39 1
27 0 21 1
96 0 75 0
98 1 84 1
57 0 8 1
31 0 22 0
62 0 93 0
17 0 79 1
68 1 3 1
83 0 65 1
6 0 63 1
59 0 11 1
86 1 98 1
83 0 95 1
20 0 97 0
46 1 82 1
40 1 67 0
46 0 51 1
94 1 95 0
52 0 10 1
79 0 62 1
15 0 87 0
54 0 53 0
55 0 19 1
74 0 18 1
82 0 6 1
17 0 36 0
21 1 7 1
71 1 44 1
5 0 96 1
77 1 55 0
57 0 75 1
74 0 50 1
30 1 90 1
42 0 66 0
85 0 88 1
61 0 93 1
53 0 28 0
50 0 6 1
13 0 7 0
99 1 59 1
15 0 77 1
66 0 61 1
44 0 12 0
19 1 24 1
19 0 99 1
21 0 79 0
71 1 48 1
69 0 76 1
48 0 16 1
13 1 18 1
3 0 35 1
73 0 8 0
76 0 78 1
82 0 56 1
80 0 70 1
84 0 46 1
22 0 53 1
53 0 12 0
83 0 69 1
90 0 75 1
99 1 67 1
19 1 71 0
29 0 79 1
90 0 54 1
72 0 33 1
92 0 12 1
2 1 37 0
34 1 42 1
100 0 47 1
48 0 52 1
47 0 46 1
98 0 24 1
92 1 29 1
94 0 93 0
27 0 75 1
56 0 34 1
68 0 75 1
35 0 61 1
91 0 31 1
52 0 66 1
18 0 98 1
5 1 80 1
95 0 50 1
52 0 45 0
40 1 25 1
59 0 45 1
97 1 92 0
81 1 20 1
37 0 95 0
71 0 79 1
81 1 61 1
59 0 40 1
19 0 73 0
84 0 60 1
84 0 17 1
86 0 69 0
51 1 78 1
51 1 85 1
64 1 48 1
25 0 68 1
40 1 4 1
93 0 21 1
85 0 25 1
19 0 26 1
17 0 32 0
71 0 72 1
100 0 71 1
68 1 26 1
82 1 67 1
83 0 17 1
15 0 16 1
1 0 83 1
6 0 28 1
40 1 87 0
89 0 81 1
27 0 49 1
5 0 56 1
41 0 43 1
78 0 14 1
55 0 56 1
64 0 39 0
15 1 60 1
54 0 80 1
30 1 68 1
62 0 78 1
14 0 42 1
14 0 81 1
63 0 32 1
55 0 65 1
37 0 43 0
96 0 21 1
28 0 77 0
38 0 46 1
87 0 33 1
88 0 1 0
60 0 78 1
10 0 70 1
23 0 20 0
10 1 87 1
43 0 10 1
47 0 8 0
78 1 12 1
89 1 49 1
25 0 44 1
70 0 96 1
76 1 17 1
50 0 89 1
70 1 43 1
66 0 20 1
11 1 38 1
8 0 25 1
98 0 32 1
93 0 23 1
49 1 96 1
2 0 1 1
3 0 5 0
73 0 88 1
80 0 48 1
51 0 4 1
42 0 11 1
18 0 70 1
1 0 73 1
16 1 5 1
35 0 11 0
87 1 39 1
12 0 7 1
84 1 43 1
85 1 9 1
26 0 13 1
93 0 99 0
78 0 39 1
96 1 83 1
75 1 41 1
68 1 65 1
93 0 97 1
38 1 64 1
59 0 60 1
18 0 24 1
62 0 35 0
88 0 66 0
34 0 65 0
28 0 39 0
65 0 53 0
56 0 39 0
23 0 73 1
11 1 8 1
70 0 24 0
74 0 29 1
32 0 40 1
17 1 38 1
18 0 58 1
61 0 23 0
13 0 42 1
51 0 88 1
7 0 3 0
34 0 64 0
18 0 63 1
63 0 88 0
68 0 50 0
96 0 20 1
57 0 66 0
48 0 12 0
70 0 51 1
43 1 67 1
12 1 57 1
82 0 25 1
50 0 60 0
99 0 61 1
60 0 15 1
39 0 86 1
43 0 48 0
47 1 73 1
66 0 51 1
17 1 72 0
79 1 26 1
94 0 54 0
92 0 11 1
75 0 48 1
11 0 94 1
90 0 66 0
57 0 19 1
24 0 54 1
67 0 27 1
95 0 38 1
22 0 20 1
98 0 19 1
98 0 77 1
16 1 72 1
79 0 3 0
71 0 33 1
15 0 62 1
87 0 100 1
25 0 64 0
42 0 63 1
27 0 36 1
86 0 76 1
21 0 24 1
15 0 71 1
4 0 94 1
92 0 70 1
20 0 51 0
51 0 82 1
6 0 65 1
13 1 73 1
42 0 33 1
74 0 99 1
27 0 28 1
44 0 27 1
93 0 65 1
36 0 66 0
59 0 94 1
54 0 24 0
39 0 50 1
59 0 44 0
98 1 85 1
45 0 27 1
27 0 41 1
28 0 61 1
38 0 70 0
79 0 49 1
60 0 3 1
27 0 37 1
5 0 74 0
27 1 43 1
72 0 36 1
49 0 91 0
71 0 12 0
93 1 43 1
77 1 44 1
91 0 20 1
44 0 57 1
77 1 53 1
69 1 87 1
60 0 89 1
54 0 97 1
22 1 57 1
49 0 59 1
75 0 35 0
14 0 28 1
56 0 58 1
70 1 59 1
95 1 56 1
64 0 10 1
50 1 67 0
32 1 93 1
63 1 61 1
25 0 100 0
46 0 39 1
100 0 10 1
56 0 33 1
22 0 49 1
76 0 99 1
76 0 18 1
6 1 8 1
69 0 54 0
6 1 14 1
99 0 74 1
25 0 28 1
65 0 63 1
94 1 28 1
78 0 38 0
58 0 78 1
55 0 36 1
23 0 83 1
19 1 95 1
62 0 51 1
32 0 8 1
27 0 76 1
85 0 8 1
21 1 49 1
38 0 81 1
66 0 99 0
67 0 14 1
48 1 29 1
47 0 30 1
9 0 62 1
66 0 73 1
59 0 2 1
64 0 3 1
98 0 1 1
15 0 18 1
66 0 30 1
25 1 39 1
90 0 11 1
72 0 88 1
44 0 86 1
98 1 18 1
38 0 99 1
4 0 75 1
26 0 76 1
36 0 97 1
87 0 83 1
52 1 13 1
49 0 81 1
100 0 13 1
61 0 86 0
24 0 11 1
25 0 16 1
67 0 80 0
94 0 47 0
96 0 58 0
93 0 34 1
7 1 61 1
86 0 21 1
39 0 83 1
11 0 52 1
75 0 60 0
48 0 47 1
21 1 20 1
13 0 29 1
81 0 33 0
48 0 33 1
74 0 40 1
62 0 88 1
34 1 40 1
24 0 43 1
16 0 12 0
70 0 86 1
23 0 46 1
53 1 60 1
10 0 86 1
94 1 30 1
23 0 9 1
31 0 79 0
98 0 34 1
83 0 21 1
97 1 88 1
40 0 36 1
96 0 19 1
77 0 20 1
32 0 79 0
83 0 4 1
17 0 98 1
35 0 17 1
71 0 8 1
87 1 43 1
12 1 55 1
41 1 46 1
12 0 81 1
25 0 65 1
97 0 90 1
16 0 99 1
67 0 24 1
44 0 13 1
94 0 36 0
50 0 27 0
81 0 7 0
26 0 5 0
39 1 12 1
74 1 98 1
68 0 26 1
31 1 82 0
60 0 76 1
91 0 4 1
7 0 72 1
22 0 78 1
48 0 79 1
83 0 8 1
68 0 49 0
78 0 36 1
4 0 61 1
11 0 89 1
25 1 90 1
67 0 58 1
36 0 13 1
67 0 23 1
19 0 62 0
21 1 59 1
29 1 1 1
50 1 40 1
37 0 22 1
49 0 3 1
41 0 90 1
68 0 83 1
80 0 72 0
46 0 35 1
95 0 96 1
67 0 5 1
87 0 10 1
67 1 92 1
81 1 73 1
84 0 36 1
90 0 3 1
43 0 3 1
92 0 8 1
12 0 73 1
91 0 18 0
69 0 34 0
33 0 80 0
11 0 56 0
65 0 64 0
65 0 58 1
50 0 1 0
14 0 85 0
39 0 63 1
74 0 53 1
38 0 91 1
63 1 100 0
12 0 5 1
51 1 75 1
29 0 26 1
32 1 89 1
34 1 36 1
51 0 78 0
78 0 68 1
19 0 34 0
26 1 12 1
77 0 70 0
27 0 42 1
62 0 31 1
49 0 29 1
22 0 17 1
48 0 62 1
40 0 50 1
31 0 67 0
35 0 74 1
56 1 71 1
22 0 63 1
68 0 1 1
95 0 5 1
59 0 88 1
37 0 3 1
31 1 95 1
59 0 16 1
61 0 81 0
2 1 48 0
76 1 61 1
2 1 39 1
13 0 35 1
36 0 95 0
7 1 21 1
60 0 55 1
29 0 39 0
66 1 87 1
80 0 97 1
47 0 97 1
22 0 88 1
31 1 84 0
37 0 40 1
85 0 50 1
85 0 8 1
59 0 32 1
72 0 75 1
59 0 31 1
39 0 45 1
48 0 26 1
25 1 88 1
71 0 70 1
25 0 28 1
35 1 12 1
100 1 67 1
85 1 59 1
78 0 85 0
58 0 34 1
30 0 27 0
22 0 45 1
12 0 61 1
18 0 37 0
8 0 48 1
94 1 89 1
96 0 69 1
64 0 20 1
93 0 27 1
60 1 92 1
56 0 30 1
28 0 6 0
10 0 50 1
84 0 78 1
83 0 59 0
40 1 59 0
64 0 78 1
60 0 29 0
99 0 7 1
24 0 68 1
42 1 52 1
26 0 20 1
7 1 70 1
11 0 24 0
65 0 7 0
2 0 70 1
69 0 32 0
11 1 43 1
21 0 63 0
76 0 57 1
85 1 29 1
23 1 70 1
96 0 12 1
38 1 5 1
92 0 77 1
46 1 36 1
34 0 78 1
53 1 80 1
90 1 1 1
65 1 85 1
63 1 45 1
88 0 65 1
97 0 86 1
32 1 76 1
67 0 81 1
78 0 35 1
78 0 57 0
1 0 17 1
83 1 71 1
34 0 15 0
74 0 42 1
75 1 8 1
49 1 39 1
93 1 18 1
100 0 54 1
49 1 78 1
25 0 43 1
12 0 90 1
53 0 41 1
54 0 21 1
21 1 14 1
98 0 25 1
11 0 12 1
17 1 58 1
57 0 26 1
86 0 72 0
68 0 96 1
54 1 22 0
54 0 1 0
22 1 18 1
71 0 56 0
9 0 46 1
62 1 42 1
65 0 94 0
49 0 52 1
3 0 38 1
94 0 43 1
99 0 89 1
94 0 12 0
18 0 41 1
13 1 79 1
15 0 8 0
11 1 99 1
85 0 99 0
93 0 53 1
44 0 37 0
84 0 57 1
44 0 81 1
10 0 76 1
56 0 35 1
25 0 28 1
38 0 24 0
26 1 64 1
38 0 96 1
33 1 50 1
84 0 66 0
27 0 30 1
5 0 51 1
69 0 60 1
1 0 45 1
36 0 61 1
82 0 59 0
11 0 92 0
78 1 74 1
5 0 81 1
16 1 38 1
90 0 50 1
4 1 37 1
93 0 51 1
75 0 35 0
42 0 89 1
78 0 76 1
98 0 65 1
85 0 86 1
87 0 29 1
76 0 69 1
48 1 90 1
92 0 60 1
87 0 56 1
64 0 13 1
88 1 1 1
36 0 63 1
35 0 6 0
99 0 41 1
9 1 87 1
15 0 12 1
57 0 80 1
12 0 95 0
95 0 69 1
17 1 20 1
53 0 99 0
55 0 91 1
7 0 39 0
49 0 41 0
99 1 44 1
83 1 27 1
22 0 98 1
92 0 31 1
32 0 74 0
53 0 96 1
11 0 81 1
75 0 77 1
81 0 74 1
33 0 81 0
20 1 91 1
59 0 49 1
61 1 47 1
68 1 78 1
51 1 17 1
53 0 33 1
79 0 40 1
26 0 12 0
20 0 36 0
94 1 24 1
1 1 87 1
29 1 43 1
56 1 12 1
8 1 29 1
69 0 48 0
33 0 54 1
50 0 52 0
53 0 32 0
6 0 48 0
48 0 88 1
3 0 62 1
47 0 85 0
8 0 2 1
60 0 44 0
7 1 30 1
67 0 17 1
15 0 61 1
95 0 88 1
76 0 47 0
94 0 37 1
99 0 49 1
45 0 58 1
29 0 35 1
7 0 65 0
77 1 81 1
32 1 99 1
65 1 75 1
26 0 63 1
43 0 97 1
60 0 81 1
52 1 12 0
99 0 43 1
6 0 12 1
21 1 15 1
77 1 1 1
22 0 57 0
94 1 21 1
72 0 22 1
71 0 87 0
19 0 94 1
42 1 83 1
82 0 49 1
49 1 37 1
22 0 75 1
72 1 84 1
25 0 45 0
26 0 91 1
53 0 83 1
34 0 25 1
71 0 13 1
71 0 35 1
49 0 61 1
27 0 81 1
14 0 78 1
85 0 50 1
2 1 41 1
77 1 37 1
3 0 40 1
17 1 43 0
60 0 23 1
59 1 82 1
73 1 9 1
7 1 22 1
83 0 64 0
58 0 10 1
65 1 94 1
96 0 56 0
57 0 76 1
22 0 81 1
32 0 59 0
91 0 16 1
90 1 67 1
67 0 57 1
19 0 16 0
3 0 98 0
55 0 58 1
79 0 80 1
36 0 19 1
2 0 65 1
77 0 75 0
87 0 25 1
10 0 90 0
25 1 84 1
40 1 57 0
25 0 58 1
11 1 100 1
9 0 96 1
14 0 13 1
2 1 39 0
3 0 77 1
55 0 71 1
32 0 17 0
50 0 12 1
5 0 54 1
65 0 90 1
24 0 10 0
3 1 64 1
70 0 95 1
50 0 37 0
53 0 32 0
88 0 27 0
51 1 7 1
87 0 15 1
95 1 57 1
19 1 76 1
79 0 28 1
9 0 84 0
52 0 89 1
24 0 70 0
88 0 79 1
97 0 80 0
57 0 5 1
48 1 57 1
18 0 26 1
53 0 34 1
4 1 24 1
76 0 19 1
50 0 35 0
56 1 29 1
86 0 21 0
96 0 25 0
97 0 87 1
26 0 30 1
7 0 68 1
86 1 50 1
72 0 68 1
96 1 79 1
92 0 52 1
90 0 61 1
17 0 98 0
11 0 31 1
83 1 72 1
96 0 62 1
2 0 90 0
71 0 27 1
39 0 21 1
94 1 21 1
70 0 53 1
41 0 21 1
57 0 63 1
81 0 13 0
65 0 56 0
32 0 77 0
12 0 7 1
55 0 75 1
47 0 12 1
85 0 83 1
50 0 79 0
42 1 74 1
70 0 47 1
27 0 62 1
23 0 12 1
25 1 37 1
5 0 77 1
82 0 87 0
32 1 71 1
17 0 80 0
86 0 74 0
16 0 31 1
18 0 54 1
32 0 96 1
66 0 31 1
43 0 56 0
51 0 92 1
10 0 91 1
43 0 69 1
94 0 11 1
54 0 31 0
78 0 83 1
88 1 25 1
5 0 46 1
94 0 32 0
55 0 97 1
32 0 86 0
51 0 72 0
61 0 68 1
37 0 19 1
77 0 83 0
94 0 81 0
15 0 1 0
82 0 14 1
90 0 95 1
97 1 83 1
50 0 98 0
24 0 10 1
80 0 25 1
64 1 72 1
97 0 31 0
61 0 6 0
41 0 44 1
95 0 60 1
17 0 26 1
99 0 35 1
36 1 87 1
16 0 32 1
62 0 65 1
69 0 86 0
49 0 52 1
4 1 41 1
35 0 40 1
33 0 7 0
44 0 52 1
2 1 45 1
65 0 62 1
76 0 40 1
61 1 16 1
9 0 31 1
29 1 55 1
71 0 79 1
98 0 75 1
34 1 62 1
16 0 10 0
20 1 33 1
31 1 66 1
30 1 68 1
38 0 81 1
51 1 62 1
63 0 87 1
56 0 36 1
6 1 22 1
13 0 53 1
8 0 84 0
77 0 99 1
33 1 10 1
94 0 47 0
56 0 76 1
92 0 97 1
4 0 26 1
2 1 89 1
84 0 28 1
34 1 32 1
44 0 89 1
8 0 25 1
90 0 91 1
1 0 69 1
89 0 10 0
51 0 35 0
4 0 60 0
38 1 37 1
30 1 85 1
25 1 93 1
7 0 76 0
59 0 57 1
13 1 9 1
10 0 21 1
98 0 59 0
28 0 45 0
84 0 75 1
68 0 29 1
21 1 23 1
39 1 57 1
37 0 12 0
9 1 72 1
87 0 12 0
87 0 51 1
21 0 38 0
68 1 53 1
24 0 58 0
60 0 2 1
99 1 67 1
6 0 49 0
79 0 63 1
78 0 77 1
76 0 11 0
10 0 42 1
94 1 92 0
54 0 76 0
100 0 75 1
93 1 8 1
82 0 92 0
88 0 80 1
14 0 36 1
18 0 61 1
42 0 50 0
99 0 57 0
11 0 58 1
9 0 22 1
55 0 7 1
91 1 1 1
54 0 63 0
88 0 24 0
22 0 30 1
16 0 32 1
18 0 35 1
58 1 9 1
88 0 37 0
96 0 71 1
62 1 15 1
47 0 35 0
89 0 35 0
94 0 32 1
48 0 79 1
87 0 53 1
81 1 42 1
96 0 33 1
71 0 49 1
39 0 21 1
74 0 57 1
71 1 44 1
95 0 31 1
31 0 10 0
38 0 13 1
39 0 21 1
44 0 26 1
97 1 26 1
17 0 55 0
21 1 71 1
55 0 7 1
65 0 46 1
62 0 27 0
17 0 80 1
90 1 48 1
79 0 98 1
75 0 43 0
95 0 48 0
69 0 78 0
51 0 19 0
13 1 31 1
67 0 30 1
51 0 50 0
81 1 72 0
47 1 67 1
17 0 90 0
49 0 77 1
86 0 32 0
67 0 32 1
43 0 29 1
91 0 64 0
89 0 36 1
69 0 80 0
25 1 48 1
69 0 75 0
9 0 35 1
54 0 67 1
5 0 92 0
92 0 57 1
72 0 6 1
49 1 85 1
67 0 17 1
57 0 70 1
36 0 72 1
14 0 22 0
19 0 51 0
9 0 45 0
49 0 82 1
78 0 53 1
32 1 71 1
82 0 46 1
62 1 40 1
15 0 81 1
12 0 17 1
63 1 93 1
25 0 33 1
16 0 75 1
46 1 74 1
51 1 15 1
52 0 3 1
89 0 23 0
64 0 53 1
31 1 70 1
26 1 83 1
53 1 10 1
99 0 43 1
94 0 50 0
23 0 78 1
7 1 62 1
68 0 60 0
62 1 85 1
72 1 29 1
99 0 26 1
14 0 75 1
66 0 96 1
99 0 3 1
37 0 16 1
55 0 41 1
89 0 26 1
17 0 20 1
70 0 21 1
56 0 70 1
86 1 91 1
62 1 68 1
95 0 12 0
53 1 69 1
94 1 1 1
70 0 76 1
26 0 30 1
29 0 10 1
81 0 38 0
13 0 96 0
5 0 37 1
75 0 1 0
88 0 54 1
100 0 97 1
95 0 55 0
52 0 80 0
31 0 38 0
68 1 39 1
66 0 63 1
85 0 65 1
51 0 45 1
5 0 9 1
75 0 9 1
88 0 22 1
38 0 65 1
39 0 29 1
88 0 81 1
84 0 67 1
1 0 51 1
55 0 43 0
21 1 3 1
82 0 12 0
5 0 89 1
96 0 19 1
23 1 28 1
15 0 64 0
100 0 21 1
63 0 47 0
64 0 78 1
10 0 98 0
39 0 4 1
94 1 12 1
59 0 64 0
53 1 18 0
18 0 2 1
14 0 23 1
49 0 34 1
90 0 3 1
64 0 5 1
42 0 39 1
45 1 85 1
99 0 36 1
71 0 76 1
48 0 50 1
4 0 79 0
85 0 79 1
27 1 29 1
89 1 72 0
65 0 100 0
6 0 51 1
13 1 92 0
98 0 50 1
85 0 90 1
15 0 72 0
17 0 52 0
54 0 92 0
56 0 40 1
4 0 38 1
95 0 18 0
85 0 37 0
10 0 2 1
85 0 25 1
58 0 19 1
75 0 14 0
55 0 54 1
6 1 48 1
17 0 15 1
64 0 62 1
29 0 77 1
26 1 11 1
90 0 98 1
59 1 48 1
47 0 60 1
62 1 86 1
95 0 38 1
3 0 94 1
2 0 42 0
60 1 58 1
46 1 27 1
4 0 37 1
51 0 40 0
74 0 92 1
97 0 21 0
89 1 77 1
47 1 88 1
84 0 5 1
43 0 38 1
3 1 38 1
39 0 35 1
44 0 10 1
60 0 66 1
63 0 18 0
13 0 18 1
37 0 44 1
5 0 51 1
88 0 50 1
35 1 3 1
44 0 80 0
35 0 12 1
31 1 97 1
80 0 98 1
76 1 31 1
42 0 38 1
8 0 65 1
66 0 61 1
72 1 56 1
95 0 99 0
44 1 82 1
97 0 46 1
64 1 87 1
9 0 69 1
62 1 57 1
3 0 75 1
19 1 1 1
60 0 35 1
83 0 84 0
94 1 48 1
35 0 38 0
92 0 6 1
95 0 16 1
37 0 61 1
65 0 28 1
71 0 10 1
65 1 76 1
58 0 50 1
32 1 90 1
27 0 16 0
38 0 40 1
64 0 8 1
31 0 50 1
69 0 58 0
98 0 75 1
59 0 19 1
15 0 43 0
73 0 57 1
81 1 40 1
48 0 38 1
71 0 74 1
69 1 17 1
46 1 59 1
19 1 74 1
8 0 54 1
69 1 80 1
4 0 41 1
4 0 40 1
65 1 72 1
73 0 2 1
76 1 1 1
41 0 100 1
37 0 38 1
60 0 13 1
1 0 44 0
76 0 6 1
76 1 98 1
28 0 76 0
41 0 26 1
53 1 41 1
11 0 97 1
24 0 40 1
56 0 30 1
74 0 55 0
16 0 80 0
84 0 67 1
44 0 14 1
89 0 85 0
81 0 12 1
83 0 72 0
97 0 15 1
18 0 72 0
87 0 36 1
36 0 89 1
48 0 46 1
37 0 6 1
100 0 17 1
8 0 5 1
99 0 14 1
5 0 51 1
11 0 52 1
36 1 16 1
33 1 48 0
98 0 63 1
2 1 40 1
67 1 80 1
95 0 87 1
30 1 98 1
29 0 17 1
2 0 15 0
52 0 15 0
80 0 93 1
77 1 42 1
87 0 70 1
71 0 74 1
77 1 5 1
71 0 34 1
95 0 14 1
95 0 52 1
60 0 4 1
24 0 54 1
36 0 64 1
9 0 77 1
78 0 60 0
33 0 29 1
41 0 68 1
100 0 81 1
96 0 6 0
59 0 17 1
78 0 97 1
62 0 96 1
1 0 63 1
35 0 55 1
99 0 33 1
73 0 11 0
18 0 45 1
59 0 26 1
93 0 21 1
4 0 94 1
59 0 68 1
2 1 59 1
10 0 98 1
92 0 36 1
12 0 23 1
64 0 49 1
8 1 84 1
70 0 30 1
20 1 77 1
58 0 35 1
51 0 74 0
70 1 43 1
99 0 91 1
99 0 27 1
54 0 26 1
19 1 48 0
91 0 6 1
13 0 26 1
100 0 14 1
76 0 23 0
33 0 58 1
54 0 30 1
59 0 91 1
42 0 52 0
61 0 97 0
72 0 15 1
21 0 45 0
85 1 43 1
33 0 36 0
69 0 32 1
79 1 73 1
1 0 68 1
83 0 87 0
4 0 29 1
29 0 65 1
77 0 16 0
7 1 33 1
15 0 60 0
9 1 3 1
27 0 57 1
52 0 71 1
29 0 51 1
57 1 1 1
34 0 30 0
42 0 12 1
9 0 96 1
55 0 73 1
50 0 97 1
20 1 86 1
9 0 14 1
42 1 57 1
55 0 6 1
6 0 96 0
77 1 86 1
32 1 83 1
60 0 54 1
31 1 53 1
67 0 61 1
22 0 82 1
91 0 69 1
4 0 10 1
88 1 96 1
26 0 91 1
64 0 96 1
59 0 51 1
65 0 79 1
12 0 58 1
55 0 58 1
28 0 95 1
77 0 29 1
100 0 32 1
56 0 92 0
78 1 39 1
34 1 78 1
24 0 17 1
13 0 60 0
48 0 34 1
73 0 39 1
71 0 96 1
15 0 71 0
89 1 45 1
8 0 81 1
38 0 50 1
92 0 40 1
49 0 76 1
42 0 97 0
17 1 30 1
83 0 49 0
98 0 50 1
41 0 31 1
96 0 25 1
49 1 25 1
68 0 94 0
62 0 77 0
43 0 49 1
81 1 26 1
54 0 56 0
31 0 97 0
48 0 35 1
31 1 84 0
70 0 58 1
38 0 2 1
53 0 31 0
21 0 23 0
81 0 75 1
78 0 7 1
1 1 71 1
58 0 48 0
94 0 32 0
51 0 85 1
10 1 59 1
92 0 76 1
29 0 63 1
90 0 54 1
90 1 95 1
9 0 19 1
65 0 74 0
60 0 66 0
96 0 94 1
65 1 31 1
72 0 35 1
98 0 96 1
81 1 37 0
15 0 68 1
64 0 86 1
56 0 92 0
19 0 85 1
59 0 5 1
34 1 54 1
71 0 97 1
73 0 32 1
37 0 58 1
36 0 81 1
31 1 3 1
45 0 58 0
67 0 38 1
79 1 29 1
8 1 93 1
21 0 48 0
100 0 53 1
66 0 81 1
8 0 31 1
63 0 5 1
19 0 61 1
30 0 64 0
45 0 11 1
21 1 32 1
34 0 36 0
21 0 1 1
100 0 45 1
99 0 78 1
1 0 96 1
35 0 29 0
99 0 24 1
2 1 95 1
29 0 90 1
82 0 38 1
97 1 78 1
37 0 71 1
55 0 19 1
78 1 88 1
19 1 74 1
30 0 4 1
7 1 89 1
86 0 23 1
85 0 42 1
56 1 90 1
72 0 79 1
79 0 96 0
18 0 44 1
55 1 39 1
88 0 30 1
59 0 54 1
96 0 84 1
80 0 92 1
50 0 7 1
5 1 18 1
25 0 55 0
70 0 37 1
84 0 51 1
92 0 32 1
54 0 70 0
33 0 75 0
5 0 20 1
81 0 46 1
46 0 60 0
92 0 7 1
30 1 39 0
8 0 55 1
33 1 60 1
52 1 20 1
2 1 79 1
84 0 77 1
71 0 62 1
22 0 32 1
95 0 62 1
78 0 48 1
17 1 77 1
21 0 94 1
25 1 74 1
20 1 6 1
64 0 52 1
62 0 78 0
93 1 56 1
81 1 4 1
91 1 49 1
54 0 26 1
30 1 87 0
58 0 79 1
27 0 36 1
13 0 82 1
18 1 67 1
92 0 3 1
57 0 16 1
11 0 51 1
18 0 20 1
66 0 57 1
30 0 79 1
60 0 6 1
96 0 100 1
93 1 27 1
88 0 8 0
30 1 93 1
23 0 66 1
9 0 46 1
22 0 32 1
17 1 27 1
49 1 45 1
85 0 73 1
62 0 16 0
31 0 77 0
55 0 47 1
43 0 38 1
8 0 65 1
4 0 44 0
39 0 44 0
7 1 47 1
15 0 100 1
95 0 51 1
8 0 40 1
52 1 38 1
7 0 78 0
37 1 90 1
91 0 17 1
21 1 32 1
43 0 85 1
53 0 90 1
97 0 21 1
64 0 88 1
31 1 55 1
93 0 3 1
7 0 72 1
84 0 73 1
89 0 31 0
9 0 63 1
20 0 53 1
90 0 39 0
5 0 8 1
27 1 93 1
15 0 5 1
10 0 91 1
13 0 12 0
89 0 50 0
19 0 77 1
61 0 12 0
16 0 82 0
71 0 27 1
79 0 96 1
45 0 21 1
54 1 37 1
97 0 99 0
58 1 39 1
93 1 60 1
27 0 36 1
100 1 92 1
91 1 44 1
64 0 43 1
94 1 44 0
40 0 44 1
67 0 72 1
70 0 42 1
93 0 66 1
30 1 16 1
56 0 2 1
91 0 66 1
50 0 27 1
68 0 75 0
97 1 33 1
56 0 24 1
67 0 15 1
23 0 49 0
92 0 79 1
35 0 17 1
46 0 92 0
99 0 89 1
67 0 43 1
97 0 52 1
56 0 17 1
27 0 64 1
18 0 83 1
97 0 59 1
13 0 50 0
7 0 25 0
29 0 39 0
86 1 24 1
92 0 52 1
19 0 75 1
5 0 71 1
64 0 23 1
86 0 25 1
7 1 76 1
3 0 55 1
2 0 9 0
95 1 39 1
75 0 96 0
77 1 55 1
28 0 72 0
67 0 47 1
95 0 17 1
23 1 15 1
32 1 12 1
22 0 100 0
37 0 32 1
85 1 100 1
96 0 12 1
43 0 5 1
39 0 72 1
27 0 89 1
7 1 30 1
38 0 4 1
49 1 91 1
83 0 60 1
28 0 77 1
85 0 18 1
40 0 71 0
67 0 27 1
23 0 97 1
83 0 91 1
36 1 93 1
53 0 98 1
80 0 94 1
69 0 95 0
45 0 26 1
51 0 85 0
16 0 47 1
29 0 18 0
8 0 7 1
60 0 44 0
2 0 99 0
36 1 78 1
37 0 73 1
72 0 18 1
5 1 67 1
82 0 42 1
81 0 47 0
95 0 43 1
76 0 3 1
57 0 74 1
30 1 81 1
22 0 11 1
54 0 69 0
48 0 41 1
15 1 11 1
74 0 80 1
79 0 26 1
99 0 82 1
67 1 66 1
70 0 85 1
79 0 6 0
37 0 11 1
20 0 44 1
44 0 48 0
9 0 48 0
67 0 65 1
12 0 60 1
66 0 5 1
6 1 10 1
70 0 69 1
66 0 36 1
14 0 70 1
90 0 6 1
27 0 11 1
65 0 22 0
72 0 5 1
81 1 22 1
63 1 19 1
34 0 77 1
37 0 34 1
15 1 41 1
33 1 35 1
48 0 44 0
63 1 36 1
44 0 24 1
12 0 24 1
79 1 6 1
94 1 65 1
24 0 39 0
51 0 76 0
38 0 6 1
97 0 77 0
99 0 46 1
26 1 55 1
21 0 26 1
17 0 62 0
27 1 1 1
62 0 48 1
56 0 68 1
1 0 71 0
17 0 79 1
2 0 97 1
87 1 67 1
7 0 72 1
11 0 12 1
34 0 11 0
59 0 36 1
31 0 27 0
80 0 34 1
77 0 70 1
50 1 90 0
98 0 47 1
79 0 46 1
93 0 73 1
96 1 74 1
53 0 83 1
55 0 34 1
94 1 9 1
68 0 98 0
1 0 47 1
23 0 8 0
66 0 78 1
5 0 96 1
88 0 11 0
72 0 26 1
29 0 31 1
39 0 52 1
29 0 58 1
51 0 25 0
15 0 82 0
10 0 54 1
14 0 79 1
92 1 99 1
34 0 91 1
65 0 58 1
56 0 44 1
100 0 46 1
12 0 42 1
12 0 43 1
79 0 61 1
41 1 70 1
81 0 9 0
60 0 71 1
60 0 4 1
24 0 94 1
66 0 41 1
7 0 77 0
43 0 17 1
28 0 25 1
92 0 19 1
52 0 45 1
8 0 60 0
26 0 86 1
87 0 12 0
41 0 98 0
6 0 22 1
41 0 58 1
58 0 90 1
20 0 55 0
2 1 12 1
90 0 98 1
75 0 42 1
53 0 15 0
36 1 49 1
29 0 53 1
98 0 41 1
36 0 39 0
3 0 48 1
30 0 71 1
50 0 35 1
86 0 48 1
93 0 27 0
55 0 53 1
49 0 17 1
7 0 52 0
12 0 4 1
82 0 5 1
82 0 51 1
42 1 93 1
59 0 90 1
81 1 95 1
22 0 77 1
29 0 39 0
79 0 5 0
5 0 76 1
8 0 61 1
92 0 50 1
55 0 14 1
48 0 47 1
56 0 45 1
66 0 20 1
71 0 90 1
84 0 76 1
56 0 2 1
42 0 64 0
8 0 3 1
64 0 7 1
73 0 99 0
11 1 87 1
80 0 91 1
94 1 20 1
83 0 61 1
74 0 87 1
73 1 37 1
86 0 97 1
40 0 50 1
12 0 50 1
12 0 7 1
96 0 100 0
87 0 9 1
98 0 78 1
70 0 16 1
93 0 56 0
75 0 70 1
2 0 60 0
55 0 50 1
70 1 16 1
95 0 26 1
26 0 34 1
26 0 72 0
42 0 15 1
83 0 99 1
91 0 88 0
1 0 36 1
54 1 23 1
51 1 87 1
62 0 33 0
71 0 88 1
99 0 34 1
72 0 10 1
38 0 13 1
23 1 92 1
67 0 44 1
23 0 1 0
56 0 23 1
40 0 28 0
48 0 26 1
60 1 39 1
14 0 46 1
73 1 6 1
68 1 26 1
67 0 62 1
41 1 55 1
25 1 66 1
49 0 41 1
35 0 56 1
77 0 100 1
82 0 96 1
57 0 80 0
45 0 17 1
92 0 37 0
56 0 15 1
34 0 18 1
54 0 97 1
46 0 50 1
64 0 15 1
61 0 32 1
37 0 20 1
82 0 97 1
92 0 25 1
80 0 76 1
50 1 14 1
65 0 85 0
51 0 90 0
18 0 6 1
10 0 14 0
25 0 84 0
79 1 12 1
74 1 24 1
20 1 92 1
11 1 5 1
79 0 20 1
76 0 40 1
71 0 91 1
9 0 22 1
49 1 59 1
96 0 16 0
18 0 52 1
57 0 23 1
20 0 45 0
66 0 39 1
50 0 89 0
14 0 65 1
95 1 71 1
53 1 56 1
83 1 41 1
34 1 76 1
86 0 80 1
32 0 38 1
72 0 21 1
35 0 8 1
91 0 90 1
42 0 89 0
93 0 54 1
20 0 79 1
53 1 8 1
56 0 25 1
90 0 87 0
90 0 53 1
10 0 69 1
13 0 19 0
1 0 63 1
43 0 76 1
22 0 38 1
89 1 15 1
33 0 61 1
71 0 6 1
84 0 88 1
88 0 29 1
30 1 93 1
78 0 33 1
86 1 80 0
6 0 37 1
63 1 26 1
39 0 74 1
13 0 55 0
77 1 90 0
10 0 11 1
24 0 49 1
12 0 34 1
10 0 62 1
68 0 19 0
16 0 100 1
88 0 19 1
10 1 16 1
60 0 39 1
55 0 23 1
33 1 13 1
50 0 4 0
70 1 38 1
9 0 63 1
16 0 77 1
73 1 75 1
77 0 34 1
9 0 38 0
29 0 36 1
68 0 2 0
26 0 77 1
73 0 26 1
87 0 58 1
31 1 55 0
27 0 32 1
42 1 50 1
79 0 87 0
18 0 89 1
100 0 74 1
19 0 26 1
21 0 23 1
30 0 70 1
22 0 69 1
58 0 13 1
72 0 28 1
65 1 70 1
48 0 12 1
13 0 59 1
93 1 58 1
82 0 14 1
67 0 69 1
35 0 85 1
13 1 56 0
20 0 10 0
71 0 22 1
21 1 79 1
100 0 4 1
97 0 90 1
20 0 70 0
74 1 39 1
1 0 15 1
22 0 88 1
37 0 1 0
97 1 75 1
82 0 74 1
65 0 5 0
58 0 81 1
52 1 42 1
60 0 19 1
78 0 65 1
47 0 2 1
31 1 92 1
91 0 6 0
28 0 31 1
53 0 55 0
57 0 16 1
85 0 66 0
30 0 63 1
42 1 18 1
53 0 47 0
72 1 64 1
65 0 83 1
56 0 32 1
46 0 64 1
62 1 51 1
50 1 88 1
25 1 26 1
41 0 11 0
38 0 80 0
98 0 23 1
70 1 39 1
50 0 21 1
27 0 24 0
34 0 99 0
1 0 79 1
46 0 37 0
41 0 34 1
14 0 71 1
66 0 60 1
25 0 62 1
28 1 37 1
92 0 9 1
16 0 48 1
29 0 12 0
74 0 51 1
27 0 96 1
43 1 72 1
14 0 100 0
5 0 84 1
40 0 33 1
56 0 65 1
1 0 53 1
14 1 71 1
96 0 18 1
52 1 17 1
73 0 10 0
76 0 46 1
72 0 63 1
39 0 21 1
80 0 21 1
9 0 33 1
56 0 32 1
19 1 63 1
58 0 83 1
2 1 64 0
46 0 12 1
1 0 60 1
93 0 77 1
54 0 56 0
30 0 19 0
64 0 53 1
48 0 41 1
90 1 95 1
45 1 80 1
75 0 61 1
7 0 23 0
80 0 86 1
93 0 81 1
32 0 46 1
22 0 4 1
70 0 65 1
87 0 98 1
86 0 59 0
71 0 39 0
65 1 99 1
49 1 58 1
58 0 62 1
70 1 18 1
60 0 88 1
29 0 52 1
89 0 21 1
49 1 9 1
99 0 28 1
48 0 24 1
10 0 98 0
16 0 23 1
39 0 95 0
94 1 65 1
86 1 5 1
19 1 36 1
54 1 34 1
62 1 57 1
79 1 93 1
68 1 94 1
27 0 18 0
6 0 39 0
1 0 79 1
84 0 86 1
20 1 99 0
94 0 19 1
33 1 78 1
60 0 95 1
54 1 23 1
74 0 21 1
5 0 80 1
90 0 27 1
32 0 67 0
55 0 40 1
68 1 80 1
48 0 79 1
74 0 50 1
52 1 69 1
68 0 83 0
64 0 92 0
73 0 66 1
42 1 87 0
50 0 52 1
42 1 99 0
19 0 95 0
90 0 91 1
62 0 11 1
44 0 19 1
71 0 48 1
19 0 40 0
16 0 10 1
26 0 18 1
87 0 24 1
82 0 85 1
25 0 80 1
12 1 18 1
38 1 18 1
18 0 40 1
99 0 21 1
84 0 40 1
27 1 56 1
43 0 93 1
98 0 60 0
35 0 98 0
17 1 69 1
52 0 9 1
39 0 70 1
90 0 41 1
7 0 63 1
32 0 77 1
90 0 45 1
34 0 88 0
94 1 53 1
38 0 10 0
37 0 86 1
89 0 99 0
37 0 43 1
10 0 21 1
6 0 94 1
45 0 32 1
81 0 1 0
63 1 29 0
70 0 28 1
14 1 84 1
81 0 94 1
6 0 66 1
34 0 46 0
17 1 25 1
95 0 98 1
44 0 39 0
43 0 13 1
99 0 81 1
42 0 51 1
23 0 2 0
77 1 82 0
51 0 1 1
12 0 10 1
14 0 77 1
21 0 96 1
32 1 91 1
60 0 46 1
91 0 22 0
64 0 14 1
55 0 52 1
68 0 83 1
31 0 96 1
9 0 19 1
55 0 6 1
92 0 8 1
84 0 44 1
15 1 8 1
75 0 33 1
90 0 99 1
21 1 96 1
93 0 47 1
9 0 91 1
76 0 29 1
91 0 80 0
90 0 48 0
98 0 66 1
79 1 71 1
60 0 90 1
45 0 11 1
44 0 43 1
15 1 90 1
7 0 98 0
27 0 60 0
90 0 35 1
51 0 86 1
33 0 22 1
21 1 64 0
83 1 29 1
12 0 65 1
71 0 25 1
88 0 86 1
40 1 56 0
90 0 26 1
86 0 19 0
13 0 10 0
58 0 26 1
62 0 67 1
95 0 14 1
47 0 14 1
15 0 89 1
64 0 79 1
80 0 59 1
82 0 95 0
85 0 83 1
41 0 67 1
16 0 80 0
31 0 54 0
57 1 99 1
19 0 42 0
30 1 54 1
54 1 29 0
62 1 60 1
81 1 59 1
83 0 65 1
2 1 81 1
39 0 41 1
10 0 46 1
73 0 69 1
66 1 39 1
76 0 54 0
38 1 10 1
79 0 9 1
6 0 34 1
69 1 28 1
22 0 21 1
80 0 64 1
35 0 11 1
53 1 86 1
74 0 7 1
79 0 49 0
55 1 99 1
88 0 67 1
38 0 52 1
80 0 41 1
54 0 78 0
20 0 23 1
95 0 93 1
26 1 100 1
84 0 37 1
34 0 36 0
67 0 70 1
46 0 97 1
84 0 2 1
34 1 72 1
12 0 63 1
55 0 91 1
87 0 32 1
59 0 51 1
44 1 100 1
15 0 14 0
65 1 49 1
54 1 5 1
53 1 89 1
3 0 34 1
46 0 65 1
11 0 74 0
77 0 83 0
16 0 31 1
4 1 80 1
8 1 70 1
90 0 83 1
51 0 85 1
31 0 38 1
92 0 74 1
77 0 79 0
63 0 69 1
86 0 76 1
59 0 6 1
24 0 75 1
57 0 12 1
16 0 65 1
59 1 22 1
1 1 84 1
69 0 87 0
44 0 82 0
49 0 70 0
92 0 93 1
96 1 43 1
79 0 26 1
40 0 89 1
82 0 97 1
91 0 15 1
78 0 99 0
89 1 54 1
14 0 2 1
36 0 41 0
20 1 64 0
20 0 52 1
21 1 69 1
12 0 56 1
84 0 40 1
87 0 6 1
32 0 71 1
89 0 51 1
48 0 36 1
32 0 98 0
78 0 94 1
21 0 24 1
42 0 11 0
35 0 94 1
48 0 91 1
85 1 38 1
97 0 44 0
60 0 19 1
90 0 79 1
30 0 45 0
39 0 32 1
20 1 25 1
61 0 75 0
56 0 68 1
68 1 63 1
95 0 98 1
23 0 95 0
80 0 44 0
80 0 64 1
18 0 24 1
54 0 76 0
88 0 76 1
69 0 37 0
77 0 85 0
89 1 28 1
3 1 48 1
4 0 61 1
5 0 75 1
63 1 21 1
89 1 88 1
95 0 61 1
59 0 19 1
41 0 30 1
9 0 2 1
51 0 27 1
66 0 35 1
16 1 9 1
84 0 42 1
43 0 91 1
52 0 15 1
33 1 37 1
90 1 44 1
15 0 54 1
29 0 46 1
98 0 40 1
74 0 54 1
99 1 59 1
69 0 98 1
14 0 57 1
93 0 95 0
98 0 77 1
31 0 12 0
44 0 32 1
9 1 44 1
92 0 6 1
65 0 71 1
9 0 82 0
1 0 4 1
48 0 52 1
24 0 58 1
75 0 34 1
2 1 36 1
13 1 74 1
75 0 99 0
53 0 19 0
17 0 14 0
26 0 22 1
60 0 43 0
92 0 45 1
77 1 24 1
66 0 88 1
34 1 30 1
5 1 95 1
43 0 85 1
71 0 34 1
71 0 89 1
75 0 89 1
3 0 13 1
79 0 63 1
2 1 95 0
38 1 100 1
27 0 31 1
70 0 16 1
55 0 32 1
40 0 85 0
7 0 21 1
46 0 50 1
44 0 78 1
9 0 92 1
88 0 15 0
78 1 71 1
28 1 22 1
75 1 48 1
63 1 41 1
3 0 45 0
30 1 56 0
76 1 39 1
80 0 63 1
38 0 58 0
2 0 43 1
96 0 100 0
82 0 87 1
80 0 8 1
95 0 84 0
4 0 1 1
12 0 47 1
1 0 43 0
63 0 38 1
17 0 49 0
19 0 34 1
90 1 12 1
9 0 1 1
35 0 45 1
48 0 36 1
29 1 1 1
15 0 78 0
70 0 72 0
44 0 86 1
36 0 40 1
94 0 81 1
69 0 76 1
3 0 77 1
61 0 67 1
45 0 74 0
50 1 65 1
52 1 80 0
36 1 27 1
61 0 82 0
65 1 68 1
60 0 10 0
19 0 26 0
29 0 62 1
76 0 23 0
51 1 87 0
66 0 14 1
96 1 78 1
35 0 21 1
70 0 91 1
67 0 6 1
59 0 86 1
55 1 92 1
63 1 70 1
39 0 77 1
39 0 23 1
68 0 38 0
87 0 1 1
5 0 92 0
21 1 84 0
59 0 15 1
33 1 68 1
56 0 23 1
89 1 96 1
100 0 30 1
74 0 88 1
60 0 56 1
60 0 35 1
38 0 13 1
67 0 13 1
55 1 44 1
59 0 73 1
18 0 16 1
27 0 43 1
16 0 88 1
32 0 26 0
10 0 56 0
61 0 43 0
50 1 2 1
74 0 30 1
82 0 93 1
15 0 1 1
82 0 9 1
67 0 40 1
39 0 94 1
13 0 88 1
57 0 71 0
13 0 79 1
50 1 71 1
77 1 100 0
52 0 16 0
42 1 43 1
94 1 3 1
89 1 82 1
5 0 43 0
45 0 39 0
92 1 99 1
97 1 48 1
12 0 86 1
18 1 99 1
93 0 91 1
84 0 65 1
60 0 46 1
54 1 6 1
29 1 12 1
9 1 98 1
51 1 40 1
15 0 84 1
8 0 64 1
31 1 26 1
81 0 72 0
82 0 45 1
42 0 14 1
43 0 41 1
70 0 9 1
31 0 5 1
98 0 75 1
61 0 11 1
19 0 96 0
44 0 72 0
93 0 56 0
40 0 52 1
43 0 38 1
46 0 65 1
13 0 1 1
78 1 26 1
33 0 73 1
72 0 28 1
24 0 18 1
55 0 31 1
67 0 17 1
33 0 83 0
60 0 9 0
74 0 51 1
20 0 75 0
74 0 62 1
100 0 61 1
33 1 55 0
59 0 94 1
74 0 22 1
64 0 7 1
44 0 19 1
33 0 88 0
35 0 79 0
55 1 71 1
36 0 32 1
66 0 16 1
15 1 80 1
37 0 61 1
4 0 19 1
10 0 69 1
9 0 73 1
32 0 69 1
96 1 91 1
64 0 2 1
86 0 23 1
74 0 5 1
84 0 98 1
8 0 15 1
7 1 42 1
8 0 48 1
52 1 47 1
19 0 88 0
29 0 41 1
53 0 74 0
29 0 4 1
69 0 38 1
93 0 15 1
52 1 83 1
24 0 43 0
77 0 85 1
98 1 43 1
56 0 51 1
24 0 55 1
40 0 74 1
22 0 98 1
19 0 18 1
70 0 35 1
92 0 94 1
53 1 25 1
33 0 95 1
26 1 98 1
14 0 13 1
76 0 5 1
24 0 84 0
32 0 87 1
37 1 55 1
49 1 48 1
56 0 81 1
56 0 98 1
75 0 16 1
91 0 60 0
69 1 80 1
9 0 85 0
92 0 85 1
20 0 24 0
58 0 49 1
44 0 16 1
14 0 11 1
93 0 46 1
54 0 86 1
33 0 56 1
61 0 5 0
91 0 77 1
70 0 30 1
33 0 83 1
60 0 65 1
7 1 60 1
55 0 51 1
69 0 55 1
18 0 60 1
84 0 51 1
82 0 85 1
12 0 65 1
64 1 95 1
53 0 94 1
9 1 95 1
68 0 4 1
54 0 35 0
37 0 45 1
25 0 78 0
97 1 72 0
99 0 20 1
36 0 65 1
5 1 59 1
59 0 79 1
26 1 58 1
83 1 36 1
52 0 56 0
4 0 73 0
76 1 96 1
61 0 69 1
64 0 16 1
55 0 61 1
56 0 1 1
99 0 28 1
70 0 3 0
69 0 35 0
52 1 61 1
72 0 23 1
72 0 23 1
27 0 50 1
69 0 3 0
59 0 87 0
44 0 94 1
64 0 27 1
90 0 86 1
23 0 82 0
57 0 17 1
19 0 38 1
37 1 90 1
63 0 15 0
55 0 14 1
50 0 73 1
47 1 39 1
65 0 59 1
86 1 15 1
98 0 46 1
64 0 100 1
9 0 47 1
27 1 74 1
58 0 19 1
27 1 10 1
55 0 42 1
65 1 99 0
49 1 71 1
89 0 38 1
9 1 45 1
33 0 88 0
15 0 19 1
91 0 46 1
20 0 30 1
75 1 84 1
39 0 55 1
59 0 79 1
61 0 37 0
19 0 46 1
8 0 46 1
57 0 15 1
68 0 11 0
38 0 13 1
71 0 96 1
9 1 90 1
10 1 43 1
46 0 39 1
5 0 68 1
50 1 64 0
99 0 48 1
93 0 76 1
96 0 85 0
47 0 15 0
85 1 18 1
32 1 75 1
7 1 13 1
68 0 97 1
87 0 24 1
67 0 33 1
86 1 45 1
33 0 17 0
13 0 89 0
11 0 24 1
11 0 71 0
70 0 66 1
96 0 45 1
32 0 95 1
42 1 24 1
51 0 89 0
83 1 92 1
86 0 14 1
69 0 23 0
74 0 21 1
66 0 55 0
19 0 41 0
52 1 66 1
90 0 14 1
41 0 12 0
37 0 86 1
63 0 30 0
30 0 79 1
39 0 38 1
76 0 88 0
8 0 90 0
38 1 60 1
15 0 17 1
14 1 38 1
88 0 81 1
76 1 29 0
32 0 37 1
82 0 98 1
3 1 99 1
20 0 11 1
7 0 47 0
59 0 82 0
87 0 41 1
40 0 25 0
40 0 54 1
62 0 26 0
77 0 13 0
5 1 55 1
43 1 87 1
31 0 92 1
9 0 51 1
47 0 6 0
80 0 43 1
88 0 78 0
59 0 91 1
98 0 70 1
93 1 92 1
92 0 90 0
78 0 16 0
10 0 69 1
69 0 86 1
59 0 76 1
44 0 35 1
68 0 11 0
33 1 69 1
25 0 35 1
56 0 47 1
46 0 100 0
12 0 41 1
37 0 92 0
33 0 85 1
60 0 88 1
86 0 50 1
8 0 80 1
10 0 95 0
76 0 91 0
90 0 92 1
8 0 73 1
40 0 90 1
21 0 35 1
71 1 84 1
91 0 7 1
99 1 39 1
75 0 62 1
28 0 42 0
76 0 8 1
32 0 3 1
73 0 66 1
23 1 58 1
19 1 73 1
64 0 66 1
98 0 12 0
50 1 53 1
29 0 86 1
2 1 90 0
61 0 60 0
42 1 87 1
16 0 46 1
84 0 28 1
28 1 27 1
62 1 92 1
88 0 38 0
51 1 57 1
46 0 29 1
24 1 16 1
33 0 14 1
41 0 78 1
84 0 19 1
100 0 13 1
4 0 64 1
79 0 91 1
72 0 43 1
43 0 41 1
5 0 44 1
4 0 82 1
63 1 8 1
91 0 43 1
31 0 18 1
79 0 51 1
10 1 82 1
100 0 43 0
66 0 23 1
66 0 80 0
13 1 64 1
80 1 43 1
28 0 53 0
39 0 81 1
69 0 60 1
79 0 37 1
43 0 89 1
25 1 27 1
97 0 9 1
64 1 18 1
28 1 1 1
1 0 3 1
73 0 42 1
20 0 78 0
8 0 46 1
61 1 53 1
56 0 9 1
82 1 84 1
95 0 17 1
27 0 83 1
3 0 17 1
31 1 75 1
30 0 98 1
76 0 94 0
86 0 36 1
49 0 48 1
98 0 21 1
65 0 15 1
34 1 46 1
73 0 2 1
96 0 90 1
53 0 94 1
97 1 92 0
28 0 17 0
84 0 11 1
84 0 25 1
94 0 38 0
72 0 70 1
92 0 40 1
50 0 25 0
3 0 50 1
36 0 65 1
9 0 23 1
92 0 9 1
1 0 97 1
29 1 100 1
90 0 80 0
74 1 70 1
28 1 84 0
52 0 80 0
98 0 48 1
78 0 28 1
43 0 22 1
37 0 44 0
20 0 71 0
51 0 77 1
59 0 77 1
86 1 36 1
6 0 69 1
80 0 70 1
28 1 36 1
40 0 5 0
24 0 23 1
3 0 80 1
53 1 42 1
44 0 9 1
39 0 98 1
98 0 66 1
77 0 1 0
14 0 10 1
62 1 84 1
47 0 71 0
96 1 56 1
27 1 70 1
45 0 64 1
89 0 39 0
73 0 52 1
59 0 38 1
88 0 77 1
49 0 26 0
57 0 7 1
93 0 4 1
79 0 80 1
92 0 100 1
57 0 61 1
73 1 66 1
38 0 63 1
25 0 26 0
35 0 97 1
4 0 62 1
89 1 35 1
76 0 34 1
53 1 85 1
65 1 38 1
63 0 43 0
44 0 98 1
98 0 34 1
31 1 19 1
38 0 23 1
69 0 76 1
39 1 71 1
69 0 49 1
11 0 83 1
5 0 82 1
99 0 67 0
5 0 16 0
24 1 14 1
54 1 4 1
4 0 60 0
95 0 9 1
38 0 85 1
33 1 77 1
74 0 82 1
44 1 1 1
73 0 69 1
94 1 81 1
8 0 37 0
20 0 28 1
12 0 83 1
40 0 75 1
75 1 91 1
19 1 23 1
50 1 57 0
92 0 53 1
14 0 50 1
66 0 73 1
44 0 42 1
78 0 48 0
48 0 100 0
90 0 33 1
55 0 73 1
79 0 46 0
50 0 7 0
28 0 76 0
29 1 92 1
1 0 76 1
10 0 15 1
76 0 53 1
12 0 58 1
66 0 88 1
82 0 69 1
98 0 99 0
18 0 76 1
99 0 61 1
97 1 64 0
99 0 13 1
52 1 29 0
42 0 95 0
63 1 31 1
59 1 72 1
90 0 54 1
57 0 30 1
50 0 92 1
94 0 21 1
39 0 63 1
52 0 62 1
55 0 35 1
90 0 91 1
30 0 50 0
61 0 91 0
5 0 95 1
89 1 90 0
41 0 51 1
13 1 40 1
62 1 16 1
50 0 31 0
94 0 65 1
12 1 37 1
18 0 41 1
100 0 61 1
63 0 50 1
8 0 63 1
69 0 25 1
95 0 56 0
67 0 65 1
66 1 55 1
63 1 78 1
2 1 22 0
66 0 64 1
13 1 99 1
55 1 72 1
35 0 47 0
65 1 79 1
24 0 69 1
64 0 15 1
70 0 94 1
76 1 99 0
29 0 51 1
76 0 79 1
94 0 52 1
74 0 76 1
20 1 60 1
85 0 28 1
45 0 68 1
39 0 5 1
36 1 11 1
31 0 59 1
28 1 24 1
18 0 64 0
51 0 50 1
80 0 31 1
4 0 91 1
78 0 42 1
96 1 1 1
85 0 28 1
90 0 22 0
48 0 36 1
80 0 89 1
88 0 79 0
55 0 42 1
90 0 8 1
71 1 29 1
23 1 21 1
94 1 77 1
68 0 55 0
21 0 88 0
16 0 31 1
77 0 6 0
2 0 100 0
68 0 74 0
59 0 27 1
34 0 35 0
8 0 45 1
90 0 46 1
63 0 14 1
95 0 42 1
46 0 62 1
80 1 12 1
79 0 5 0
53 0 91 1
40 0 68 1
34 0 94 0
59 1 1 1
19 0 96 0
7 0 58 0
75 0 85 1
86 1 53 1
90 0 44 1
77 1 79 1
29 0 27 1
6 0 41 1
1 0 72 0
67 0 98 1
47 1 37 1
78 0 44 1
33 0 29 0
59 0 65 1
15 0 52 1
22 0 37 0
95 0 34 1
28 0 56 1
42 1 39 0
53 0 67 0
50 0 49 0
37 0 50 1
95 0 56 1
43 0 75 1
39 0 63 1
33 0 52 1
33 0 39 0
59 1 67 1
78 0 61 1
1 0 65 1
15 0 40 1
34 0 55 0
72 0 26 1
48 0 78 1
37 0 22 1
65 0 9 1
42 0 54 0
39 1 37 1
30 0 47 0
63 1 67 1
60 0 79 1
66 0 54 1
19 1 77 1
30 0 81 1
41 0 98 1
79 0 97 1
32 0 18 1
58 0 21 1
58 1 14 1
54 0 50 0
69 0 67 0
73 0 98 1
39 0 82 1
64 0 4 1
51 0 49 1
58 0 97 1
65 1 80 1
14 0 53 1
81 0 16 0
81 0 6 0
10 0 41 1
10 0 81 1
19 0 33 1
20 0 68 0
17 1 98 1
7 0 2 0
76 1 18 0
8 1 24 1
74 0 17 1
27 1 57 1
65 0 90 0
53 1 60 1
15 0 7 1
60 0 87 0
64 0 49 1
43 0 6 1
4 0 82 0
68 0 21 0
20 0 60 1
27 0 100 1
79 1 55 1
53 0 30 0
56 0 55 0
20 0 93 1
52 0 41 1
89 1 99 1
43 0 62 1
37 1 48 1
44 0 7 1
76 1 54 1
54 0 45 1
70 1 98 1
42 1 20 1
31 0 15 1
58 1 22 1
79 0 52 1
14 0 93 1
12 0 15 1
74 1 85 1
19 0 73 1
93 1 37 1
57 0 98 1
87 0 35 1
82 0 29 1
38 0 28 1
36 0 25 0
45 1 66 1
48 0 76 1
55 0 2 1
92 0 9 1
79 1 38 1
66 0 81 1
9 0 54 1
54 0 16 0
37 0 19 1
47 1 67 1
100 0 65 1
80 0 11 1
65 0 70 1
35 0 11 1
1 0 26 1
71 0 84 1
12 0 76 1
92 0 49 1
4 0 1 1
95 0 9 1
94 0 20 0
61 1 80 0
48 1 18 1
88 0 83 0
45 0 79 1
53 1 29 0
68 0 18 0
87 0 45 1
47 1 3 1
51 1 1 1
76 0 58 0
74 0 96 1
30 0 25 1
1 0 75 1
65 0 81 1
76 0 61 0
3 0 57 0
78 0 47 0
93 0 4 1
9 0 53 1
88 0 7 1
55 0 19 1
25 0 91 0
94 0 91 0
26 0 41 1
10 0 62 1
43 0 38 1
61 0 82 1
65 0 86 1
29 0 47 1
98 0 32 1
10 0 21 1
2 1 12 1
36 1 3 1
92 0 98 1
42 1 22 0
28 0 96 0
59 0 54 1
31 0 41 0
98 1 37 1
38 0 28 1
50 1 71 1
70 0 51 1
5 0 92 1
49 0 6 0
92 0 78 1
18 0 7 1
70 0 49 1
43 0 12 1
29 0 91 1
4 0 87 1
87 0 76 1
61 0 41 0
55 0 15 1
59 0 16 1
15 1 12 1
32 0 30 0
6 1 11 1
82 0 98 1
29 0 64 0
10 0 52 1
40 1 7 1
40 0 8 1
90 0 64 1
51 0 44 0
73 0 97 1
28 0 85 1
66 0 79 1
76 0 92 0
64 0 46 1
15 1 43 1
42 1 28 1
35 0 86 1
35 0 24 1
45 1 80 1
93 0 7 1
63 0 49 0
91 0 83 0
75 0 77 1
35 0 26 0
45 1 71 1
51 1 79 1
18 0 42 1
50 0 74 0
89 1 64 1
74 0 72 0
5 0 97 1
64 0 82 1
11 0 37 1
79 0 67 1
20 0 14 0
10 0 65 1
25 0 28 1
87 0 98 1
14 0 35 1
29 0 35 1
81 0 11 1
68 1 90 1
66 0 5 1
35 0 51 1
63 0 17 0
71 0 96 1
59 0 45 1
43 0 70 1
30 0 90 1
37 0 99 0
31 0 69 1
100 0 75 1
35 1 27 1
52 1 18 1
72 0 92 0
34 1 55 0
41 0 93 0
73 0 2 1
8 0 87 0
28 0 46 1
7 1 73 1
67 0 45 1
87 0 69 1
100 0 88 1
52 0 49 1
95 0 66 0
48 1 72 1
81 1 82 1
2 1 78 1
49 1 46 1
47 0 95 1
92 0 10 1
80 0 17 1
13 1 42 1
81 0 35 0
6 0 40 1
40 0 9 1
20 1 64 1
8 0 100 0
82 0 95 1
45 0 35 1
62 0 33 0
27 0 51 1
9 0 6 1
12 0 11 1
57 0 75 1
48 0 3 1
44 0 63 1
83 0 42 1
60 0 21 1
15 0 9 1
71 0 99 0
34 0 69 1
38 0 42 1
49 0 53 1
65 0 96 1
97 0 42 1
51 0 89 1
53 1 3 1
10 0 83 1
74 0 13 1
67 0 51 1
3 0 40 1
71 0 21 1
7 1 17 1
87 1 92 1
51 0 15 0
62 0 50 1
95 0 19 1
37 0 68 1
87 0 95 1
61 0 14 0
42 0 6 0
55 0 27 1
96 0 28 1
37 0 36 1
16 1 24 1
77 0 88 0
65 0 68 1
34 0 19 0
26 0 92 0
23 0 33 0
47 0 22 0
10 0 36 1
1 0 27 1
57 0 96 1
36 0 55 0
88 0 57 1
55 0 7 1
4 0 39 0
13 1 18 1
72 0 47 1
69 1 46 1
2 0 77 1
60 0 3 1
75 1 100 1
44 0 76 1
41 0 71 1
11 0 50 1
23 1 92 0
61 1 57 1
7 1 31 1
52 1 27 1
37 0 54 1
2 0 31 1
60 1 70 1
5 0 35 1
77 1 90 0
57 0 45 1
60 1 38 1
29 0 60 1
68 0 17 1
95 0 43 1
3 0 41 1
94 1 44 1
8 1 29 1
94 1 8 1
65 0 57 0
23 0 99 0
27 0 86 1
81 1 75 1
72 1 92 1
13 0 79 0
73 0 2 1
72 0 74 1
80 0 45 1
94 1 48 1
41 0 89 1
68 1 6 1
44 1 59 1
31 0 64 1
85 0 90 0
48 0 55 1
80 0 21 1
67 0 33 1
71 0 39 0
39 0 42 1
80 0 55 1
82 0 28 1
33 1 45 1
9 0 25 1
76 0 50 0
63 0 38 1
51 1 79 1
94 0 97 1
48 0 85 1
2 0 20 1
26 1 72 1
41 1 67 1
9 0 22 0
99 0 84 0
42 1 28 1
80 0 86 1
99 0 59 1
74 0 6 1
84 0 32 1
31 0 5 1
1 0 45 1
27 0 96 1
74 0 9 0
81 1 52 1
8 1 85 1
7 0 48 1
3 0 47 1
29 1 100 1
40 1 34 1
77 1 10 1
95 0 40 1
35 0 34 1
57 0 91 1
54 1 19 1
87 0 94 1
10 0 100 0
16 0 30 1
51 0 73 1
13 0 58 0
50 1 43 0
16 1 3 1
20 0 15 1
46 0 32 1
49 1 85 1
44 0 53 1
59 0 88 1
77 1 75 1
34 1 26 1
57 0 20 1
58 0 4 1
9 0 19 1
27 0 22 0
2 1 82 1
10 0 85 0
16 0 38 0
65 0 29 0
59 1 95 1
54 1 29 1
89 0 65 1
45 0 29 1
70 0 46 1
75 0 10 0
74 1 92 1
16 0 83 1
62 1 92 1
11 0 56 1
53 0 10 1
77 1 22 0
68 0 76 0
99 0 85 1
82 0 48 1
94 1 67 0
55 1 71 1
27 0 42 1
47 0 93 1
9 0 83 1
1 0 10 1
93 0 9 1
55 0 78 1
90 0 77 1
37 0 85 1
29 0 6 1
18 1 48 1
97 0 37 0
1 0 11 1
57 0 37 0
80 0 51 1
89 0 62 1
42 1 79 1
89 0 54 1
91 0 5 1
22 0 45 1
85 0 26 1
82 0 77 1
31 0 57 0
63 0 68 1
43 0 18 1
70 0 87 0
13 1 65 1
56 0 83 1
86 1 72 0
5 0 74 0
90 0 87 0
36 0 56 0
85 1 3 1
73 0 7 1
18 0 63 1
88 0 19 1
77 0 61 0
93 0 98 0
10 0 31 1
51 0 6 0
47 0 57 1
18 0 31 1
54 0 26 0
55 0 11 1
24 0 8 0
9 0 78 1
61 1 83 1
96 0 90 0
91 0 24 0
54 0 61 0
66 0 84 1
71 1 39 1
96 0 16 0
54 1 1 1
3 0 22 1
8 0 67 1
63 0 94 1
59 0 6 1
50 0 2 1
75 0 77 1
58 1 16 1
9 1 48 1
58 0 51 1
92 0 28 1
50 1 9 1
51 0 55 1
99 0 98 1
49 1 6 1
37 1 66 1
18 0 77 1
91 0 17 1
87 0 79 1
16 0 84 1
46 1 11 1
96 0 32 1
92 0 38 1
46 0 8 0
93 0 57 0
36 1 66 1
65 0 11 0
90 0 77 1
7 0 31 1
90 0 35 1
70 1 60 1
99 1 84 1
48 0 89 1
41 0 30 1
35 0 63 1
55 0 66 1
4 0 7 1
86 1 20 1
98 0 100 1
56 0 8 1
77 1 65 1
35 0 20 1
59 0 21 1
38 0 9 1
77 1 35 1
75 0 63 1
18 0 76 1
91 0 6 0
27 0 33 1
38 0 37 1
55 0 54 1
26 1 74 1
26 0 10 1
76 1 65 1
18 0 25 1
31 1 47 1
43 0 82 0
49 1 64 1
8 0 5 1
16 0 35 1
63 0 37 1
6 1 85 1
29 0 87 1
60 0 52 1
72 0 97 1
4 1 35 1
89 0 82 0
39 0 14 1
54 0 64 0
40 0 89 0
86 1 96 1
86 0 25 1
24 1 16 1
64 0 6 1
27 0 34 1
75 0 30 1
39 0 36 1
46 1 58 1
25 0 31 1
9 0 80 0
52 1 56 1
43 0 69 1
32 0 8 0
76 0 35 1
71 0 28 1
11 0 43 0
33 1 73 1
93 0 28 1
23 0 49 1
4 0 74 0
71 0 32 1
9 0 2 1
98 0 33 1
34 0 26 1
2 0 5 1
74 0 76 1
22 0 24 1
13 0 77 1
50 0 26 1
53 0 19 0
42 1 7 1
65 1 28 1
79 0 93 1
18 0 3 1
9 1 56 1
57 0 56 1
15 0 2 1
80 0 78 1
38 0 34 1
82 0 1 0
21 0 63 1
96 0 62 1
36 0 19 1
21 0 44 0
30 0 31 1
22 0 60 1
25 0 2 1
63 0 74 1
91 0 99 1
100 0 16 1
40 0 60 0
1 0 19 1
56 1 90 1
6 0 88 1
62 0 63 0
97 0 12 1
65 0 29 0
63 1 80 0
56 0 11 1
64 0 92 0
47 0 78 0
77 0 62 1
1 0 46 1
85 0 22 0
37 0 91 1
16 0 10 0
44 0 59 0
17 0 86 1
95 0 90 1
21 1 46 1
26 1 84 1
13 0 62 1
19 0 55 0
39 0 95 0
73 1 98 1
54 1 28 1
79 0 53 1
64 1 55 1
69 1 61 1
28 0 6 1
63 0 77 0
59 0 55 0
8 0 65 1
21 0 86 1
42 0 27 0
90 0 52 1
23 1 56 1
10 0 68 1
26 0 23 1
43 0 28 1
4 1 25 1
50 0 89 1
77 0 76 1
71 0 22 0
29 0 50 1
75 0 36 1
61 1 87 1
14 0 35 1
24 1 95 1
47 0 30 1
78 0 42 1
25 0 16 0
63 1 80 1
76 1 49 1
82 0 85 1
66 0 51 1
91 0 81 1
73 0 6 1
19 1 6 1
79 0 97 1
84 0 91 1
8 0 49 1
23 1 58 1
98 0 1 1
89 1 67 0
8 0 82 0
25 0 73 1
41 0 60 1
23 0 74 0
6 0 27 1
4 0 61 1
18 0 75 1
48 0 11 1
64 0 92 1
55 0 35 1
88 0 11 1
29 0 65 1
3 0 6 1
82 0 38 1
35 0 93 0
93 0 76 1
45 0 52 1
13 0 63 0
46 0 20 1
36 0 98 1
48 0 22 0
77 0 86 0
17 1 69 1
85 0 36 1
54 0 1 0
65 0 50 0
89 1 96 1
84 0 20 1
73 0 9 1
85 0 33 1
75 0 93 0
30 0 95 1
72 0 96 1
73 0 37 1
66 0 84 1
69 0 9 1
83 0 3 0
71 0 10 1
85 0 26 1
33 0 14 1
12 0 75 1
80 0 43 1
65 0 26 1
59 0 95 0
42 1 34 1
55 0 1 1
81 0 58 0
82 0 24 1
72 0 68 1
98 0 26 1
41 0 65 1
19 0 56 0
82 0 60 1
70 0 54 1
10 0 32 1
55 0 75 1
57 1 39 1
56 0 40 1
51 0 97 1
32 0 13 0
92 0 88 1
92 0 97 1
81 0 61 0
59 0 51 1
29 0 83 1
75 0 44 1
41 0 22 0
47 1 12 1
40 0 16 0
62 0 70 0
63 0 13 1
34 0 41 1
100 0 88 1
15 0 64 0
100 0 91 1
65 0 91 0
79 0 22 0
27 0 55 0
17 0 25 0
40 0 69 0
87 0 90 0
89 0 11 1
87 0 77 1
23 0 77 0
87 0 84 0
18 0 20 1
58 0 31 1
31 1 37 1
60 0 88 1
11 0 72 1
55 0 1 1
78 1 15 1
42 0 75 1
10 0 56 0
92 1 82 1
45 0 76 1
32 0 24 0
20 1 6 1
70 1 74 1
40 0 22 1
53 0 47 0
97 1 73 1
65 1 55 1
8 0 11 1
69 0 68 1
56 0 77 1
3 0 61 1
16 0 77 1
98 0 24 1
3 1 48 1
38 0 4 1
81 1 84 1
18 1 67 1
75 0 58 0
80 0 99 1
29 0 93 1
53 0 48 1
62 1 73 1
37 0 3 1
42 0 51 0
33 1 63 1
99 0 32 1
41 0 42 1
23 0 29 0
76 1 18 0
88 0 83 0
37 0 20 1
32 0 3 0
19 1 81 1
59 0 92 0
33 0 21 0
48 0 96 1
31 1 29 1
69 0 19 0
62 1 9 1
53 0 23 1
95 0 78 1
97 0 34 0
8 0 40 1
8 0 49 1
78 0 12 1
2 0 41 1
2 1 94 1
11 0 61 1
34 1 97 1
87 0 35 1
31 0 75 1
78 1 18 1
61 1 54 1
76 1 92 1
12 0 17 1
13 0 94 0
37 1 72 1
15 0 53 1
78 0 46 0
1 0 34 1
56 0 42 1
4 1 44 1
39 0 7 1
7 0 6 0
22 0 28 1
96 0 65 1
87 1 99 1
80 0 23 1
23 1 93 1
96 0 42 1
19 1 65 1
68 0 78 1
41 0 18 0
43 0 55 1
97 0 73 0
40 0 56 0
89 1 90 1
75 0 21 1
62 0 100 1
2 0 23 1
74 1 3 1
58 0 68 1
53 0 48 1
43 0 71 0
42 0 57 1
75 0 19 1
100 1 87 1
95 0 50 1
50 1 88 1
51 0 5 1
98 0 89 1
74 0 40 1
15 0 62 1
19 1 60 1
51 1 32 1
38 1 3 1
36 0 19 1
62 1 48 1
24 0 28 1
8 0 34 1
96 1 79 1
50 0 6 0
76 0 86 1
99 0 89 1
82 1 43 1
50 0 97 0
87 0 25 1
84 0 34 1
81 1 99 0
70 1 80 1
96 0 25 1
53 0 16 1
99 0 29 0
29 0 32 1
99 0 41 1
76 1 39 0
81 0 8 0
31 1 12 0
90 0 8 1
81 0 72 0
6 0 33 1
59 0 57 1
92 0 89 1
68 0 61 1
46 0 84 0
41 0 30 1
4 0 91 0
57 0 83 1
23 0 36 0
37 0 77 1
71 0 28 1
33 0 50 1
73 0 62 1
36 0 26 0
57 1 71 1
44 0 34 1
65 0 22 1
83 0 97 1
23 0 98 1
55 0 58 1
47 0 2 1
85 0 5 0
72 0 14 1
17 0 19 0
5 0 100 0
19 1 64 0
9 1 1 1
44 0 23 1
27 0 48 0
99 0 42 1
10 0 31 1
55 0 7 1
82 0 6 1
50 1 42 1
18 0 7 1
92 0 83 1
57 0 68 1
29 0 86 1
95 0 41 1
99 0 28 1
17 0 58 0
55 1 100 1
80 0 4 1
92 0 76 1
28 1 63 1
86 0 3 0
60 0 20 1
84 1 95 1
84 0 34 1
18 0 34 1
85 0 15 1
46 1 43 1
15 0 36 0
36 0 37 1
31 0 72 1
22 0 44 0
53 0 74 0
61 0 30 0
77 1 79 1
79 0 6 1
52 0 22 1
48 0 87 1
46 0 40 1
96 0 35 1
43 0 7 1
6 1 24 1
10 0 57 0
12 0 25 1
58 0 18 0
33 1 9 1
71 0 37 1
67 0 36 1
8 0 51 1
86 1 10 1
12 0 37 0
24 0 69 1
45 0 90 1
77 0 25 0
21 1 77 1
11 0 22 1
18 0 7 1
27 1 60 1
60 0 69 1
46 0 81 1
32 1 24 1
95 1 82 1
61 0 38 1
85 1 60 1
75 1 44 1
67 0 43 1
80 0 19 1
40 1 77 1
99 0 71 1
22 0 37 0
92 0 25 1
18 0 41 1
59 0 56 0
4 1 37 1
51 0 40 1
39 0 35 1
1 0 45 1
24 1 38 1
79 1 99 1
94 0 86 0
2 0 55 0
20 0 39 1
33 1 21 1
23 1 67 1
84 0 38 1
9 0 2 1
39 0 64 0
24 0 90 0
35 0 90 0
51 1 72 1
9 0 57 1
88 0 28 1
11 0 29 0
75 0 16 0
83 0 21 1
3 1 12 1
28 0 40 1
76 0 41 1
88 0 86 1
61 1 86 1
15 0 96 1
99 0 85 1
60 1 45 1
74 0 89 1
8 0 30 1
55 0 49 1
65 0 29 0
88 0 77 1
25 0 17 1
98 0 95 0
67 0 6 1
65 1 100 1
85 1 93 1
51 0 96 0
89 0 17 1
28 0 85 1
50 0 89 1
31 1 64 0
27 0 8 0
93 0 70 0
54 0 21 0
55 1 82 1
76 1 57 1
63 1 93 1
60 0 74 0
27 0 79 1
83 0 46 0
94 1 43 0
92 0 100 1
68 0 19 0
92 0 14 1
17 0 42 1
49 1 45 1
7 0 65 0
7 0 20 0
71 0 88 1
64 0 52 1
52 0 33 0
92 0 58 1
87 0 31 1
2 0 26 1
51 0 98 0
23 0 69 0
61 0 62 1
3 0 7 1
48 0 31 1
36 0 72 1
63 1 61 1
68 0 37 1
24 0 68 1
41 0 72 1
97 0 59 1
91 0 25 1
2 1 14 1
55 0 54 1
12 0 83 1
50 0 76 0
13 1 75 1
61 1 96 1
32 1 90 0
71 0 49 1
13 0 32 0
43 1 92 1
42 0 16 1
74 0 89 1
58 0 8 0
97 0 36 0
66 0 13 1
95 0 38 1
63 0 36 1
78 0 69 1
63 0 51 0
90 1 37 1
88 0 95 1
71 0 46 1
14 0 68 1
14 1 60 1
31 0 2 0
44 0 67 0
73 0 34 1
46 0 43 0
94 0 50 0
40 0 93 0
27 1 55 1
53 0 65 0
47 0 44 1
87 0 57 1
27 1 80 1
15 0 19 1
80 0 89 1
40 1 39 0
93 0 75 1
2 1 96 1
67 0 84 1
57 0 17 1
68 1 83 1
83 1 8 1
8 0 86 1
85 0 78 1
39 0 35 1
18 0 39 0
72 1 22 1
4 0 50 1
93 0 13 1
75 1 66 1
80 0 98 1
100 0 49 1
43 0 2 1
56 0 38 1
42 0 81 1
67 1 22 1
87 0 83 1
34 0 10 1
43 0 91 1
12 0 32 1
74 0 2 1
30 1 4 1
84 0 69 1
46 1 87 1
5 0 100 1
91 0 76 1
12 0 39 0
39 0 29 0
100 0 96 1
34 0 72 0
53 0 99 1
66 0 37 0
91 0 7 1
99 0 69 1
79 0 58 0
35 1 79 1
7 0 41 0
3 0 46 1
4 0 89 1
3 0 81 1
52 1 73 1
10 0 30 1
58 0 78 1
34 0 85 1
32 0 74 0
10 1 98 1
73 1 57 1
31 0 65 0
22 1 100 1
48 0 42 1
19 0 40 0
30 0 10 0
27 0 84 1
75 0 87 1
72 0 28 1
24 0 52 1
93 0 80 0
22 0 2 1
82 0 69 1
94 0 85 1
78 0 80 0
67 1 82 1
85 0 14 1
59 0 28 1
69 0 87 0
75 0 55 1
13 0 75 1
66 0 41 1
25 0 24 1
5 0 27 0
44 0 55 0
12 0 6 1
91 1 6 1
74 0 57 1
80 0 28 1
41 1 87 1
92 0 29 0
65 0 47 1
25 0 78 0
8 0 37 0
94 0 57 1
73 0 78 1
42 1 30 1
54 0 85 1
77 0 7 1
93 0 1 0
44 0 95 0
20 0 31 0
94 1 74 1
33 1 37 0
55 0 4 1
99 0 60 1
70 0 100 1
73 0 13 1
70 0 49 1
74 0 23 1
69 0 25 1
25 0 8 1
46 0 1 1
54 0 74 0
15 0 2 1
80 0 88 1
20 1 2 1
18 0 42 1
16 1 59 1
79 0 40 1
27 0 91 1
30 1 42 1
35 0 53 1
46 1 18 1
83 0 34 1
77 0 15 1
58 0 12 0
72 0 86 1
58 0 9 0
71 0 30 1
27 0 51 1
40 0 62 0
30 0 58 1
84 0 24 1
79 0 6 1
65 0 34 1
17 1 24 1
75 0 19 1
63 0 69 1
83 0 17 1
72 0 38 1
96 0 25 0
74 0 26 1
90 0 4 1
93 0 94 1
79 0 48 0
40 0 52 0
49 0 81 1
4 0 70 0
16 0 52 1
4 1 38 1
82 0 73 1
86 0 43 1
29 0 68 1
35 0 5 0
21 0 69 1
41 0 49 0
67 0 72 1
74 0 32 1
16 0 30 1
22 0 28 1
5 0 43 0
15 1 100 1
42 0 60 1
82 0 3 1
20 0 29 0
10 0 36 1
79 0 83 0
9 0 49 1
32 0 91 0
3 0 63 1
81 0 21 1
43 0 32 1
93 1 12 1
23 0 82 1
4 0 42 1
60 0 10 0
78 0 73 1
58 0 80 0
34 0 76 0
21 1 37 0
65 0 93 1
34 0 75 1
26 1 43 1
25 0 37 0
42 0 38 1
19 0 28 0
8 1 74 1
32 1 50 1
24 0 27 0
73 0 69 1
50 0 96 0
87 0 67 0
67 0 72 0
98 0 91 1
100 0 61 1
7 0 39 1
37 0 96 1
56 0 45 1
38 0 30 1
43 0 69 1
5 0 7 1
65 0 29 0
38 0 61 1
77 1 16 1
96 1 35 1
77 0 9 1
51 0 89 0
37 1 92 1
62 0 89 0
15 0 77 1
24 0 31 1
32 0 49 1
48 0 87 1
87 0 47 1
84 0 58 1
4 1 80 1
96 0 63 1
93 0 66 1
17 1 13 1
86 0 30 1
98 0 83 1
97 0 92 0
29 0 26 1
18 0 42 1
19 0 93 1
54 1 18 0
90 0 75 1
62 1 40 1
28 0 66 0
48 0 25 1
67 1 71 1
87 0 28 1
57 0 87 1
76 0 61 1
58 0 28 1
30 1 82 1
74 0 61 1
39 0 38 1
74 0 10 0
72 0 8 1
83 1 70 1
45 0 68 1
17 0 93 0
12 0 25 1
15 0 30 1
46 0 20 1
59 0 34 1
28 0 24 0
61 0 16 1
37 0 10 1
42 0 92 1
67 0 69 1
48 0 3 1
4 0 54 1
16 0 57 1
56 0 89 1
84 0 37 1
24 1 1 1
48 0 83 1
32 0 46 1
74 0 65 1
26 0 49 0
21 1 77 1
17 0 7 0
44 1 22 1
15 0 68 1
94 1 13 1
34 0 8 1
25 1 74 1
8 1 85 1
41 1 6 1
50 0 75 1
26 0 89 1
60 0 78 1
58 1 100 1
92 0 36 1
30 1 2 1
37 0 19 1
45 0 77 1
7 0 73 1
11 0 61 1
7 0 26 1
99 0 37 1
71 1 95 1
49 1 37 1
75 1 37 1
94 0 67 1
100 0 61 1
95 0 47 1
21 0 14 0
41 1 78 1
87 0 38 1
91 0 50 1
57 0 23 1
94 0 38 0
37 0 80 0
24 0 27 0
78 1 16 1
52 1 54 1
19 0 17 1
8 0 21 1
43 0 31 1
58 0 14 0
17 1 18 0
96 0 24 1
31 0 85 0
6 0 36 0
20 0 73 1
6 0 82 1
65 0 49 0
33 1 78 1
24 1 74 1
10 0 4 1
98 0 63 1
86 0 20 1
74 0 68 1
54 1 77 1
10 0 44 0
58 0 73 1
91 0 55 0
28 0 83 1
49 0 86 1
17 0 53 1
55 0 31 1
65 0 89 1
79 0 30 1
84 0 49 1
17 1 12 1
83 0 26 1
92 0 1 0
35 1 36 1
97 0 43 1
71 0 52 1
58 0 89 1
49 0 51 1
56 0 32 1
95 1 43 1
72 0 48 1
81 0 98 1
61 0 10 1
44 0 14 1
69 1 59 0
59 0 44 1
48 0 62 1
51 1 12 1
30 0 60 1
32 1 95 0
84 0 33 1
79 0 7 1
14 0 50 1
27 0 86 1
98 0 76 1
87 0 65 1
32 1 60 1
10 0 16 0
65 0 61 1
82 0 41 1
31 1 2 1
11 0 15 1
79 0 99 1
68 1 79 1
42 0 79 0
30 1 28 1
95 0 58 1
54 0 42 0
70 0 60 0
30 1 80 0
54 1 5 1
45 0 59 1
34 0 52 1
71 0 44 1
56 0 17 1
34 1 91 1
20 0 46 0
24 0 29 1
98 0 87 0
20 0 67 0
5 0 52 1
7 0 17 0
61 0 74 0
46 0 66 0
66 0 48 1
55 0 24 1
36 0 21 1
36 0 30 1
39 0 91 1
13 1 55 1
68 0 4 1
37 0 3 1
29 0 86 1
43 0 37 1
8 0 14 1
2 1 13 1
23 0 84 0
20 0 100 0
10 0 34 1
74 0 73 1
68 0 61 1
97 0 2 0
58 0 77 1
80 0 68 1
72 0 40 1
48 0 21 1
98 0 76 1
9 0 99 1
16 0 29 1
49 0 91 0
84 0 70 1
23 1 41 1
50 0 24 0
82 0 34 1
77 1 86 1
41 0 44 0
11 0 60 0
30 1 1 1
99 0 97 1
92 0 32 1
16 0 44 1
14 0 62 1
84 0 100 0
15 0 72 0
42 0 77 0
42 1 32 1
3 0 20 1
62 0 98 0
18 0 26 1
46 1 56 1
95 0 46 1
27 0 86 1
5 0 60 1
29 0 63 1
50 0 93 0
2 0 50 0
74 1 45 1
89 1 64 0
17 0 83 1
67 0 85 1
3 0 43 1
98 1 10 1
13 0 7 0
74 0 7 1
22 0 23 1
51 0 26 0
24 0 32 1
64 0 3 1
1 0 42 1
93 0 38 1
34 1 86 1
67 0 38 1
78 1 18 1
63 0 54 0
61 1 52 1
33 1 10 1
83 0 28 1
70 0 55 0
52 0 25 0
24 0 34 1
52 0 5 1
22 1 55 1
11 0 28 1
84 0 19 1
65 0 61 1
38 0 57 0
17 1 71 1
41 0 44 1
94 0 32 0
82 0 19 1
71 0 65 1
78 0 60 0
49 0 19 1
89 1 27 1
42 0 25 0
78 0 3 1
44 0 54 1
35 0 51 1
11 0 6 0
53 0 2 1
21 0 31 1
63 1 18 0
24 0 31 1
25 0 69 1
13 0 27 0
93 0 68 1
45 0 47 1
58 0 56 1
97 0 43 1
37 0 22 0
99 1 71 1
66 0 57 1
73 0 99 0
61 0 71 0
92 0 99 0
89 0 96 1
79 0 4 1
49 0 11 1
25 0 31 1
52 0 42 0
20 0 65 0
51 0 83 0
62 0 46 0
91 0 87 1
18 0 76 1
7 1 17 1
15 0 47 1
24 0 40 1
48 1 66 1
95 0 93 1
63 1 15 1
66 0 24 1
57 0 77 1
24 0 86 1
61 0 74 1
50 0 27 0
5 1 9 1
95 0 73 1
57 0 25 1
51 1 100 1
23 0 14 1
20 0 40 0
42 0 6 0
55 1 100 1
73 0 34 1
25 0 63 1
6 0 68 1
92 1 64 1
73 0 38 1
22 0 15 1
40 1 76 1
45 0 77 1
23 0 14 1
17 0 25 1
47 0 62 1
49 0 7 1
90 1 92 1
2 0 5 0
99 0 68 1
43 0 31 1
40 0 97 0
16 0 54 1
38 0 7 1
59 0 60 1
52 1 94 1
26 0 95 1
38 0 97 1
40 1 26 1
20 1 74 1
3 0 25 1
96 0 39 0
86 1 71 1
44 0 7 1
7 1 29 1
17 1 55 1
36 0 7 1
8 0 32 1
13 0 32 1
80 0 15 1
76 0 78 0
57 0 77 1
67 0 46 1
31 0 76 0
98 0 45 0
85 0 70 0
15 0 23 1
22 0 47 1
7 0 2 0
17 0 97 0
68 0 27 0
72 0 46 1
76 0 46 1
3 0 82 1
22 0 5 1
87 1 59 1
94 0 20 1
49 0 83 0
9 0 31 1
99 0 26 1
64 0 74 1
15 0 54 1
78 1 16 1
30 0 79 1
1 0 20 1
11 0 92 1
39 0 65 1
27 0 5 0
63 0 86 1
36 0 94 1
53 0 94 1
1 0 58 1
39 0 92 1
1 0 13 1
48 0 81 1
11 0 2 1
41 0 32 1
35 0 19 1
12 1 39 1
94 1 18 0
83 1 49 1
37 1 95 1
56 0 19 1
72 0 75 1
92 0 50 1
98 0 53 1
74 0 19 1
44 0 76 1
98 0 44 1
38 0 2 1
76 0 80 0
90 0 5 1
26 1 14 1
18 0 10 1
35 0 77 1
39 0 40 1
77 0 63 0
85 0 37 1
2 0 38 1
5 0 33 1
14 0 76 1
47 0 33 1
55 0 23 1
65 0 52 1
68 1 66 1
11 0 34 1
99 0 58 1
61 0 75 0
48 1 67 1
53 1 41 1
50 1 20 1
87 0 92 0
54 0 82 0
41 0 19 1
73 0 36 0
19 1 7 1
49 0 22 0
86 1 49 1
77 0 71 0
34 1 58 1
60 0 95 0
13 0 63 0
26 1 14 1
6 0 10 0
76 1 62 1
5 0 15 1
52 1 22 0
50 0 44 1
86 0 24 0
44 0 46 1
99 0 66 1
89 0 45 1
75 0 77 1
91 0 25 1
54 0 67 0
42 1 71 0
88 1 3 1
23 0 64 0
6 0 69 1
89 0 58 0
25 0 6 1
82 0 61 1
46 0 33 1
93 0 58 0
4 0 42 1
76 0 36 0
22 0 94 1
51 0 13 0
45 0 68 1
63 1 45 1
1 0 34 1
89 0 45 1
96 0 78 1
57 0 2 1
45 0 67 1
8 0 51 1
39 0 30 1
41 0 16 0
95 0 30 1
49 0 53 1
75 1 48 1
19 1 39 0
12 0 57 1
52 0 6 1
52 0 41 1
16 1 70 1
9 0 90 0
69 0 16 1
19 1 48 1
48 0 54 1
100 0 27 1
27 0 35 1
41 0 66 1
61 1 76 1
20 0 86 1
91 0 95 1
96 1 36 1
18 0 91 1
19 0 21 1
89 0 14 0
3 0 21 1
18 0 93 1
57 0 73 1
67 1 39 1
17 0 9 0
86 0 6 1
68 0 25 1
38 1 58 1
10 0 39 0
12 0 60 1
23 0 35 1
27 0 33 1
82 0 94 1
72 0 3 1
6 0 3 1
50 0 99 0
10 0 27 1
85 0 99 0
49 1 25 1
37 0 34 1
75 0 23 1
63 1 35 1
32 1 48 0
94 1 55 0
96 0 95 1
31 0 51 1
14 0 27 1
51 1 71 1
94 0 35 0
69 1 55 0
1 0 75 1
39 0 93 1
45 0 42 1
13 1 87 1
21 0 24 0
93 1 59 1
99 0 12 1
26 0 99 1
58 0 98 1
55 0 75 1
5 0 9 0
1 0 88 1
91 0 34 1
78 1 39 1
25 0 7 1
60 0 52 1
74 0 55 1
11 0 95 1
30 0 63 0
45 0 72 1
7 0 79 0
1 0 33 1
80 0 2 1
71 1 59 1
66 0 92 0
34 0 23 0
76 0 51 1
55 0 99 0
95 0 16 1
71 0 36 1
4 0 23 1
66 0 24 1
13 0 71 0
69 0 28 0
3 0 53 1
77 1 47 1
97 0 71 1
27 1 80 1
37 0 40 1
4 0 33 1
49 0 54 1
31 1 4 1
50 0 5 0
74 0 63 1
81 0 73 1
62 0 3 1
37 0 21 1
57 0 47 1
89 0 9 1
16 0 70 0
21 0 23 1
97 0 31 1
60 1 1 1
40 0 38 0
64 0 90 1
70 0 37 1
80 0 3 1
55 0 51 1
23 0 30 0
38 0 46 1
41 0 49 0
16 0 81 1
36 1 56 1
53 0 77 0
34 0 80 1
56 0 8 1
96 0 97 1
26 1 78 1
76 1 16 1
82 0 42 1
79 0 93 0
46 0 87 1
78 0 88 1
1 1 64 1
97 0 60 1
56 0 3 1
15 0 19 1
11 0 62 1
77 0 44 1
72 0 44 0
71 0 49 1
75 0 21 1
70 1 29 1
55 0 52 1
13 0 82 0
88 0 61 1
1 0 86 1
60 0 76 1
12 0 73 1
78 0 59 1
51 0 13 1
85 0 52 1
27 0 69 1
21 1 96 1
33 0 75 0
65 0 21 0
65 0 37 0
14 0 68 1
58 0 84 1
60 0 90 1
12 0 86 1
8 0 10 0
76 0 55 1
49 0 40 1
6 1 64 1
42 0 60 0
26 0 22 1
41 0 57 1
73 0 22 0
58 0 29 1
15 0 43 1
38 0 35 1
27 0 22 1
9 1 48 1
57 0 28 1
72 0 47 1
69 1 35 1
30 0 5 0
83 0 69 1
97 0 100 1
52 1 28 1
95 0 100 0
59 0 67 0
71 1 66 1
73 0 19 1
64 0 48 0
22 0 50 1
69 1 90 1
2 1 97 1
10 0 29 0
72 0 46 1
74 0 90 0
44 0 73 1
50 1 94 1
28 1 57 0
49 0 11 1
72 0 64 1
77 0 80 0
28 0 33 0
43 0 95 1
79 0 35 1
92 0 74 1
35 0 4 0
29 0 30 1
99 0 59 1
97 0 40 1
37 0 3 1
56 0 82 0
32 1 41 1
25 0 67 1
94 0 33 0
66 0 55 0
90 0 21 1
95 0 4 1
6 0 2 1
18 0 60 1
51 1 23 1
77 1 90 0
42 1 20 1
60 0 61 1
31 1 32 1
38 0 26 1
34 0 30 1
45 0 13 1
65 0 8 0
70 0 99 0
96 0 82 1
73 0 12 1
15 0 57 0
100 0 83 1
31 0 97 0
30 1 50 1
88 0 72 0
19 0 46 0
25 0 89 1
60 0 84 0
4 0 89 1
84 0 69 1
11 1 18 1
7 0 20 0
95 0 50 1
1 0 86 1
78 1 25 1
15 1 12 1
90 1 99 1
66 0 38 1
97 0 92 0
68 0 83 1
49 0 7 1
47 0 33 1
50 0 97 1
30 1 41 1
33 0 49 0
69 1 90 1
10 1 98 1
70 0 68 1
88 0 30 1
32 0 98 1
12 0 58 1
66 0 68 1
96 0 82 1
73 1 10 1
69 1 63 1
66 0 20 1
56 0 14 1
78 1 45 1
36 0 15 1
6 0 47 0
97 0 94 0
53 1 99 0
78 1 93 1
50 0 39 0
31 0 25 1
32 1 47 1
85 0 35 1
43 0 57 1
65 1 43 1
31 0 36 0
61 1 82 0
83 0 65 1
26 0 91 1
94 1 34 1
54 0 83 1
59 0 40 1
79 1 93 1
6 0 99 1
6 0 92 0
79 0 39 1
46 0 69 1
82 0 68 1
75 0 22 0
36 0 42 1
70 1 90 1
67 0 32 1
99 1 29 1
82 0 76 1
29 0 53 1
37 0 19 1
48 0 92 1
74 0 83 1
36 0 57 1
97 0 18 1
45 0 99 0
23 1 54 1
14 0 81 1
7 1 19 1
72 0 12 0
95 0 32 1
50 0 67 1
28 0 95 0
11 0 79 0
43 0 22 0
46 1 49 1
100 0 31 1
21 0 90 1
5 0 6 1
21 1 78 1
41 0 56 0
92 0 72 0
23 1 81 1
49 0 96 0
1 0 51 1
64 0 62 1
13 1 37 0
96 0 90 0
38 0 36 1
56 0 85 1
29 0 34 1
2 1 95 0
46 0 86 1
9 0 35 1
12 0 80 1
51 0 5 0
13 1 53 1
4 0 68 1
33 0 38 0
59 0 92 1
69 0 31 1
94 0 53 1
62 1 1 1
88 1 4 1
37 0 86 1
82 0 9 1
66 0 3 1
60 0 44 1
83 0 7 1
60 0 18 1
19 0 90 0
4 0 6 1
67 0 69 1
74 0 2 1
36 0 19 1
14 0 22 0
11 0 20 1
85 0 37 0
25 0 7 1
63 0 65 0
70 0 14 0
60 1 92 1
74 0 88 1
43 1 55 1
29 1 55 1
65 1 97 1
20 1 22 0
63 1 56 1
80 0 14 1
28 0 98 0
42 0 28 0
89 0 25 1
12 0 61 1
44 0 45 1
39 0 82 0
48 0 15 1
5 0 18 1
80 0 74 1
78 0 54 1
93 0 55 1
89 0 8 0
43 0 10 1
23 1 11 1
41 1 92 1
29 0 90 0
97 0 71 1
98 1 95 1
71 0 70 1
26 0 24 1
51 0 9 0
61 0 33 0
74 0 46 1
92 1 100 1
43 0 57 0
38 0 77 1
41 0 7 1
72 0 86 1
21 0 13 0
9 0 75 1
28 0 9 0
1 0 16 1
22 0 69 1
21 0 25 0
97 0 57 1
94 1 21 1
94 1 38 1
14 0 63 1
34 1 76 1
54 1 62 1
83 0 43 0
9 0 34 1
59 0 52 1
50 1 71 0
61 0 20 0
16 1 39 1
92 0 81 1
22 0 94 1
46 0 4 0
36 0 27 1
17 0 61 1
68 0 2 1
9 0 28 1
70 0 62 1
63 0 54 0
25 1 49 1
22 0 89 1
49 0 76 1
78 0 41 1
100 0 9 1
55 0 92 0
6 1 16 1
36 0 13 1
60 1 18 1
93 1 22 1
58 0 49 1
10 0 47 1
50 1 26 1
61 0 31 1
8 0 12 0
36 1 44 1
46 0 55 0
32 0 76 1
70 0 88 1
73 0 16 1
83 0 60 0
9 1 29 1
34 1 78 1
5 0 78 1
89 0 77 1
25 0 34 1
24 0 76 1
33 0 7 1
86 0 56 0
91 0 97 1
40 1 84 0
7 1 31 1
55 0 74 1
87 0 62 1
86 1 50 1
14 1 74 1
32 1 77 1
2 0 28 1
38 0 13 1
26 0 52 1
43 0 95 0
58 0 67 0
72 0 2 1
43 0 75 1
71 0 85 1
57 0 16 1
78 0 60 1
97 1 98 1
31 0 87 0
95 0 98 1
8 0 94 1
51 0 67 1
63 0 27 1
89 0 19 0
49 0 65 1
66 0 95 0
9 0 78 1
13 0 76 0
4 0 73 1
8 1 27 1
42 0 33 1
97 0 26 0
49 0 89 1
65 0 84 0
58 0 18 0
81 0 93 0
8 0 19 1
71 0 26 1
26 0 83 0
26 1 66 1
37 0 50 1
23 0 37 1
90 0 8 1
75 0 62 1
90 0 31 1
43 0 45 1
77 0 83 0
53 0 6 1
48 0 75 1
45 0 19 1
32 1 71 0
10 0 62 1
3 0 99 1
3 0 9 1
47 0 22 1
41 0 80 0
84 0 14 1
42 1 49 1
79 0 3 0
94 1 60 1
81 0 88 0
27 0 38 0
2 1 11 1
68 0 6 1
78 0 38 0
57 0 3 1
44 1 48 1
83 1 22 1
86 0 19 0
45 1 27 1
65 0 14 1
47 0 63 1
76 1 22 1
62 0 10 0
64 0 10 1
80 0 36 1
57 0 4 1
23 0 14 1
94 1 66 0
48 1 64 1
69 0 66 1
35 0 91 1
64 0 52 1
42 0 16 0
38 0 93 0
15 0 62 1
79 0 23 1
19 1 39 1
67 0 5 1
7 1 13 1
36 1 22 1
51 0 22 0
40 1 67 1
41 1 99 1
14 0 63 1
19 0 73 1
17 1 49 1
69 0 22 1
13 0 80 0
68 0 26 0
66 0 29 1
83 0 31 1
89 0 6 1
24 1 93 1
49 1 91 1
86 0 36 1
75 0 10 1
51 1 83 1
4 0 31 1
21 0 67 0
18 0 8 1
38 0 61 1
75 0 80 0
90 0 100 1
19 0 56 0
59 0 72 0
33 0 23 1
34 0 80 0
35 0 27 0
59 0 52 1
27 0 8 1
69 1 87 1
27 0 88 1
56 0 75 1
82 0 79 1
24 0 76 1
77 0 73 0
52 0 25 1
42 0 57 1
47 1 78 1
22 0 58 1
68 0 53 0
85 0 40 1
67 1 80 1
57 0 71 0
23 0 76 0
73 0 77 1
11 0 40 1
2 1 98 1
25 1 88 1
38 0 47 1
52 0 89 1
77 0 70 1
84 0 42 1
78 0 42 1
43 0 35 1
43 0 77 1
30 0 89 0
88 0 61 1
33 0 4 1
42 0 11 1
47 0 6 1
44 0 77 1
65 1 61 1
89 1 13 1
63 0 100 1
70 0 79 1
78 1 83 1
4 0 72 1
92 0 100 1
14 1 16 1
62 0 61 0
96 0 61 1
65 1 9 1
57 0 32 1
62 0 94 1
83 0 5 1
47 0 80 1
85 0 72 0
40 1 41 1
98 0 11 1
100 0 55 1
46 0 34 1
67 0 55 1
34 1 1 1
79 0 61 1
69 1 39 0
3 0 80 1
24 1 85 1
94 0 13 0
86 1 91 1
57 0 18 1
87 0 81 1
2 0 3 0
58 0 63 1
10 0 23 1
86 0 1 0
55 0 48 1
84 0 69 1
33 0 15 1
39 0 84 0
71 0 51 1
55 0 46 1
20 1 48 1
72 1 95 1
61 1 29 0
18 0 4 1
72 0 70 1
37 0 61 1
59 0 6 1
9 0 56 1
55 0 8 1
14 0 68 1
6 0 83 0
39 0 7 1
29 0 70 1
36 0 66 1
43 1 12 1
6 0 46 0
40 0 87 0
73 0 56 1
15 1 8 1
2 1 90 0
38 0 54 1
60 0 98 1
87 0 12 1
6 0 84 0
19 0 66 0
57 0 18 1
45 1 66 1
34 0 74 1
98 1 67 1
9 0 54 1
77 0 7 0
40 0 62 1
67 0 90 1
30 1 94 1
55 0 88 1
84 0 7 1
49 0 11 1
87 0 58 1
86 0 3 0
64 0 9 1
67 0 33 1
76 0 45 0
93 0 54 1
10 0 25 1
58 1 85 1
64 0 33 1
11 0 83 0
25 0 33 1
12 0 14 1
91 0 38 1
31 1 2 1
4 0 97 1
94 0 42 0
14 0 11 1
80 0 25 1
91 1 10 1
100 0 88 1
20 0 91 0
74 1 16 1
26 0 61 1
66 0 85 1
95 0 63 1
74 0 75 1
25 0 36 0
35 0 12 1
94 1 80 0
19 0 72 0
67 0 83 1
95 0 64 0
40 0 30 1
81 0 87 1
82 0 24 1
69 0 1 1
74 0 35 1
38 0 89 1
29 0 34 1
77 1 41 1
36 0 72 0
93 0 14 0
18 0 41 1
91 0 14 0
40 0 93 0
3 0 78 1
39 0 71 0
5 0 100 0
87 0 69 1
57 0 35 1
16 0 2 1
33 1 15 1
50 0 74 0
23 0 34 0
15 0 63 1
62 0 19 0
83 1 14 1
80 0 38 1
19 1 90 1
21 1 58 1
32 0 46 0
84 0 76 1
51 0 52 1
57 0 69 1
37 0 41 1
18 0 43 0
4 0 49 1
76 0 51 1
39 0 56 1
1 0 54 1
6 0 69 1
5 0 81 1
62 0 75 0
5 0 63 1
45 0 50 1
84 1 66 1
36 0 25 1
55 0 4 1
97 0 89 1
56 0 63 1
78 0 2 1
73 1 100 1
19 0 76 1
59 0 78 1
76 1 54 1
19 0 64 1
88 0 42 1
99 0 42 1
29 0 97 1
74 0 15 1
48 0 50 1
81 1 28 1
73 0 5 0
43 0 23 1
93 1 100 1
4 0 96 0
39 0 98 1
65 0 25 0
18 0 44 1
6 0 98 1
79 0 7 1
21 1 65 1
21 1 41 1
37 0 98 1
14 0 32 1
24 0 84 1
91 1 64 1
6 0 14 0
3 0 2 1
80 0 27 1
47 0 30 1
5 0 73 1
41 0 86 1
90 0 33 1
58 0 36 1
37 0 89 1
33 1 13 1
17 0 60 0
96 0 33 1
5 0 44 1
4 0 91 0
16 0 31 1
57 0 97 1
82 0 8 1
60 0 92 0
32 1 66 1
59 0 49 1
61 1 73 1
8 0 18 0
83 0 71 0
23 0 94 0
53 0 73 0
64 0 88 1
60 0 50 1
54 0 14 0
24 0 91 1
12 0 17 1
47 0 32 1
60 0 54 1
78 0 17 1
77 1 94 1
11 0 36 0
24 0 57 0
69 0 15 1
12 0 73 1
71 0 79 1
80 0 96 1
47 0 50 1
56 1 29 1
4 0 28 1
78 0 42 1
67 0 12 0
98 0 20 1
20 1 76 1
93 0 90 1
73 1 98 1
44 0 78 1
53 1 21 1
33 1 25 1
27 0 82 0
49 1 73 1
44 0 34 1
53 0 4 0
85 0 67 0
22 0 1 1
95 1 80 1
53 0 75 1
75 0 17 1
81 1 100 1
56 0 74 1
92 0 79 1
2 1 50 1
97 1 16 1
28 1 74 1
87 1 90 1
95 0 50 1
68 0 98 0
10 1 95 1
77 0 2 1
74 1 18 1
98 0 42 1
45 1 5 1
42 0 49 0
9 1 84 1
93 1 8 1
14 0 85 1
47 0 20 1
14 0 61 1
2 0 93 1
66 0 49 1
94 0 69 1
68 0 63 1
33 0 85 0
19 0 9 1
12 0 15 1
91 0 5 1
24 1 87 1
33 0 97 1
89 1 90 1
2 1 80 0
96 0 33 1
82 0 62 1
64 0 86 1
13 1 41 1
22 0 76 1
84 0 90 1
47 1 15 1
59 0 25 1
24 0 21 1
61 0 48 0
1 0 72 1
65 1 10 1
68 1 64 1
27 0 62 1
45 1 66 1
56 0 81 1
74 1 66 1
77 0 20 1
27 0 96 1
75 0 81 1
99 0 14 1
3 0 31 1
47 0 93 1
45 0 59 1
36 0 78 0
51 0 5 0
74 0 12 0
23 0 17 1
43 0 66 1
37 0 4 1
34 0 15 0
25 0 63 1
73 1 100 1
23 0 93 1
20 1 8 1
37 0 14 1
22 0 95 1
26 0 68 1
10 0 39 1
43 0 92 1
34 1 22 1
30 1 55 0
87 0 83 1
30 0 93 0
1 0 54 1
65 0 60 1
7 0 51 0
72 0 27 1
74 1 1 1
44 0 45 1
72 0 50 1
6 0 33 1
39 0 92 0
83 0 4 1
29 0 15 1
10 0 40 1
59 0 43 0
67 0 89 1
71 0 3 1
34 1 84 1
16 0 71 1
21 0 24 0
39 0 11 1
23 1 67 1
83 1 99 1
97 0 41 1
59 0 17 1
42 0 25 0
17 0 81 1
41 0 77 1
63 0 33 1
29 0 91 1
59 0 34 1
37 0 84 1
63 0 67 1
19 0 39 0
5 0 60 1
40 0 65 1
2 0 81 1
71 0 88 1
40 1 32 1
37 0 34 1
86 1 97 1
69 0 49 0
29 0 82 1
32 1 31 1
57 0 99 1
57 0 19 1
40 1 10 1
43 0 44 1
61 0 28 0
31 0 61 0
45 0 12 1
100 0 21 1
45 1 67 1
16 0 5 0
17 1 83 1
98 0 77 1
94 1 90 0
78 0 30 1
85 0 98 1
17 0 3 0
58 0 88 1
67 0 96 1
30 0 3 0
76 0 54 0
38 0 91 1
59 0 2 1
40 0 42 0
98 0 86 1
61 0 82 0
66 0 8 1
72 0 100 1
13 0 23 1
98 0 42 1
31 1 51 1
100 0 3 1
99 0 28 1
45 1 66 1
30 1 82 0
29 1 22 1
44 0 99 0
31 0 100 0
58 0 44 1
3 0 89 1
52 0 63 1
48 1 100 1
36 0 19 1
51 1 12 1
94 0 58 1
43 0 46 1
47 0 70 0
23 1 70 1
88 0 71 1
75 0 62 1
26 0 30 1
63 1 49 1
79 0 34 1
68 0 53 1
3 1 71 1
39 0 4 1
100 0 45 1
93 0 26 1
86 1 53 1
12 0 37 0
28 1 90 1
57 0 9 1
17 0 32 1
76 0 48 1
77 0 73 0
5 0 94 1
87 1 72 1
18 0 94 1
53 1 40 1
98 0 31 1
55 1 100 1
67 0 47 1
60 0 26 1
9 0 75 1
24 0 37 0
30 0 73 0
15 0 30 1
11 0 90 1
14 0 58 1
27 0 67 0
62 1 26 1
83 0 29 1
40 0 74 1
58 0 32 1
69 1 59 1
6 0 88 0
1 1 64 1
19 0 4 1
8 0 41 1
20 1 83 1
94 0 53 0
96 0 54 1
15 1 71 1
38 0 76 1
59 0 35 1
12 0 72 1
44 1 87 1
42 0 17 1
91 1 3 1
61 0 11 1
75 0 71 0
47 1 83 1
35 0 50 1
2 0 33 1
76 0 46 0
33 1 9 1
76 0 96 0
58 0 15 1
97 0 15 1
21 0 100 1
74 1 70 1
6 0 100 1
63 1 42 1
60 1 72 1
16 0 30 1
2 0 21 0
50 0 24 0
75 0 40 1
99 0 98 1
27 0 40 1
56 0 11 1
39 0 90 1
74 0 88 1
76 0 81 1
56 0 4 1
13 1 99 0
34 0 11 0
38 1 72 1
91 0 9 0
31 0 45 0
57 0 51 1
93 0 40 1
28 1 31 1
67 0 41 1
27 1 45 1
90 0 26 1
86 1 14 1
87 0 12 0
86 0 20 0
62 0 56 0
4 0 51 1
81 1 68 1
95 1 100 1
31 0 77 1
88 0 28 1
98 0 45 1
93 0 77 1
22 0 45 1
68 0 87 0
6 1 98 1
40 1 84 1
17 0 30 0
48 0 93 1
62 1 98 1
38 0 63 1
46 0 9 1
21 0 10 1
90 0 27 1
36 0 46 0
18 0 26 1
44 1 72 1
53 0 75 0
34 0 27 0
11 0 92 1
23 0 55 0
75 0 27 1
31 0 62 1
9 1 59 1
35 0 76 1
22 0 45 1
49 0 73 0
75 0 95 0
19 0 39 1
18 0 42 1
84 0 52 1
24 0 66 0
74 0 23 1
56 0 14 1
82 0 76 1
5 0 77 1
87 0 8 1
2 0 15 1
59 1 100 1
96 0 11 0
95 0 3 1
14 0 15 1
55 0 72 1
75 0 80 0
61 1 72 0
92 0 55 1
50 0 3 0
36 0 17 1
93 0 23 1
95 0 18 0
27 0 25 1
82 0 9 1
89 1 12 1
87 0 97 1
96 0 36 1
74 1 99 1
72 1 99 1
35 1 98 1
70 0 71 0
65 0 21 1
42 0 38 0
86 0 88 0
66 1 72 1
21 0 32 1
17 1 58 1
64 0 88 1
31 0 50 1
25 0 28 1
92 1 87 1
98 1 18 1
36 0 2 1
29 0 7 1
60 0 68 1
13 1 67 1
42 1 82 0
55 0 42 1
62 0 76 1
71 0 43 1
54 1 18 1
86 1 57 1
92 1 55 1
4 0 85 0
53 0 58 1
83 0 21 1
93 0 13 1
75 0 38 1
36 0 90 1
97 0 5 0
19 1 71 1
44 0 66 1
53 1 56 1
85 0 36 1
6 0 72 1
83 0 22 0
91 0 15 1
6 0 54 1
79 0 18 1
91 0 81 1
13 0 45 0
39 0 13 1
71 0 100 1
37 0 68 1
75 0 61 1
47 0 56 0
99 0 43 1
48 0 44 1
1 0 21 1
93 0 96 1
78 0 9 1
27 0 77 1
40 0 97 0
68 1 66 1
52 0 47 1
46 0 51 1
35 0 42 1
77 1 66 0
53 0 85 1
93 0 78 1
91 1 3 1
72 0 24 1
19 1 82 1
72 0 6 1
34 0 69 1
51 0 78 1
49 0 94 1
36 0 84 0
60 0 48 0
22 0 13 1
7 0 73 1
69 1 39 1
41 0 87 1
89 0 59 1
94 0 21 1
37 0 49 1
46 0 31 1
90 0 93 1
78 1 67 1
46 0 24 0
98 0 81 1
34 1 26 1
96 1 82 1
7 1 69 1
29 0 68 1
97 0 40 0
54 1 53 1
96 0 1 0
3 0 69 1
27 0 84 0
97 0 89 0
6 0 40 1
85 0 13 1
63 0 72 1
8 0 62 1
3 0 63 1
26 0 34 1
7 0 5 0
45 0 83 1
88 0 63 1
16 0 46 1
85 0 1 1
92 0 73 1
22 0 78 1
40 1 64 1
65 0 8 1
52 0 94 1
10 0 26 1
30 1 53 1
51 0 76 1
7 0 73 0
100 0 53 1
68 1 22 0
20 0 61 1
44 0 7 1
28 1 69 1
42 1 88 1
56 0 24 1
80 0 86 1
77 0 30 0
99 0 7 1
55 0 47 1
72 0 86 1
84 0 98 1
72 0 91 1
87 1 64 1
60 0 74 0
75 1 15 1
99 0 89 1
75 0 28 1
40 1 3 1
54 1 41 1
75 0 21 1
63 1 99 0
71 0 97 1
65 1 25 1
32 1 64 1
22 0 53 1
16 0 6 1
80 0 96 1
99 0 25 1
43 1 29 1
6 0 33 1
91 1 29 1
11 0 70 1
64 0 47 1
24 0 67 1
56 0 7 1
77 1 53 1
17 1 13 1
47 0 35 0
76 1 64 0
95 0 79 1
67 0 12 1
83 0 20 1
43 0 4 1
51 1 70 1
69 0 90 0
62 1 41 1
23 1 64 1
15 0 1 1
37 0 13 1
38 0 48 1
71 0 32 1
86 0 76 0
86 1 49 1
33 0 30 1
25 0 46 1
3 0 86 1
32 0 44 1
66 0 17 1
43 0 1 1
95 0 49 1
60 0 34 1
69 1 49 1
29 1 95 1
63 1 94 1
97 1 49 1
17 0 96 1
86 0 69 0
36 1 67 1
16 0 51 1
47 0 72 1
96 1 95 1
49 0 54 1
43 1 95 1
20 1 22 0
69 1 23 1
74 0 100 0
68 1 14 1
76 1 80 0
70 0 35 1
15 0 52 1
72 0 12 0
97 0 2 0
28 0 81 1
62 0 63 1
4 0 23 1
19 1 89 1
22 0 15 1
39 0 22 1
40 1 76 1
95 0 22 0
68 0 86 0
30 1 22 0
35 0 56 1
11 0 41 1
97 1 24 1
36 0 10 1
22 0 32 1
99 0 56 0
91 0 81 1
33 1 83 1
58 0 26 1
10 0 75 1
100 0 5 1
94 0 75 1
58 0 55 1
7 0 28 0
92 0 61 1
36 0 57 1
48 0 6 1
15 0 69 1
49 0 7 1
18 0 41 1
56 0 64 0
74 0 87 1
94 1 24 1
23 0 42 1
26 0 98 1
98 0 22 0
17 0 58 1
98 0 72 0
55 0 71 0
26 0 33 1
65 1 89 1
3 0 38 0
42 0 45 0
41 0 32 1
97 0 40 0
65 0 59 1
19 0 56 0
1 0 70 1
10 0 78 1
63 0 61 1
59 0 86 1
47 1 37 1
59 0 80 0
46 1 6 1
42 0 54 0
75 0 82 1
25 0 92 1
43 0 37 0
81 0 60 1
76 1 53 1
96 0 10 1
57 0 19 1
10 0 98 1
65 1 48 1
29 0 40 1
90 0 34 1
54 1 25 1
11 0 89 1
33 0 23 1
20 0 66 1
76 0 62 0
81 1 99 1
6 0 5 0
40 1 76 1
5 1 92 1
77 1 67 0
38 0 51 1
40 0 54 1
36 0 96 1
82 0 50 1
14 0 51 1
15 1 55 1
12 1 92 1
53 1 55 0
54 0 17 0
73 0 84 0
54 0 50 1
86 0 90 1
62 1 99 1
61 0 94 0
17 0 97 1
52 0 39 0
79 0 90 0
30 0 82 1
34 1 57 1
100 0 35 1
39 0 42 1
86 0 39 0
96 0 62 1
43 0 87 1
86 0 61 0
89 1 26 1
77 1 79 1
91 0 17 1
48 0 19 1
7 0 61 1
26 0 60 1
22 0 4 1
16 0 80 0
62 1 66 1
62 1 57 0
42 1 66 1
58 1 16 1
18 0 69 1
42 0 50 1
34 1 92 0
3 0 15 1
24 0 89 1
79 0 20 1
11 0 40 1
34 1 65 1
42 0 40 0
24 1 95 1
23 0 54 1
19 1 21 1
70 0 61 1
67 0 29 0
17 1 96 1
52 0 81 1
55 0 29 1
45 0 53 1
77 0 84 1
30 0 36 1
91 1 3 1
33 0 8 1
91 0 36 1
34 0 79 0
71 0 51 1
94 0 59 1
84 0 92 1
64 0 39 1
67 0 19 1
13 0 51 0
33 1 57 1
41 0 33 1
35 0 24 0
24 0 85 1
46 0 8 0
18 0 42 1
43 0 88 1
32 1 13 1
73 0 53 1
62 0 17 1
16 0 37 1
38 0 9 1
1 0 65 1
22 0 1 0
75 0 23 1
3 1 85 1
89 0 3 1
10 0 6 1
24 0 9 1
23 0 19 0
100 0 88 1
17 0 19 1
38 0 91 1
40 0 12 0
86 0 97 1
1 0 42 1
38 0 78 1
91 1 35 1
45 0 73 1
72 0 35 1
94 0 48 0
41 0 92 0
63 1 96 1
5 0 45 0
39 0 17 1
5 0 28 1
80 0 93 1
97 0 13 0
48 0 54 1
41 0 12 0
58 0 17 1
27 1 72 1
44 1 84 1
7 0 8 0
95 0 76 1
84 0 95 0
44 0 61 1
43 0 38 1
33 1 91 1
31 0 75 1
3 0 24 1
57 0 99 1
16 0 23 1
28 1 3 1
77 1 99 0
18 0 74 1
99 1 95 1
51 0 45 0
99 0 32 1
80 0 93 1
9 0 99 1
95 0 63 1
17 1 62 1
91 0 26 0
15 0 63 1
61 0 57 1
44 0 32 1
5 0 83 1
21 1 12 0
82 0 47 1
13 1 95 0
77 0 69 0
16 0 82 0
86 0 93 1
54 0 57 0
82 0 41 1
70 0 61 1
5 0 99 0
95 0 46 1
56 0 81 1
85 0 34 1
72 0 6 1
98 0 36 1
53 1 1 0
100 0 19 1
68 0 60 0
25 0 40 1
54 1 78 1
92 0 31 1
22 0 88 1
91 1 26 1
58 0 84 1
41 1 70 1
40 1 91 1
18 0 50 1
11 1 56 1
55 0 73 1
61 0 100 0
95 0 31 1
95 1 100 1
65 1 55 1
5 0 6 1
87 0 13 1
70 0 65 1
86 1 79 1
24 0 39 0
72 0 18 1
36 0 9 1
32 1 62 1
28 1 12 0
100 0 28 1
89 0 52 0
79 0 17 1
88 0 7 1
74 0 17 1
40 1 67 0
41 0 70 1
4 0 35 1
23 0 26 0
16 0 35 1
88 0 77 1
82 0 47 1
63 0 61 1
76 1 67 1
16 0 88 1
66 0 91 1
9 0 87 0
65 1 49 1
73 0 81 1
51 1 32 1
63 1 31 1
21 1 6 1
98 0 24 1
62 0 86 1
36 0 57 0
27 0 13 1
100 0 55 1
47 0 94 1
96 1 3 1
60 1 24 1
20 1 44 0
25 0 71 1
95 0 37 0
56 0 31 1
37 0 34 1
89 1 59 1
49 0 85 0
12 0 42 1
48 1 67 1
76 0 4 0
31 0 26 0
6 0 49 0
49 0 7 1
30 1 29 1
62 1 96 1
30 0 94 0
75 0 83 1
63 0 67 1
31 0 73 1
86 1 10 1
86 1 46 1
35 1 98 1
48 0 97 1
53 1 92 1
16 0 91 1
19 1 13 1
77 0 11 0
77 0 34 1
30 1 35 1
56 0 33 1
54 0 73 0
13 1 48 0
5 0 3 0
38 1 29 1
70 0 68 1
24 0 11 1
59 0 49 1
83 0 90 0
65 0 42 1
98 0 7 1
87 0 76 1
19 0 16 0
92 0 83 1
13 0 87 1
59 0 28 1
41 0 89 1
56 0 78 1
28 0 99 0
42 0 57 1
22 0 34 1
56 1 92 1
78 0 51 1
76 0 1 0
61 0 81 0
56 0 38 1
12 0 8 1
86 0 44 1
86 1 99 0
24 1 57 1
68 1 52 1
3 0 72 1
43 0 56 1
88 0 89 1
19 1 49 1
2 1 43 0
65 0 98 0
89 0 69 0
54 1 73 1
50 0 42 1
64 0 74 1
46 1 90 1
3 0 2 1
62 0 54 0
85 0 42 1
32 0 9 1
56 0 74 1
92 0 31 1
43 0 97 1
75 0 99 0
5 1 60 1
84 0 83 1
13 1 61 1
46 0 18 0
81 1 13 1
43 0 63 1
74 1 44 1
67 0 1 1
76 0 5 0
60 0 63 1
2 0 96 1
25 0 32 1
23 0 73 0
40 0 62 1
97 0 17 0
27 1 74 1
67 0 24 1
74 0 81 1
3 1 95 1
6 0 10 0
8 0 62 1
48 0 11 1
4 1 8 1
9 1 80 1
84 0 26 1
66 0 58 1
20 0 61 0
25 0 76 1
90 1 84 1
48 0 80 0
68 1 76 1
68 0 48 0
43 0 58 1
78 0 5 0
97 0 94 0
90 0 78 1
32 1 56 1
72 0 35 1
93 0 13 1
32 0 41 0
35 0 53 1
2 1 1 1
44 1 22 1
58 0 99 0
100 0 69 1
99 0 79 1
78 0 88 1
59 0 40 1
5 0 72 0
5 0 72 1
22 0 46 1
65 0 38 0
13 0 7 0
31 1 5 1
28 1 18 0
44 0 70 1
19 1 29 1
74 1 44 1
34 1 100 0
92 0 39 1
9 0 56 0
100 0 1 1
91 1 88 1
62 1 11 1
37 0 77 1
65 0 38 0
49 0 73 0
80 0 23 1
36 1 75 1
19 1 18 0
66 0 72 0
64 0 28 1
97 0 47 0
28 0 50 1
22 0 78 1
3 1 10 1
96 0 40 1
90 0 76 1
59 0 19 1
100 0 54 1
100 0 85 1
84 0 14 1
86 0 2 1
84 0 61 1
97 0 25 1
23 0 77 1
9 1 59 1
92 0 97 1
37 0 36 1
36 0 2 1
79 0 78 1
90 0 80 0
60 0 94 1
54 1 11 1
2 0 42 0
95 0 36 1
16 0 5 0
62 1 64 1
3 0 54 1
36 0 12 1
94 0 24 1
18 0 22 1
7 0 59 1
80 0 52 1
56 0 28 1
70 0 77 1
16 0 71 1
62 1 12 1
30 1 8 1
11 0 8 0
37 1 48 1
34 0 5 0
56 0 3 1
70 0 58 0
28 1 72 0
63 1 25 1
47 0 43 0
34 1 42 1
11 1 82 1
74 1 29 1
10 1 80 1
24 0 96 1
65 0 5 0
59 0 74 1
55 0 58 1
91 0 57 0
17 1 15 1
99 0 3 1
71 0 89 1
12 0 65 1
75 1 24 1
75 0 29 1
45 0 28 1
57 0 94 1
45 0 72 1
31 0 78 1
10 1 1 1
28 0 39 0
43 0 39 1
93 1 60 1
17 0 25 1
20 0 99 0
79 0 51 1
96 0 31 1
54 1 12 1
62 1 93 1
46 0 73 1
41 1 15 1
36 0 28 1
45 0 42 1
54 1 60 1
79 0 62 1
50 1 75 1
15 0 23 1
76 1 38 1
18 0 3 1
27 1 57 1
22 0 78 1
30 0 67 1
27 0 94 1
61 1 76 1
78 1 56 1
71 0 13 1
66 0 77 1
15 0 56 0
91 0 55 0
46 0 16 0
41 0 91 0
85 0 46 1
41 0 7 1
28 0 30 0
83 0 89 1
68 1 28 1
36 0 22 0
85 0 15 1
94 0 65 1
8 1 38 1
76 0 17 0
31 0 34 1
48 0 78 1
94 0 27 1
86 0 7 0
10 0 29 1
68 0 6 1
48 1 80 1
94 1 23 1
47 0 84 1
48 0 7 1
65 1 59 0
58 1 92 1
31 0 21 1
65 1 56 0
11 0 55 0
98 0 34 1
100 0 80 0
12 0 60 1
57 0 77 1
65 0 91 1
17 0 65 0
72 0 23 1
31 1 79 1
15 0 87 1
87 0 65 1
69 0 78 1
64 0 49 1
41 0 24 1
77 0 11 0
62 0 18 1
94 0 42 0
7 1 45 1
28 0 15 0
61 1 48 1
61 0 86 0
69 1 54 1
89 1 79 1
16 0 21 1
74 1 5 1
40 1 77 1
11 0 81 1
38 1 90 1
49 0 27 1
38 0 64 0
78 0 85 1
94 0 19 1
7 0 27 0
83 0 25 1
78 0 84 1
40 1 87 1
40 0 74 1
87 0 21 1
19 0 98 1
21 0 33 1
18 1 67 1
73 1 92 1
90 0 79 1
67 1 84 1
17 1 15 1
81 0 57 1
96 1 41 1
18 0 20 1
77 0 89 1
7 0 50 0
64 0 26 1
71 0 67 0
43 0 86 1
20 1 2 1
82 0 91 1
75 0 13 1
41 0 67 0
8 0 24 1
31 0 67 1
10 0 68 1
97 1 50 1
97 0 67 1
10 0 81 1
20 0 55 1
44 0 38 1
76 0 75 1
39 0 33 1
22 1 66 1
9 1 18 1
53 0 69 1
57 0 98 1
6 0 5 0
75 1 73 1
31 1 30 1
81 0 9 0
58 0 60 1
62 0 69 0
81 1 45 1
93 0 32 1
50 1 7 1
82 0 43 0
31 0 57 0
5 0 100 1
3 0 49 1
46 0 95 0
41 0 92 0
1 0 79 1
52 0 64 0
93 0 47 1
25 1 72 1
52 0 99 1
72 0 29 0
61 0 60 0
26 0 2 1
84 1 39 1
5 0 79 1
70 0 68 1
5 0 41 1
97 0 62 0
75 0 65 1
31 0 11 1
89 0 19 0
17 0 57 1
64 1 12 1
68 0 64 1
36 0 84 0
53 0 49 1
85 0 30 1
23 1 33 1
24 0 21 1
92 0 46 1
7 1 80 1
74 0 38 1
9 1 60 1
12 0 39 1
72 0 78 1
94 0 57 1
30 1 100 0
63 1 52 1
79 0 89 1
26 1 71 1
36 1 24 1
94 1 32 1
82 0 63 1
98 1 99 1
18 0 59 0
16 0 83 1
91 0 15 1
60 0 78 1
15 1 73 1
67 0 89 1
61 0 71 1
49 1 99 1
62 0 3 0
72 0 21 1
5 0 89 1
63 0 88 0
68 0 10 0
59 0 28 1
45 0 94 1
43 0 42 1
44 0 16 1
99 0 44 0
91 0 99 0
51 0 85 0
11 1 8 1
31 0 20 1
47 0 31 1
79 0 16 1
39 1 55 1
52 1 37 1
90 0 74 1
32 0 46 0
57 0 85 1
48 1 71 1
99 0 36 1
25 0 63 1
93 1 95 1
23 1 58 1
95 1 57 1
87 0 21 1
20 0 54 0
51 0 2 1
53 0 54 1
33 0 43 0
54 1 45 1
90 0 5 1
26 1 93 1
15 0 74 1
27 1 8 1
90 0 78 1
59 0 90 0
52 1 89 1
65 0 16 0
75 1 45 1
57 0 3 1
65 1 87 1
5 0 19 1
38 1 70 1
58 0 89 1
46 0 97 1
30 1 88 1
5 1 38 1
57 0 7 1
5 0 19 1
23 0 83 0
91 0 69 1
35 1 85 1
93 0 15 1
70 0 3 0
95 0 27 1
76 1 46 1
89 0 28 1
75 0 50 1
45 0 47 1
52 0 81 1
57 0 32 1
59 0 61 1
81 0 27 1
90 0 9 1
80 0 86 1
57 0 93 1
31 0 97 1
52 1 22 0
96 0 72 1
24 1 45 1
13 0 39 0
66 0 9 1
57 0 31 1
50 1 5 1
19 0 39 1
12 1 92 1
12 0 99 1
56 0 70 1
89 0 83 1
89 1 60 1
12 0 11 1
77 1 3 1
54 1 65 1
99 0 58 1
2 0 26 0
91 0 55 0
90 0 59 0
27 0 53 1
59 0 3 1
82 0 11 1
15 0 32 1
70 0 100 0
40 1 32 1
26 0 45 1
3 0 57 0
34 1 60 1
2 1 1 0
89 0 47 0
9 0 48 1
99 0 48 0
47 0 20 1
76 0 35 1
44 0 85 1
50 0 76 1
20 0 28 0
21 1 2 1
99 0 30 1
63 0 70 1
44 0 11 1
34 1 29 0
35 0 23 1
18 0 36 1
73 0 15 1
40 0 44 0
47 1 83 1
10 0 47 1
11 0 46 0
23 1 18 1
23 1 17 1
25 1 5 1
45 0 75 1
16 0 57 1
7 0 1 1
34 0 88 1
35 0 3 0
95 0 28 1
69 0 59 0
100 0 65 1
60 0 40 1
83 1 4 1
62 0 36 0
92 0 14 1
34 0 86 1
23 1 87 1
17 0 72 0
66 0 17 1
56 0 88 1
42 1 66 1
69 0 38 1
21 0 70 0
44 0 1 0
84 1 82 1
20 0 10 0
96 0 16 1
30 0 28 1
11 0 47 0
18 0 16 1
66 0 20 1
63 0 51 0
43 0 85 1
38 0 20 1
69 0 3 1
67 0 68 1
89 1 37 0
60 0 96 1
62 0 66 0
24 0 32 1
8 0 34 1
80 0 64 0
58 0 99 1
59 0 7 1
5 1 29 1
58 1 87 1
10 0 53 1
22 0 68 1
42 0 13 1
84 0 24 1
71 0 7 1
79 1 41 1
84 0 75 1
87 0 52 1
79 0 50 1
44 0 60 1
72 0 62 1
90 0 30 1
2 0 49 0
42 0 75 1
33 0 19 0
78 0 100 0
41 0 59 1
40 0 8 0
79 1 88 1
72 0 17 1
68 0 77 0
6 0 12 0
99 0 70 1
54 0 78 1
52 0 68 0
59 0 16 1
45 0 80 0
55 0 67 0
34 1 51 1
24 0 62 1
27 0 17 1
53 0 83 1
97 0 83 1
79 0 89 1
43 0 98 1
80 1 72 1
57 0 79 1
5 0 79 1
11 1 15 1
53 0 7 0
50 1 75 1
88 0 10 1
62 1 44 0
99 0 63 1
43 1 57 1
6 0 29 1
5 0 53 1
67 0 27 1
55 0 90 0
35 1 10 1
77 0 23 0
43 0 33 1
95 0 45 1
86 1 54 1
89 1 100 1
34 1 67 1
87 0 59 0
47 0 99 1
7 0 50 0
78 0 47 0
72 0 66 0
44 0 37 0
42 0 2 0
3 0 58 0
85 1 1 1
30 0 56 0
37 0 81 1
13 0 78 1
2 0 47 1
87 0 28 1
51 0 91 1
69 0 41 1
73 0 31 1
34 0 33 1
91 1 24 1
92 0 81 1
74 0 23 1
64 0 70 1
35 0 65 1
94 0 24 0
13 1 36 1
87 0 30 1
12 0 25 1
48 0 67 0
87 0 85 1
16 0 41 1
6 0 15 0
79 0 57 1
32 1 1 1
23 0 11 0
51 1 60 1
59 0 22 0
17 0 25 1
32 0 28 0
56 0 73 1
1 0 51 1
2 0 62 1
1 0 55 1
38 0 71 0
19 0 53 1
90 0 30 1
12 0 30 1
14 0 26 1
39 0 86 1
15 0 81 1
13 0 42 0
6 0 92 0
71 0 42 1
14 0 37 0
68 0 66 1
88 0 30 1
83 0 65 1
92 0 41 1
68 1 9 1
90 0 5 1
23 0 14 1
25 0 63 1
40 1 99 1
99 0 83 1
75 0 100 0
43 0 76 1
49 0 77 1
57 0 63 1
32 0 34 1
14 0 65 1
95 0 14 1
29 0 99 1
44 0 22 1
71 1 100 1
89 0 69 0
65 0 97 0
52 0 23 1
11 0 43 1
22 1 67 1
39 0 13 1
59 0 58 1
37 0 97 1
22 0 8 1
5 0 19 1
44 0 61 1
65 0 49 0
49 0 63 1
85 0 68 1
11 0 22 0
30 0 67 0
39 0 75 1
79 0 18 0
21 1 22 0
39 0 52 1
14 0 94 1
14 1 80 1
3 0 40 1
56 0 27 1
47 0 66 0
64 0 37 0
10 0 12 0
49 0 66 0
65 0 13 0
35 1 41 1
55 0 90 1
88 0 92 1
81 1 45 1
54 0 3 1
13 1 32 1
92 0 34 1
83 1 6 1
47 0 28 1
17 1 43 1
42 1 20 1
17 0 94 1
5 0 7 1
62 0 41 1
1 0 42 1
42 0 25 0
1 0 5 1
62 1 76 1
7 0 49 1
90 0 85 1
39 0 28 1
19 1 42 1
21 1 53 1
9 0 12 0
88 1 55 1
19 0 55 1
46 0 62 1
50 1 29 1
65 1 49 1
88 0 29 0
44 0 23 1
78 1 59 1
58 0 12 1
56 0 34 1
11 0 76 1
91 0 75 0
86 0 94 0
96 0 20 1
36 1 25 1
91 0 23 1
100 0 51 1
64 0 85 1
79 1 57 1
61 0 74 1
71 0 27 1
85 0 90 1
78 0 58 1
1 0 66 1
26 0 73 1
86 0 28 1
19 0 10 1
85 0 45 0
33 0 22 1
20 0 27 1
72 0 35 1
84 0 96 1
49 0 95 1
55 0 45 1
81 1 33 1
29 0 9 1
60 1 22 1
61 0 21 0
7 1 58 1
43 0 46 1
51 0 71 1
42 1 96 1
1 0 71 0
66 0 49 1
99 0 64 0
55 0 29 0
94 1 28 1
21 1 1 1
39 0 82 0
15 0 14 1
37 0 61 1
8 0 2 1
51 1 74 1
21 0 78 0
60 0 80 0
48 1 1 1
77 0 96 1
80 0 47 1
73 0 10 1
60 1 37 1
77 0 37 1
76 1 79 1
17 0 65 1
36 0 89 1
38 0 25 1
86 1 10 1
42 1 15 1
88 1 24 1
72 0 66 1
81 0 98 1
19 0 11 1
1 1 48 1
20 1 9 1
98 0 59 0
56 0 98 1
49 0 53 1
93 0 65 1
98 0 95 0
57 0 61 1
61 0 98 1
7 0 78 1
72 0 67 1
61 0 83 1
75 1 56 1
22 0 82 0
77 1 71 0
37 0 18 0
28 0 13 0
88 0 61 1
23 0 26 0
86 1 44 0
17 0 86 1
27 0 69 1
66 0 48 1
71 0 4 1
96 1 41 1
4 1 12 1
58 0 7 1
2 1 85 1
63 0 72 0
37 0 45 1
96 0 55 1
35 0 82 1
43 0 81 1
26 0 74 1
53 1 57 0
7 0 98 1
55 0 74 1
46 0 97 1
99 0 62 1
33 0 34 0
18 0 2 1
36 0 58 0
80 0 41 1
27 0 20 1
92 0 86 1
90 0 66 1
66 0 1 1
63 0 95 1
48 0 21 1
99 0 59 1
48 0 72 1
100 0 85 1
34 0 4 1
77 0 4 1
67 0 9 1
53 1 56 1
5 0 62 1
22 0 24 1
57 0 11 1
58 0 19 1
69 0 25 1
56 0 8 1
69 0 13 0
10 0 11 1
14 1 72 1
13 1 86 1
59 0 83 1
45 0 15 1
83 0 26 0
37 1 57 1
94 0 75 1
24 0 12 1
91 0 13 1
18 0 60 1
37 0 24 1
79 0 21 1
94 1 27 1
86 1 92 0
3 0 20 1
37 0 22 1
62 1 1 1
60 1 39 1
7 0 43 0
83 0 36 0
3 1 99 1
61 0 67 1
76 1 97 1
32 0 37 1
64 0 28 1
81 0 59 0
28 1 63 1
58 0 2 1
100 0 2 1
99 0 39 0
72 0 83 1
38 0 16 0
8 0 90 1
82 0 68 1
39 0 63 1
13 1 25 1
22 0 50 1
27 0 29 0
86 0 84 0
12 1 92 1
46 0 44 1
96 0 17 1
32 1 98 1
23 0 67 1
44 0 28 1
53 1 20 1
47 0 17 1
19 1 90 0
56 0 55 0
39 0 23 1
29 0 84 0
55 0 61 1
14 0 100 1
56 0 77 1
44 0 50 1
29 0 97 1
17 0 27 0
65 1 63 1
50 0 82 1
29 0 71 1
8 0 34 1
57 0 89 1
82 0 26 1
54 0 95 1
78 1 93 1
96 1 4 1
2 1 41 1
7 0 71 1
54 0 80 0
43 1 95 1
21 0 56 0
18 0 33 1
17 0 62 0
17 0 72 1
14 0 12 1
71 0 14 1
80 0 4 1
64 0 22 1
53 0 12 1
32 1 3 1
97 1 96 1
53 1 74 1
83 0 57 1
83 0 65 1
65 0 1 0
24 0 19 1
85 0 3 1
41 0 73 1
55 0 34 1
16 0 84 0
54 0 69 1
51 0 52 1
41 1 46 1
52 1 7 1
17 1 40 1
36 0 39 1
92 0 96 1
24 0 36 1
96 1 43 1
97 1 35 1
71 0 33 1
21 0 72 0
32 0 81 0
38 1 12 1
33 0 72 0
63 1 74 1
13 1 72 1
18 1 48 1
38 0 15 1
87 0 68 1
4 0 75 1
58 0 95 0
39 0 52 1
1 0 70 1
81 0 19 0
66 0 89 1
7 1 24 1
92 0 51 1
57 0 75 1
59 0 36 1
11 0 44 0
43 0 91 1
15 0 32 1
26 0 71 1
8 0 32 1
50 0 80 0
7 0 38 1
96 0 70 0
86 1 64 1
61 0 96 1
54 0 93 0
56 0 37 1
13 0 19 0
52 0 60 1
60 0 50 1
71 0 46 1
26 0 43 1
59 0 56 0
10 1 57 1
65 0 32 1
17 1 84 1
85 0 41 1
29 0 33 1
95 0 23 1
62 1 79 1
20 0 95 1
87 0 16 1
79 0 41 0
59 0 27 1
84 0 91 1
3 0 29 1
9 0 67 1
68 1 8 1
81 1 82 1
69 0 29 0
68 1 35 1
13 0 73 1
15 0 94 1
7 1 38 1
24 0 50 1
32 1 44 1
3 0 14 0
50 0 74 0
99 0 3 1
88 1 96 1
38 0 22 0
22 0 66 1
85 0 93 0
98 0 86 1
87 1 56 1
50 0 66 1
86 0 15 1
22 0 92 0
74 1 57 1
33 0 6 1
13 0 92 0
59 0 64 1
74 0 10 0
48 0 95 0
68 0 26 0
55 0 9 1
39 0 79 1
94 1 10 1
50 1 67 0
11 1 93 1
91 0 93 0
72 0 29 0
78 1 25 1
22 1 71 1
29 1 82 1
10 0 35 1
13 1 36 1
55 0 77 1
22 0 16 1
26 0 12 0
62 0 43 1
44 0 90 1
46 0 36 1
67 0 25 1
8 0 82 1
99 0 21 1
78 0 7 1
81 1 82 1
16 0 26 1
42 0 58 1
55 0 72 0
20 0 4 0
68 1 96 1
63 1 67 0
14 0 38 0
88 0 19 1
53 0 81 0
46 0 9 1
40 1 18 0
53 0 69 1
60 0 51 1
87 0 69 1
71 0 56 0
97 1 65 1
38 0 77 1
4 0 45 0
92 0 48 1
96 0 97 1
16 0 88 1
50 0 45 0
7 0 70 0
8 0 49 1
31 0 6 0
95 0 45 1
89 0 92 1
97 0 65 1
42 0 60 1
3 0 40 1
30 0 36 1
16 0 63 1
67 0 75 1
29 0 28 1
68 0 65 1
95 0 34 1
13 1 6 1
71 1 57 1
78 0 69 1
2 0 39 1
88 0 67 0
98 0 79 1
17 1 82 1
74 0 25 1
22 0 28 1
23 0 45 1
36 0 30 1
58 0 5 0
96 0 60 1
36 0 70 0
89 1 21 1
38 0 39 1
99 1 72 1
3 0 65 1
25 0 68 1
89 0 6 0
53 0 38 0
21 1 95 1
35 0 22 1
18 0 99 0
63 0 53 1
57 0 5 1
99 0 86 1
27 0 76 1
19 0 63 1
43 1 12 1
31 1 27 1
86 0 31 1
85 0 83 1
50 0 45 0
60 0 48 0
11 0 20 1
14 0 43 1
60 0 83 1
94 0 76 0
22 0 91 1
8 0 64 1
35 0 58 1
94 0 38 0
48 0 16 1
77 0 48 0
2 0 93 0
39 0 38 1
90 0 30 1
5 0 1 0
56 0 76 1
65 0 74 1
49 0 25 1
4 0 20 1
9 0 64 1
97 0 39 1
22 1 1 1
79 0 75 0
83 0 7 1
76 0 93 1
42 0 99 0
82 0 7 1
78 0 41 0
88 0 38 0
64 0 21 1
11 1 48 1
84 0 11 1
1 0 60 1
83 0 18 1
90 0 36 1
14 1 29 1
79 0 53 1
76 0 79 1
33 0 80 1
58 0 9 0
23 0 44 0
26 1 38 1
100 0 95 0
35 0 19 1
5 0 2 1
96 1 43 1
20 0 76 1
61 0 24 1
9 0 86 1
94 0 68 1
84 0 63 1
37 0 78 1
75 0 87 1
38 0 82 1
32 0 5 1
42 0 3 1
55 0 3 1
48 0 21 1
31 0 50 1
56 0 30 1
89 1 45 1
96 0 27 0
87 0 6 1
86 1 45 1
100 0 30 1
20 0 96 0
14 0 31 1
5 0 73 1
89 0 63 1
32 0 22 1
26 0 36 1
32 1 46 1
39 0 43 0
34 0 50 1
59 0 76 1
83 0 37 0
72 0 60 1
54 0 37 0
18 0 69 1
36 0 83 0
46 0 55 0
95 0 94 1
70 1 29 1
1 0 50 1
32 0 54 0
90 0 54 1
91 0 81 1
36 1 4 1
97 0 46 0
70 0 83 1
70 0 51 1
79 0 81 1
98 0 45 0
81 0 37 1
9 0 34 1
99 0 22 1
31 0 63 0
97 1 55 0
82 0 99 0
75 0 28 1
9 1 87 1
79 0 12 1
32 0 74 0
38 0 94 1
15 0 1 0
29 0 20 1
39 0 69 1
56 0 85 1
5 1 1 1
32 0 90 1
16 0 38 0
63 0 57 0
12 0 93 1
92 0 88 1
35 0 10 1
15 0 84 0
58 0 36 1
72 0 69 1
68 1 17 1
86 0 48 0
67 0 94 1
12 0 19 1
49 0 34 1
69 0 17 0
25 0 92 0
99 0 61 1
37 0 65 1
24 0 78 1
43 1 90 1
51 1 9 1
13 0 8 0
11 0 32 1
69 0 30 0
7 0 37 1
67 0 74 1
43 0 8 1
23 0 17 1
92 0 48 0
2 0 96 0
54 0 81 0
65 0 8 1
72 0 29 1
98 0 88 1
94 1 96 1
38 0 15 1
21 1 38 1
89 0 82 0
51 1 85 1
67 0 68 1
28 0 21 1
46 1 24 1
92 0 19 1
22 1 64 1
5 1 1 1
96 1 16 1
62 0 2 1
31 0 54 1
45 0 79 1
50 0 35 0
51 1 98 1
80 0 95 1
25 1 41 1
22 0 43 0
19 1 81 1
84 0 18 0
20 1 99 1
10 0 80 1
46 0 87 1
95 0 42 1
63 0 26 0
13 0 72 0
32 0 18 0
32 0 45 0
63 0 70 0
89 1 13 1
12 0 45 1
52 1 82 1
85 0 21 1
75 0 21 1
31 1 77 1
9 0 28 1
75 0 90 0
59 1 92 1
84 0 34 1
83 0 49 1
51 0 60 0
26 0 67 1
91 0 27 0
8 0 30 1
73 0 65 1
74 0 76 1
56 0 63 1
79 0 51 1
52 0 79 1
99 1 56 1
90 0 49 1
73 0 38 0
26 1 71 1
56 0 73 1
35 0 4 1
9 0 88 1
79 0 17 1
9 0 39 1
13 0 4 1
23 0 46 0
48 0 36 1
15 0 23 1
69 1 66 1
65 1 12 1
63 0 13 1
36 0 9 1
36 0 43 0
55 0 13 1
41 1 58 1
93 0 17 1
98 0 50 1
38 1 58 1
10 0 4 1
63 1 4 1
48 0 13 1
9 0 10 1
35 0 77 1
26 1 79 1
13 1 47 1
34 0 14 1
64 0 97 1
30 0 74 0
18 0 61 1
61 0 81 1
53 0 91 0
55 1 37 1
79 0 7 1
58 0 67 0
44 0 11 1
96 0 85 0
20 1 82 1
78 0 91 1
69 1 28 1
41 0 32 1
4 1 96 1
2 0 24 0
60 0 46 1
89 1 8 1
39 0 89 1
98 0 49 1
38 0 67 1
85 0 67 0
98 0 18 1
6 0 5 1
85 0 89 1
68 1 72 0
6 0 40 1
35 0 12 1
27 0 84 1
33 0 51 0
13 1 15 1
33 0 56 0
5 0 31 1
43 0 59 1
47 1 35 1
84 0 94 1
68 0 18 0
57 1 84 1
29 0 87 0
91 0 80 1
96 1 98 1
94 0 31 1
44 0 87 0
63 0 76 1
55 0 89 1
45 0 38 0
44 0 70 1
13 0 87 1
71 0 23 1
55 1 22 1
42 1 61 1
18 0 39 0
52 0 40 1
99 0 27 1
99 0 17 1
37 0 75 1
65 0 79 0
63 0 61 0
63 0 72 1
19 1 74 1
28 0 33 0
15 0 35 1
76 0 33 1
99 0 93 1
33 1 73 1
33 0 9 0
24 0 40 1
14 0 95 1
53 0 83 1
65 1 36 1
59 0 30 1
82 0 13 1
20 0 32 1
84 0 19 1
52 0 24 1
8 0 23 1
29 0 81 1
39 0 50 1
39 0 23 1
38 0 68 1
20 1 8 1
92 0 99 1
32 0 5 0
5 0 85 0
42 1 83 1
82 0 96 1
54 1 67 1
23 0 25 1
94 1 18 0
24 0 44 1
14 1 90 1
40 1 38 1
10 0 24 0
18 0 72 1
63 0 69 1
36 1 46 1
78 0 1 1
23 0 50 0
60 0 50 1
48 0 65 1
19 0 55 1
95 1 44 1
15 0 28 1
75 1 91 1
28 1 21 1
42 0 21 1
73 0 67 1
99 0 63 1
94 0 26 1
65 0 15 0
75 0 98 0
69 1 44 1
46 0 89 1
36 0 86 1
97 0 92 0
57 0 82 0
15 0 90 0
82 0 49 1
98 1 24 1
49 0 50 1
38 0 96 1
40 0 32 0
64 0 94 1
9 0 41 1
17 1 69 1
51 0 40 0
78 1 1 1
79 0 4 0
37 0 73 1
6 0 98 1
3 0 1 1
74 0 6 1
89 0 11 0
53 1 45 1
86 0 71 1
4 0 71 1
68 1 45 1
84 0 91 1
72 0 65 1
31 0 16 0
89 0 62 0
8 0 88 1
28 0 53 0
71 0 65 1
52 1 10 1
19 1 45 1
76 0 26 1
8 0 53 1
72 0 95 0
17 0 48 1
82 0 60 1
35 0 69 1
4 0 83 0
88 0 54 1
37 0 61 1
34 1 68 1
46 0 92 1
98 0 28 1
8 0 26 1
34 0 9 1
56 0 83 1
93 0 6 1
28 1 87 1
26 1 44 1
97 0 70 0
36 0 23 1
12 0 34 1
49 0 41 0
87 0 32 1
5 0 2 1
29 0 45 1
88 0 91 0
59 0 24 1
51 1 35 1
15 0 59 0
41 0 28 1
28 0 32 0
61 1 96 1
93 1 66 1
39 0 85 1
17 0 78 0
14 0 8 1
15 0 23 1
44 0 93 1
64 0 29 1
13 0 32 0
53 1 32 1
33 0 92 0
41 1 98 1
10 0 24 1
40 0 10 0
7 1 80 1
62 0 40 1
16 0 93 1
37 0 73 1
18 0 10 1
92 0 100 1
70 0 16 0
59 0 38 1
65 1 53 1
48 0 43 1
69 0 27 1
22 0 28 1
75 0 43 0
68 1 18 0
59 0 58 1
17 1 56 0
30 0 84 0
58 0 7 1
87 0 93 1
51 0 32 0
6 0 96 1
43 0 79 1
55 0 32 1
59 0 33 1
69 1 74 1
16 0 63 1
88 1 48 1
72 0 36 1
34 0 1 1
93 1 1 1
18 1 87 1
81 0 77 0
63 0 71 0
4 0 35 1
37 0 56 1
78 0 65 1
36 0 58 1
90 0 45 1
6 0 20 1
2 0 32 1
91 0 40 1
61 1 95 0
64 0 58 1
89 0 6 0
7 0 9 0
54 0 79 0
61 1 54 1
83 0 34 1
10 0 25 1
83 0 45 1
37 0 92 0
36 1 26 1
6 0 12 1
68 1 66 1
56 1 72 1
20 1 25 1
35 0 19 1
87 0 13 1
88 0 75 0
78 1 5 1
35 0 26 0
98 0 69 1
54 0 91 0
3 0 46 1
7 0 76 1
11 1 78 1
97 1 73 1
43 0 37 1
93 0 33 1
42 1 33 1
96 0 49 0
42 0 37 1
8 0 15 1
73 0 39 0
94 0 96 0
41 0 86 1
72 0 20 1
49 0 31 1
66 0 75 1
33 0 62 1
69 1 31 1
99 0 87 1
4 1 49 1
70 0 21 1
71 0 40 1
49 0 50 1
86 0 30 0
20 0 90 1
11 0 97 1
90 0 34 1
75 0 40 1
59 0 3 1
84 0 76 1
78 0 35 1
43 0 62 1
1 0 46 1
92 0 20 1
59 0 11 1
28 0 20 0
37 0 50 1
39 0 82 1
86 0 62 1
96 0 58 1
56 1 1 1
86 0 50 0
2 1 48 1
38 0 85 1
82 0 47 1
1 0 11 1
10 0 99 0
82 0 91 1
28 1 93 1
99 0 64 0
44 0 16 1
20 0 4 1
3 0 31 1
100 0 32 1
47 0 34 1
76 0 4 0
53 0 100 0
89 0 99 0
38 0 28 1
43 0 20 1
85 0 30 1
85 0 79 1
53 1 94 1
72 0 59 0
45 0 22 0
95 0 8 1
32 0 83 0
89 0 29 0
94 1 82 0
61 1 95 0
48 0 10 1
36 0 2 1
