50 100
9 1 43 0
25 0 8 1
18 0 7 0
18 0 11 1
44 0 6 1
20 1 8 1
2 0 5 1
19 1 17 1
4 0 27 1
31 1 35 1
4 0 25 1
24 0 31 1
34 0 21 0
34 0 13 0
35 0 47 1
39 1 21 1
26 0 15 1
32 0 28 1
46 1 43 1
36 0 14 1
12 0 18 1
30 0 22 1
28 1 33 1
3 0 10 0
19 0 25 1
10 1 39 1
18 0 4 1
3 0 7 1
39 1 7 1
1 1 29 1
19 0 13 0
28 1 5 1
46 0 33 0
43 0 31 1
38 0 1 1
15 0 34 1
17 0 46 1
27 0 14 1
49 0 35 1
10 0 28 1
23 0 26 1
45 0 4 1
7 0 40 1
24 0 17 1
14 0 33 1
45 0 36 1
38 0 30 0
45 0 38 1
45 0 3 1
38 1 1 1
31 0 39 1
48 0 42 1
50 0 16 1
49 0 38 1
44 1 35 1
28 0 38 1
24 0 17 1
6 0 20 1
47 0 36 1
24 0 6 1
13 0 31 1
50 1 33 1
36 0 11 1
14 0 39 1
30 1 34 1
31 0 39 1
31 0 23 1
5 0 3 1
7 1 29 1
21 0 12 1
9 0 33 0
22 0 34 1
22 1 18 1
24 0 10 1
22 0 14 1
12 0 40 1
41 0 6 1
32 1 33 1
9 1 43 1
10 0 39 1
41 1 25 1
31 0 44 0
15 0 42 0
1 1 29 1
38 0 18 0
22 0 50 1
38 1 16 1
7 0 42 1
5 0 23 0
37 1 50 1
10 1 6 1
37 0 38 1
47 1 13 1
24 0 43 1
31 0 41 1
36 1 42 1
45 0 37 1
46 1 39 1
48 0 15 1
32 0 39 1
