44 4444
31 2 41 3
32 1 8 4
26 2 43 3
21 4 29 4
25 0 14 4
44 0 12 4
24 0 26 2
9 0 5 1
7 1 38 2
37 3 11 2
9 0 2 1
33 4 25 4
4 0 5 3
15 2 2 4
43 4 16 2
28 4 14 0
20 1 12 3
19 0 42 4
38 4 24 2
21 1 30 2
31 2 12 4
28 4 6 3
4 1 43 3
8 3 34 1
42 0 23 0
20 4 29 4
33 1 12 2
29 4 36 4
4 2 41 3
38 2 34 1
37 3 34 2
28 0 1 4
3 0 5 2
29 1 3 3
27 0 24 4
39 4 7 1
9 4 17 1
43 0 23 2
29 1 3 2
1 0 32 2
9 1 13 1
26 4 8 4
44 4 2 2
26 2 12 4
31 1 24 2
44 0 21 2
32 0 11 4
24 1 34 1
11 1 44 1
28 0 11 2
40 1 25 4
22 0 44 0
12 0 3 2
10 2 14 2
1 2 16 1
6 3 42 2
32 0 18 0
6 2 2 1
9 3 31 3
37 0 34 3
26 0 28 3
13 4 16 0
11 0 18 1
33 1 27 4
31 0 7 3
17 0 27 0
33 3 2 3
39 1 1 1
7 4 41 4
9 4 26 3
14 1 34 2
20 3 8 2
31 2 42 2
8 4 2 1
29 4 25 3
3 1 25 3
32 3 7 4
1 4 30 1
13 4 25 0
38 2 19 2
10 4 38 3
30 4 12 2
18 1 30 2
8 1 18 1
4 3 44 0
9 1 30 0
10 4 43 0
11 0 35 0
10 2 14 3
24 0 30 0
8 0 19 4
38 0 20 0
30 2 2 3
32 4 6 3
26 1 29 4
30 0 12 4
29 4 7 2
33 3 25 3
28 0 2 4
42 1 35 1
22 0 35 4
17 0 29 4
38 4 14 3
29 3 19 2
10 1 44 4
37 3 2 2
4 0 34 4
11 1 19 4
24 0 30 1
25 0 10 3
28 3 44 3
39 3 37 3
40 1 21 0
27 4 14 3
14 3 22 2
29 0 10 2
30 3 2 3
4 3 35 0
36 0 13 2
38 0 12 4
8 4 31 2
39 3 42 3
8 2 3 3
42 4 7 3
10 1 7 2
19 1 29 2
32 0 33 0
17 0 16 0
26 1 4 2
39 4 18 1
4 0 42 2
32 1 17 3
18 2 35 2
22 4 43 3
39 0 21 4
42 0 7 2
15 0 19 0
39 0 23 0
27 1 34 2
25 0 44 3
4 0 38 1
16 0 36 4
22 4 14 3
11 0 26 3
17 4 7 4
39 4 25 4
16 0 41 2
15 4 34 3
39 0 6 1
42 4 41 2
7 4 29 2
29 0 38 3
42 0 2 1
8 0 40 3
4 2 23 4
1 3 30 4
5 2 2 1
28 0 30 4
33 0 11 3
17 2 36 4
26 4 10 4
15 0 23 0
13 1 35 0
26 1 29 2
28 3 30 3
28 4 40 4
27 3 19 2
20 4 44 2
38 4 19 1
4 0 8 2
28 0 36 4
30 4 29 3
33 4 12 3
9 4 15 2
4 0 42 1
8 3 41 4
1 3 11 1
40 0 21 4
26 1 29 1
14 4 13 3
20 1 2 1
9 1 41 1
18 2 29 3
7 0 40 3
4 2 30 4
17 1 34 1
37 0 31 2
11 4 36 0
5 1 17 4
5 0 42 4
2 1 37 2
4 3 41 1
13 1 35 2
16 3 35 2
11 1 22 2
42 0 37 2
28 0 19 4
15 3 2 0
26 0 14 4
10 1 27 1
31 3 8 3
17 1 44 3
5 2 14 2
8 1 37 4
39 4 11 2
17 4 42 2
8 0 25 2
32 1 38 0
32 2 17 2
10 3 18 2
40 0 3 4
44 3 25 3
30 0 35 2
10 0 3 3
38 1 20 1
40 1 19 0
22 0 27 1
6 1 24 4
39 4 25 1
31 3 27 2
32 0 37 2
26 1 44 3
21 0 7 2
19 0 33 2
21 0 2 0
5 0 17 0
1 0 36 0
13 2 16 2
29 0 12 3
1 1 4 4
22 0 14 1
26 2 13 3
29 4 2 2
6 4 19 1
31 3 42 3
14 0 25 4
26 1 29 3
40 1 25 3
36 0 23 1
8 1 9 2
15 1 13 3
33 3 23 4
17 2 3 2
24 0 11 3
23 3 2 3
11 2 34 4
24 0 36 3
33 4 3 4
11 4 25 1
42 4 34 2
34 0 27 2
9 2 14 0
5 4 11 1
28 4 44 0
35 0 16 4
26 1 8 2
6 2 19 3
22 1 24 2
9 2 7 2
42 4 30 3
6 4 42 2
10 2 18 2
39 1 7 3
26 1 28 3
20 0 24 1
7 1 23 2
38 2 34 3
22 0 42 4
11 0 17 2
4 0 17 2
34 0 3 1
1 0 42 2
23 4 18 2
22 3 14 3
18 1 21 1
6 2 26 3
12 4 23 2
20 1 11 2
28 0 40 3
38 4 27 0
37 4 20 2
11 4 35 2
12 0 42 3
39 3 30 2
9 4 44 1
39 1 1 3
1 4 21 3
37 3 21 2
40 0 5 3
8 3 44 2
13 0 24 4
4 3 44 2
30 1 1 2
38 1 35 3
10 0 23 3
11 0 40 4
39 0 26 4
8 1 13 1
12 1 34 0
27 1 29 2
31 1 36 0
14 1 42 3
4 3 21 3
9 4 25 4
37 4 44 4
20 2 23 2
4 2 43 2
1 1 36 0
20 0 41 0
42 4 21 3
8 2 2 4
22 0 8 2
27 4 29 2
34 1 21 2
39 2 13 2
42 3 7 2
10 0 35 4
16 0 34 3
8 1 24 3
14 0 25 1
9 4 38 0
6 0 30 2
33 4 5 2
25 4 34 3
31 2 19 1
15 1 22 4
15 2 7 2
9 1 2 1
35 0 21 1
32 0 36 3
11 1 18 3
15 0 2 2
38 1 30 3
31 4 37 3
1 4 34 0
35 1 44 3
33 0 36 4
5 3 10 3
24 4 35 1
31 0 35 2
10 0 26 3
9 4 7 1
25 4 7 2
28 2 36 4
14 1 20 2
13 1 38 4
17 0 40 4
14 0 31 2
24 3 43 4
6 1 8 4
36 1 44 2
33 2 24 3
31 1 22 2
7 4 16 4
1 1 28 3
25 3 3 3
28 4 41 0
4 2 34 0
24 2 34 3
38 0 2 0
40 3 27 2
15 0 41 4
8 4 41 4
9 2 40 2
31 0 44 0
33 4 27 0
32 0 22 2
20 0 29 4
27 1 25 1
12 3 42 3
39 0 13 4
14 1 29 2
2 1 19 4
24 0 36 0
24 1 43 2
37 4 24 2
39 0 15 0
33 1 23 4
31 3 25 4
43 4 18 3
36 0 21 1
1 3 19 1
9 1 8 0
7 4 21 4
32 2 11 1
1 1 23 2
6 1 8 1
2 3 23 2
21 1 19 4
28 0 33 1
19 3 23 2
32 1 23 3
4 0 24 2
13 3 37 3
33 1 25 3
35 0 2 4
5 3 35 1
1 3 16 4
39 0 12 2
25 0 2 4
4 0 30 1
6 3 22 3
20 4 38 2
24 4 23 2
43 0 29 2
42 0 21 2
20 1 3 0
31 2 43 3
38 2 27 3
18 0 30 2
20 4 29 1
27 2 29 3
5 4 10 4
14 0 40 1
19 3 2 2
18 4 21 2
2 0 7 3
18 0 24 4
5 2 16 4
17 4 21 2
20 3 14 4
31 2 30 4
5 3 29 4
3 0 44 4
19 0 27 4
39 0 44 2
38 0 11 0
12 0 7 1
33 1 36 3
32 0 39 0
39 4 10 1
6 3 24 4
31 3 12 0
6 1 37 4
24 4 5 3
10 1 8 2
38 3 34 0
8 1 19 3
31 0 22 1
23 1 19 2
9 1 10 3
30 1 40 2
33 1 16 3
10 1 19 0
12 0 25 0
23 0 22 4
33 4 10 3
42 0 35 1
42 0 41 1
15 4 39 2
28 0 23 1
26 3 25 1
39 0 37 2
5 0 2 0
28 0 19 0
17 1 31 2
5 1 27 1
6 3 12 4
9 1 22 0
26 2 41 4
6 4 27 1
5 1 31 2
36 4 23 3
12 0 11 2
15 2 25 1
26 0 35 0
31 4 19 4
1 0 3 2
26 4 43 1
11 0 19 0
42 1 21 2
33 1 22 0
26 3 35 2
44 0 42 3
17 1 3 4
28 3 25 4
39 3 13 4
13 2 37 2
5 0 10 0
8 0 38 0
12 0 44 4
22 1 11 4
15 4 28 2
28 2 4 2
10 4 11 3
13 1 18 3
22 4 7 1
11 3 35 2
24 1 43 3
17 1 27 2
31 4 3 4
17 3 2 4
31 4 5 3
28 3 17 2
13 0 42 3
27 1 40 3
4 2 7 1
30 1 42 0
41 0 35 1
13 0 37 0
2 4 7 2
19 4 7 2
9 0 41 0
39 2 41 2
38 4 35 4
5 0 38 4
6 1 41 4
22 1 14 1
37 4 3 3
14 1 40 2
28 0 24 1
19 3 2 3
32 2 29 1
33 1 16 0
17 0 35 1
32 1 3 0
32 1 44 3
20 2 35 4
4 4 13 4
32 0 2 2
15 1 31 2
30 0 35 4
27 1 12 2
34 1 3 3
8 3 3 3
30 4 25 0
18 2 23 2
9 3 19 2
26 0 42 2
17 3 21 3
4 1 38 2
14 0 35 3
32 1 26 1
9 0 33 0
39 3 10 4
6 1 16 4
40 3 29 4
1 0 8 2
44 0 13 2
32 1 22 3
33 3 21 1
15 2 14 2
9 0 18 3
13 1 36 4
32 1 12 1
39 1 42 2
32 2 16 1
15 3 37 1
14 4 11 2
35 0 34 1
27 1 29 3
5 2 20 3
6 3 10 3
8 3 21 2
16 0 29 4
30 4 12 4
14 4 18 3
4 1 21 4
30 4 14 2
38 3 18 4
23 4 43 4
15 1 3 1
1 1 20 4
31 1 2 1
13 0 18 1
5 4 7 2
16 4 40 2
8 2 16 3
33 4 34 0
1 0 22 2
32 1 23 0
3 0 16 3
4 2 2 2
8 3 19 1
40 2 29 1
32 1 30 1
41 0 3 4
37 3 7 2
44 0 37 1
20 0 14 4
15 4 36 3
15 2 17 2
14 0 41 1
33 4 34 2
1 4 25 3
39 1 32 4
22 0 30 3
26 1 40 4
34 4 44 2
7 1 12 3
16 0 27 4
9 1 43 1
30 0 37 2
32 4 6 4
22 0 36 4
12 1 44 4
33 4 7 1
12 0 41 2
33 1 13 1
41 0 16 4
31 4 28 3
5 0 29 1
12 4 42 3
28 2 12 4
39 3 26 2
9 2 22 2
38 0 40 2
15 0 5 4
38 2 11 2
20 0 43 0
40 4 18 3
23 0 42 1
20 1 44 3
4 0 41 2
42 0 7 4
31 1 36 4
4 4 15 3
32 0 35 1
32 4 29 4
42 1 27 4
31 1 38 3
6 3 21 0
31 1 12 4
8 2 35 1
14 3 43 2
8 1 23 2
33 3 2 4
18 4 34 1
8 1 18 3
39 4 17 1
33 1 8 3
17 4 12 1
13 2 21 3
20 4 41 4
39 3 35 4
33 1 8 2
31 4 43 0
20 4 14 1
15 4 7 3
36 0 34 2
19 3 36 2
10 0 19 2
11 1 21 0
8 1 27 2
42 1 30 2
22 2 3 2
32 1 4 4
36 1 41 4
28 4 35 2
24 1 20 2
28 1 29 4
28 4 23 1
42 3 35 3
5 4 4 2
42 3 12 2
10 4 2 1
26 1 6 4
34 0 35 4
23 1 37 2
1 1 14 3
28 0 23 0
10 0 22 3
22 0 25 0
32 1 29 3
33 4 38 3
9 1 3 2
26 0 3 1
19 1 3 3
27 1 16 3
15 1 31 4
28 0 30 2
39 4 5 2
12 4 37 3
32 2 7 1
32 3 25 1
4 3 38 3
43 1 3 3
2 4 17 2
9 4 36 4
7 0 40 2
5 4 23 0
17 0 11 2
13 0 2 2
44 4 14 4
11 0 35 1
28 4 2 4
40 0 24 4
19 1 21 2
28 3 27 1
24 2 27 2
16 0 34 0
15 0 5 1
32 0 19 3
26 2 19 2
13 3 17 2
26 0 30 3
13 1 39 2
33 1 22 3
39 4 16 3
31 3 41 1
32 3 2 1
4 4 43 2
39 0 20 3
17 2 34 4
9 4 16 4
7 0 16 2
18 1 25 3
36 4 34 2
22 1 36 0
1 0 28 2
9 1 4 4
39 2 26 2
10 1 30 1
40 4 2 3
8 4 3 2
14 1 7 1
39 3 11 2
26 1 41 4
16 1 3 1
26 0 27 0
37 1 44 3
30 4 25 3
30 2 43 4
8 2 17 2
18 0 43 0
11 0 1 2
9 3 24 3
31 2 24 2
5 0 2 1
27 4 29 1
15 1 36 4
21 0 8 3
39 2 15 2
21 2 36 3
8 4 42 0
24 0 27 2
9 4 7 4
6 2 43 0
5 4 11 0
12 0 34 1
6 3 34 1
20 2 23 3
18 1 14 3
32 2 27 1
4 3 11 1
33 1 36 4
28 1 31 1
9 0 18 1
2 1 7 2
7 0 19 2
2 4 44 2
26 1 35 0
33 0 36 0
37 0 16 2
14 1 42 4
26 1 44 4
28 0 2 0
8 1 43 4
4 1 18 3
20 2 25 4
1 4 6 4
10 2 38 2
13 4 25 3
3 0 36 0
44 0 30 1
29 2 35 2
17 3 36 2
42 4 35 2
12 3 27 2
42 1 23 2
44 0 21 0
13 2 36 2
4 1 24 4
4 2 35 4
30 1 44 1
41 2 43 2
40 4 11 2
38 1 35 0
6 1 8 0
23 4 27 3
5 1 34 1
21 3 43 3
1 0 43 0
20 4 43 2
32 2 17 4
32 1 42 0
16 4 21 2
17 4 22 3
6 0 35 1
4 0 24 3
3 4 43 1
29 1 44 3
10 4 38 4
39 3 16 0
2 3 35 2
24 1 21 0
9 4 7 3
38 1 23 4
8 0 14 2
33 0 19 3
4 1 23 2
26 3 14 4
10 4 36 4
8 1 26 2
15 1 27 1
10 0 18 1
3 1 16 2
4 1 31 3
38 0 1 3
19 1 16 2
5 0 4 3
4 3 29 2
15 0 16 3
3 2 41 2
8 3 2 3
10 0 39 3
18 1 37 2
20 0 36 2
13 4 33 2
34 4 2 2
21 1 7 3
10 1 3 1
12 2 3 2
44 0 15 2
10 4 29 2
20 0 23 0
4 4 11 4
10 0 42 2
2 4 36 1
14 4 18 4
39 4 33 4
4 2 7 2
27 0 14 4
38 2 20 2
13 0 7 3
13 0 10 2
5 1 22 4
26 2 25 3
37 2 12 2
10 4 3 1
7 0 44 1
31 4 44 2
26 2 13 2
3 1 29 2
19 3 43 2
9 1 4 1
10 3 7 1
6 3 5 2
8 4 22 1
31 4 29 1
27 0 19 4
38 2 43 2
44 0 22 2
4 3 42 0
1 3 14 0
7 4 34 4
5 4 13 3
2 1 14 3
40 1 35 1
37 0 36 4
34 3 29 2
39 0 42 4
15 2 27 3
1 0 44 2
9 2 36 2
16 4 34 2
21 0 43 3
12 0 29 1
1 1 42 4
28 3 21 0
14 0 42 3
15 0 14 4
1 4 42 4
39 1 14 4
19 0 30 3
16 4 27 3
41 4 37 2
20 0 8 3
28 2 14 0
17 1 23 1
2 0 7 2
27 0 2 0
28 0 44 3
28 1 23 0
13 1 27 3
38 1 2 4
38 0 2 2
6 4 7 4
5 4 3 2
36 1 34 4
34 1 41 3
13 3 23 2
5 4 43 0
34 0 11 3
24 0 33 3
4 1 3 4
19 0 7 1
30 1 31 2
20 0 6 4
38 3 35 0
32 2 20 4
34 3 43 3
30 4 12 1
30 0 24 3
27 0 21 4
34 0 20 3
8 0 30 3
11 4 23 2
8 0 42 1
32 4 35 0
3 4 34 4
31 1 15 3
4 2 19 0
5 3 29 2
5 2 44 3
17 4 29 4
24 4 44 3
10 2 24 3
37 4 16 1
40 2 17 2
14 1 27 4
6 4 41 0
33 0 30 1
21 0 19 0
1 0 28 3
5 2 23 2
4 3 15 3
18 4 17 3
42 4 21 4
42 1 41 2
5 1 40 3
26 1 14 1
15 0 25 4
1 2 38 3
8 2 16 1
12 0 41 0
6 1 10 4
37 1 22 3
35 0 29 3
23 1 30 3
41 2 35 2
4 1 12 3
32 4 20 0
8 2 14 3
10 0 14 1
12 4 22 3
29 0 12 2
3 1 12 2
32 0 5 2
37 3 43 3
18 0 21 3
10 0 8 4
8 1 38 3
1 3 41 1
1 1 19 0
3 1 34 4
39 1 29 3
9 2 8 3
23 4 34 4
23 0 16 0
38 4 19 0
7 4 35 4
40 2 35 2
3 0 29 1
18 2 2 2
8 1 26 3
8 0 12 3
33 0 18 0
27 1 37 2
1 1 3 1
16 1 20 2
9 2 12 4
15 3 31 2
5 1 4 2
39 3 15 2
16 4 41 1
15 1 30 3
8 0 2 0
39 4 19 4
28 4 19 0
42 0 35 3
16 3 35 3
23 4 3 2
6 4 13 4
16 4 34 3
27 2 43 2
3 1 17 3
13 0 38 2
36 3 35 2
4 1 35 2
11 0 27 2
5 0 17 2
5 0 15 1
33 2 7 3
38 3 41 2
36 4 14 2
33 1 26 4
33 1 43 0
7 4 23 2
39 4 36 3
14 4 12 3
8 0 35 0
33 2 36 4
2 4 16 3
1 1 22 0
24 0 19 3
19 0 37 2
31 1 29 3
20 1 22 0
40 1 37 2
33 1 12 3
36 4 23 2
9 0 32 1
8 0 22 4
15 0 38 4
15 4 44 0
9 2 40 3
20 0 8 1
44 0 33 3
10 1 34 1
1 2 19 2
21 1 12 2
7 0 14 2
30 3 3 3
15 3 38 2
39 3 43 0
32 0 20 2
6 4 24 3
8 2 20 2
41 4 21 2
31 2 11 2
24 1 29 3
39 2 44 4
9 4 14 0
5 4 8 3
25 0 12 2
26 1 22 2
41 1 29 3
9 1 14 4
37 2 34 3
14 3 36 2
4 1 5 3
1 2 25 3
31 0 17 2
11 2 14 2
44 0 19 3
26 1 13 3
6 4 30 4
33 3 37 3
38 0 34 2
28 4 39 2
20 2 30 3
40 2 25 3
24 0 29 1
18 0 16 4
13 0 34 0
31 0 41 2
43 1 12 2
39 0 12 0
25 4 17 2
44 4 22 2
6 1 14 2
32 2 16 2
35 0 42 4
14 0 17 3
24 0 44 1
31 2 29 4
31 1 44 0
32 4 24 3
15 3 44 2
20 4 33 2
14 1 43 1
10 0 1 4
24 0 43 4
25 1 27 3
27 3 34 3
27 0 36 0
26 4 36 3
31 3 21 4
13 4 34 1
42 4 25 2
32 2 18 0
19 1 3 2
32 4 20 1
24 4 37 4
6 3 34 3
11 0 10 4
32 1 10 2
33 4 30 3
1 0 17 4
16 1 37 3
38 1 43 0
37 0 43 3
3 1 35 3
1 3 42 1
20 3 23 4
14 1 36 3
12 1 18 2
31 3 42 0
39 3 25 4
18 0 1 2
23 0 41 1
40 0 36 4
39 0 32 2
41 1 34 3
32 0 24 3
15 4 43 3
13 4 17 3
9 2 29 0
8 4 18 2
11 0 23 1
31 3 19 1
26 4 14 0
9 4 34 0
8 2 34 3
27 1 36 1
28 4 23 0
10 3 23 2
6 1 2 2
42 1 7 4
5 1 9 2
5 4 43 2
41 0 22 2
37 0 15 2
22 0 7 4
44 0 27 2
30 1 2 3
21 0 36 3
40 0 42 1
39 4 37 0
10 0 40 4
30 0 36 4
13 3 43 1
14 1 35 2
36 0 2 3
2 1 25 2
16 1 19 3
1 1 17 1
40 1 27 3
2 0 34 3
40 1 41 0
15 1 43 0
4 0 18 3
11 1 41 1
12 4 42 2
32 1 40 0
33 0 9 4
35 1 2 4
28 0 14 4
4 3 40 4
32 4 18 2
26 0 16 4
5 3 19 4
15 4 25 2
31 4 20 2
28 4 7 3
30 1 12 3
26 1 23 0
18 3 21 3
28 4 21 2
26 4 37 2
21 0 30 2
17 2 19 2
20 1 13 4
35 4 37 2
17 0 11 1
34 1 7 3
13 0 14 1
9 4 39 3
14 1 11 3
5 0 22 1
5 3 2 4
42 0 27 3
6 3 26 3
40 4 10 2
17 0 35 0
17 3 36 3
26 3 17 4
16 1 35 1
33 3 14 3
40 1 37 3
2 1 3 3
32 0 37 4
28 4 23 3
3 3 34 3
18 3 25 2
34 0 2 1
29 1 7 2
24 3 42 2
12 1 34 2
15 4 40 4
19 0 42 1
14 1 23 2
6 1 21 2
1 4 12 2
38 1 2 3
31 1 40 2
1 0 15 0
26 1 18 4
30 0 11 1
24 1 8 3
35 0 7 3
32 2 19 0
32 3 35 0
11 2 29 3
33 0 3 4
4 0 11 0
26 3 29 1
33 3 40 3
20 1 21 0
39 0 10 1
42 0 36 2
7 1 36 3
13 2 35 2
25 1 30 3
15 1 5 4
28 3 41 4
6 1 37 1
24 1 15 3
25 0 11 2
17 1 11 3
31 1 41 3
23 4 43 2
6 2 13 3
28 2 29 0
13 2 17 3
18 0 36 2
19 0 41 4
25 0 7 2
35 2 36 2
9 1 35 2
1 2 22 1
39 0 23 1
22 1 17 2
33 1 29 3
31 1 15 4
8 4 23 1
1 2 22 4
20 2 23 4
7 1 14 3
18 0 17 2
17 3 34 2
20 4 14 0
32 0 23 4
4 4 37 1
14 1 29 1
29 0 35 2
22 0 5 3
8 4 30 2
27 1 21 4
9 2 26 3
20 0 32 2
20 1 21 3
16 4 30 2
10 2 25 4
32 0 44 0
39 1 21 1
11 4 36 4
4 1 23 0
6 3 19 3
28 1 26 2
25 3 34 3
17 4 12 4
44 0 23 2
33 2 37 2
40 1 23 2
26 4 11 1
11 1 42 3
10 4 11 4
7 2 23 2
15 1 16 0
28 4 20 4
14 4 27 4
42 0 24 2
10 1 40 2
39 4 27 3
4 1 20 3
9 4 15 4
17 1 8 3
28 2 20 4
32 1 1 3
33 0 3 0
25 1 41 3
9 1 22 4
35 3 41 2
32 0 11 0
19 2 36 2
39 0 26 3
1 0 24 0
16 4 18 3
7 1 23 1
29 0 11 3
10 4 42 4
1 0 14 2
5 1 26 4
28 2 23 0
16 0 12 3
29 4 12 3
24 1 17 1
9 0 33 1
5 3 43 2
44 4 7 4
25 0 43 4
20 0 40 0
7 2 35 3
9 4 22 1
16 0 19 4
8 2 21 2
33 0 43 4
30 0 32 2
4 1 27 0
17 0 36 2
25 0 8 2
24 0 8 3
26 1 24 0
6 2 29 2
32 1 36 2
28 3 3 0
39 1 8 0
36 3 34 2
36 0 22 3
4 1 38 1
38 1 34 0
4 1 26 4
23 4 12 2
36 0 25 3
15 3 27 4
5 2 24 3
26 2 35 3
44 0 3 2
36 1 14 2
38 1 15 2
15 4 38 3
39 1 26 4
2 3 3 3
31 1 25 0
1 1 3 3
26 0 34 4
5 4 8 2
26 0 17 1
5 4 41 0
33 3 3 2
15 1 11 2
6 0 14 4
33 0 42 3
17 4 35 0
42 4 19 4
38 1 40 2
4 1 43 4
30 4 20 2
13 4 19 2
11 1 33 2
30 3 29 2
11 4 8 3
23 0 37 2
38 3 34 3
35 4 36 4
39 3 22 1
37 1 35 3
32 2 25 3
10 0 37 3
21 1 3 2
18 0 11 2
26 2 18 3
5 1 21 1
37 0 3 2
4 1 6 3
25 4 43 4
8 0 42 0
26 0 13 4
3 1 25 2
1 3 24 4
5 0 15 2
18 1 42 4
39 4 29 0
20 2 21 4
6 0 3 0
35 0 25 2
1 4 38 4
26 2 27 1
25 0 36 3
4 2 14 2
16 0 36 3
13 1 29 0
6 2 27 4
35 1 21 2
33 2 8 2
26 2 8 2
1 1 32 2
7 0 24 4
32 1 30 3
8 3 36 0
5 0 37 4
44 1 21 1
5 4 42 2
26 0 5 3
8 0 23 3
21 1 43 4
24 0 25 3
41 0 42 2
22 0 18 0
13 4 3 4
10 0 20 2
43 1 25 2
7 1 12 4
44 1 14 4
6 0 22 3
12 4 11 2
31 4 13 3
20 4 25 2
32 3 20 1
18 4 42 3
31 0 3 3
9 0 3 4
4 3 35 3
43 4 36 3
38 1 5 2
29 0 37 3
21 4 37 2
18 4 36 2
33 0 29 1
12 1 2 1
20 3 40 2
9 3 14 2
26 0 7 3
5 3 36 2
28 3 25 0
8 0 2 4
43 0 35 3
7 4 22 2
9 1 13 3
2 0 10 3
37 1 12 2
33 3 29 1
32 3 34 3
9 4 15 1
35 4 19 2
38 1 29 3
6 3 10 2
4 0 15 4
6 3 23 2
15 3 23 4
16 4 36 1
42 4 18 3
39 0 8 3
1 1 34 4
4 1 27 2
20 4 10 3
16 0 3 2
15 2 22 3
6 2 18 1
12 0 36 4
30 4 35 1
31 2 44 4
3 0 37 4
9 0 36 1
24 4 16 0
12 4 17 3
37 2 41 3
22 3 35 2
18 3 23 3
1 1 22 2
42 4 35 4
19 0 38 3
13 1 14 0
12 4 3 3
1 4 23 4
28 4 7 2
32 4 42 0
16 3 23 2
8 0 16 1
12 3 3 3
39 4 7 3
30 0 27 2
41 2 29 2
17 4 35 2
5 3 25 2
1 3 35 1
4 3 7 3
4 0 28 2
23 1 22 3
27 0 36 4
12 2 23 3
22 0 25 4
1 4 29 3
17 1 2 1
6 1 5 3
38 4 33 2
31 1 14 2
26 3 14 1
26 4 24 3
14 0 21 0
15 0 34 0
20 1 24 2
30 2 43 1
19 0 35 4
40 0 44 1
8 0 29 3
31 4 7 2
20 0 14 1
26 0 43 1
23 0 12 1
43 1 14 2
37 1 44 2
12 1 22 3
26 3 30 3
1 0 37 1
39 3 25 2
38 3 20 3
36 1 7 2
15 0 30 0
33 3 22 3
39 1 40 1
17 3 18 3
24 0 43 3
14 2 2 3
19 4 2 2
39 1 38 1
3 3 16 2
23 4 2 3
6 0 33 3
31 1 37 0
26 3 8 3
1 4 42 3
36 0 34 4
10 1 7 1
26 0 40 1
1 3 22 3
36 0 23 2
39 3 42 4
36 1 37 2
10 2 36 0
9 0 43 0
1 4 25 0
9 3 8 3
15 2 13 2
31 1 34 1
18 0 17 1
34 1 22 3
23 1 27 3
26 2 34 1
27 4 13 2
13 1 22 3
2 2 3 2
40 4 29 0
23 0 36 3
15 3 43 0
40 3 34 2
39 3 18 2
30 1 15 3
28 3 20 3
31 1 13 4
2 0 36 0
33 3 22 2
18 2 16 2
13 4 16 3
8 0 29 2
43 1 36 2
16 4 43 4
27 0 44 4
7 0 41 2
3 4 36 4
5 0 36 2
4 1 18 4
41 1 21 3
2 4 43 1
28 4 12 3
21 1 2 4
32 1 44 2
30 0 1 3
22 1 25 1
29 4 43 4
4 2 19 1
27 1 17 3
7 0 38 2
40 1 20 4
33 1 10 4
17 1 44 1
33 4 4 3
28 4 16 2
28 4 35 4
19 1 13 2
18 1 22 2
14 4 34 2
10 1 5 2
18 0 22 2
39 2 7 0
40 4 16 4
22 1 7 2
42 0 33 3
15 4 20 3
20 3 7 3
20 3 27 3
8 1 43 2
12 2 43 2
4 1 24 3
40 3 41 1
13 0 40 0
22 0 38 3
19 1 25 2
33 1 21 1
39 3 11 4
31 3 15 2
31 4 1 3
13 0 11 0
39 3 34 4
9 0 5 2
24 0 44 2
13 3 38 2
21 0 29 1
25 0 23 2
32 3 33 3
32 1 20 3
12 0 27 0
33 2 38 3
1 1 29 0
36 0 27 3
33 2 43 2
32 4 41 2
13 1 27 0
21 1 43 1
9 3 21 0
33 3 38 2
4 4 2 2
27 0 35 3
9 4 4 2
40 1 18 4
25 1 43 2
8 3 3 4
39 4 20 0
5 1 3 3
24 1 43 4
2 0 18 1
2 4 34 4
34 1 35 4
26 4 33 4
26 1 14 2
10 2 35 3
17 4 29 3
44 3 29 2
23 2 35 3
31 3 33 2
40 0 19 0
17 3 3 4
9 2 33 3
11 1 42 2
4 4 3 2
32 0 37 0
40 1 34 1
11 0 26 2
33 1 26 2
3 1 16 3
41 1 23 4
24 2 11 2
11 2 43 3
2 1 11 3
44 0 38 3
44 1 7 3
4 1 42 4
31 0 26 3
16 1 3 2
5 4 25 0
33 3 15 2
24 1 42 0
14 2 43 2
23 1 40 3
1 2 40 4
27 4 43 3
35 0 3 1
26 0 15 1
9 2 16 1
23 2 2 2
1 2 18 4
15 3 21 4
8 4 20 2
24 0 20 4
23 2 34 3
31 0 18 4
28 3 32 2
6 1 26 3
3 4 25 2
12 3 42 2
32 0 5 1
10 4 2 3
17 4 5 3
23 0 27 3
42 0 15 3
22 0 18 3
17 2 44 3
28 0 18 1
4 3 12 0
39 3 30 3
28 3 19 4
8 4 14 4
42 1 2 1
37 0 18 3
33 4 3 1
4 3 2 2
1 4 24 3
15 4 25 0
13 0 5 1
28 2 23 3
24 1 40 2
18 1 42 2
5 0 1 2
24 4 12 1
5 1 4 3
44 3 23 2
31 0 16 3
31 3 34 0
26 1 18 2
9 1 6 4
40 1 6 2
10 1 23 4
17 3 25 2
37 4 23 4
10 1 28 2
44 4 23 1
30 2 21 2
6 0 31 4
1 0 8 3
42 4 35 3
26 2 16 1
10 4 34 4
4 3 14 1
11 0 12 0
38 4 39 2
31 4 25 2
39 4 26 3
23 1 38 2
4 1 37 3
4 3 35 4
10 3 24 2
37 1 34 1
31 2 42 3
17 1 18 4
33 4 21 4
33 0 41 2
33 0 8 0
15 0 37 2
5 4 12 4
24 4 33 3
17 0 35 3
2 1 23 2
22 4 3 1
38 2 44 2
26 4 40 3
30 4 44 2
9 2 31 2
30 4 34 1
21 0 42 3
8 1 16 1
1 1 30 1
1 1 27 2
28 3 29 4
31 4 37 0
9 1 43 4
28 0 6 1
14 4 23 4
6 4 13 3
39 3 38 4
32 1 18 1
11 2 21 2
26 0 44 2
10 4 27 3
15 4 12 3
32 1 4 1
33 4 29 3
40 0 34 4
27 0 8 2
1 4 10 1
38 1 34 3
8 4 27 3
13 1 5 3
6 2 3 2
9 4 43 0
10 1 5 4
22 0 28 3
37 0 17 1
31 4 9 3
28 0 26 0
28 2 25 2
33 3 23 1
44 1 40 3
27 1 41 2
3 0 34 2
1 4 12 0
33 0 8 4
38 2 29 1
28 4 33 1
17 1 12 1
39 1 19 3
11 3 29 2
5 2 24 2
44 1 37 3
24 1 42 1
26 0 42 0
6 4 10 3
6 2 44 4
21 3 19 2
6 1 1 3
4 1 12 1
24 0 32 3
40 2 29 4
20 1 42 1
10 0 19 4
31 0 34 4
40 0 31 3
14 0 20 3
4 1 16 1
24 0 5 3
13 0 17 0
28 4 17 1
13 0 24 0
28 1 19 4
38 2 34 2
39 2 17 4
17 4 2 2
9 3 30 1
1 2 14 3
23 4 16 4
30 1 26 2
13 4 22 3
31 0 26 2
15 4 8 4
31 0 6 1
11 0 14 0
31 0 43 0
15 0 14 3
5 0 14 3
28 2 36 0
42 4 13 2
4 1 16 2
33 3 7 1
31 4 26 4
10 3 41 4
16 0 21 2
1 0 30 4
44 0 38 4
35 1 27 3
1 0 38 2
40 0 23 3
23 0 30 3
40 3 35 4
5 0 26 1
10 2 43 4
22 0 35 1
24 1 4 2
8 4 36 0
10 0 3 2
24 1 36 1
29 4 16 2
34 1 25 2
13 0 36 1
33 0 41 0
37 0 26 3
10 1 14 2
20 0 6 3
27 4 43 2
33 0 24 2
19 1 25 3
25 0 27 2
6 4 14 4
44 3 34 3
10 2 16 3
17 0 3 1
44 4 41 3
2 4 19 3
13 4 42 1
15 1 25 2
8 4 3 4
27 2 43 3
32 0 26 1
37 4 23 1
28 3 33 2
39 4 20 2
3 1 40 2
37 0 27 1
28 1 11 1
31 4 27 4
24 1 22 3
28 0 1 3
42 1 7 2
1 4 35 4
28 1 23 1
37 3 34 4
11 0 3 1
1 3 9 2
1 3 41 0
1 3 28 2
18 1 34 3
13 0 2 0
35 4 18 2
11 4 14 2
1 3 10 2
9 4 12 0
37 1 23 2
9 2 27 0
18 0 12 2
15 0 28 1
31 4 24 3
31 4 12 2
6 2 25 0
10 1 41 2
14 3 7 2
4 0 12 3
5 1 17 1
14 4 34 1
41 0 3 3
17 0 44 1
10 0 7 3
39 0 16 0
9 2 44 4
15 3 5 2
24 0 25 1
11 4 22 3
1 2 35 3
1 3 35 0
15 4 22 2
13 1 21 3
26 0 18 4
15 2 36 0
30 3 18 2
28 4 10 4
39 2 43 3
11 1 3 3
33 3 18 2
4 2 18 4
10 2 29 4
27 0 17 3
31 4 11 0
28 0 29 2
30 3 16 3
13 0 2 3
15 3 17 2
39 4 17 4
42 0 41 3
43 1 19 2
10 2 18 3
37 0 2 0
32 0 42 3
13 0 21 0
38 0 30 3
28 1 18 1
17 1 14 2
6 0 25 4
35 0 30 2
18 0 19 4
7 4 41 2
5 3 42 1
38 3 24 3
33 1 21 0
44 0 27 4
33 3 10 3
5 4 13 2
39 3 43 2
3 4 27 3
20 0 10 4
29 0 44 2
10 0 7 0
12 1 16 1
34 0 43 4
1 3 10 3
4 3 7 1
6 0 26 3
12 2 34 3
28 4 38 2
4 0 22 1
5 4 3 1
9 1 16 3
4 1 14 2
32 4 27 2
13 1 2 2
7 0 25 0
3 0 35 0
9 0 12 1
31 0 11 0
1 3 20 3
14 4 12 4
37 4 2 4
5 4 2 3
30 0 14 1
24 4 11 4
5 3 34 0
17 0 13 4
26 1 9 2
33 1 11 3
38 4 21 0
23 0 20 3
42 0 20 2
16 0 7 4
1 1 37 2
17 2 14 2
10 1 35 3
38 4 26 3
5 0 41 2
7 3 34 2
39 3 44 0
39 4 18 3
31 1 41 4
31 1 38 4
39 3 25 0
9 0 10 2
36 4 18 2
31 1 20 0
21 2 3 2
25 0 16 4
36 0 16 1
8 4 30 4
9 0 6 2
20 0 22 3
41 1 35 1
26 2 27 3
9 4 44 4
1 3 40 3
26 1 42 3
30 0 18 4
6 1 40 0
26 4 11 0
20 0 12 3
44 4 43 2
13 4 36 2
4 0 13 2
32 1 5 3
13 4 30 2
37 1 2 3
21 0 42 4
32 1 12 4
39 3 27 0
25 2 29 2
36 0 27 4
15 4 6 3
5 1 19 4
39 4 38 0
12 0 2 3
22 0 23 2
24 1 9 2
8 1 15 2
33 1 11 0
44 0 40 3
32 2 44 2
5 1 35 2
39 1 32 2
31 3 21 0
17 4 8 3
1 0 17 3
10 3 16 3
8 3 34 4
31 4 14 0
24 4 20 2
44 1 21 4
8 0 21 1
21 4 29 1
28 2 21 0
26 4 36 1
32 2 12 1
38 4 22 4
22 0 43 1
44 0 17 3
26 4 40 2
13 3 25 1
7 4 14 2
28 0 21 1
14 1 22 3
28 1 31 2
21 0 37 1
24 0 12 4
32 3 12 1
30 1 27 2
35 3 34 3
4 2 34 4
28 1 23 3
6 3 38 2
5 2 11 2
37 1 41 2
30 4 16 3
39 4 33 2
37 2 41 2
38 4 18 3
17 0 2 1
32 4 33 1
21 1 41 3
38 0 31 3
39 3 41 2
19 4 36 2
9 2 14 1
43 4 36 2
14 0 27 2
38 1 37 1
28 2 15 3
31 1 28 3
15 0 11 3
31 4 41 0
16 0 41 1
19 0 23 3
39 2 8 3
15 4 29 2
39 3 29 2
15 3 16 0
2 4 42 3
22 4 29 4
11 4 38 3
40 0 39 3
9 4 42 1
30 1 34 4
11 0 29 0
10 0 21 0
44 4 18 2
7 1 34 4
4 1 43 2
1 2 16 2
31 4 3 3
30 0 10 4
15 3 43 1
32 2 2 0
37 3 41 2
4 4 35 1
20 4 8 3
20 3 18 3
24 0 18 0
17 4 11 2
30 4 42 3
27 0 35 1
6 2 42 3
25 1 42 4
13 2 16 3
11 4 16 2
39 0 8 1
1 3 40 1
12 0 43 3
1 1 44 4
20 2 17 3
28 1 30 2
10 1 23 1
44 1 34 1
21 0 14 3
5 4 42 4
17 1 20 2
8 4 30 1
44 1 23 2
30 4 23 0
30 1 35 1
1 3 23 4
20 2 37 2
27 4 35 1
1 4 10 2
2 4 44 3
17 0 36 0
8 1 19 2
38 0 29 2
4 0 44 3
10 4 36 0
9 1 36 4
8 1 21 2
28 2 16 1
23 1 36 2
5 2 2 2
10 4 22 4
7 0 12 0
35 0 36 4
5 1 17 2
5 4 43 1
37 0 12 2
26 1 43 2
28 1 27 0
39 1 32 3
3 3 19 2
26 0 14 2
4 3 16 0
1 4 35 1
31 3 44 4
24 0 41 4
14 2 27 2
6 4 2 4
15 0 12 0
9 1 2 2
20 4 7 3
36 0 8 2
34 1 43 1
44 0 16 3
20 2 36 3
15 1 28 3
27 0 34 0
12 0 29 3
24 1 14 2
7 0 10 3
30 2 29 4
24 2 37 3
8 4 7 2
38 2 25 3
21 4 16 3
26 0 29 0
9 0 43 1
41 0 2 1
3 0 43 4
25 0 41 3
4 4 29 4
32 1 6 4
6 4 12 4
40 1 44 4
1 0 29 4
14 0 37 4
32 2 4 3
8 2 36 3
39 4 40 4
39 0 34 3
37 1 21 4
32 3 38 2
13 3 25 2
7 2 36 2
36 0 41 2
13 3 18 4
33 2 17 2
40 0 8 3
5 4 26 3
39 3 18 4
31 4 29 0
32 3 31 3
7 0 42 3
29 0 41 3
20 4 39 2
6 1 23 1
38 4 34 2
9 1 37 4
42 4 16 4
25 1 19 2
41 4 25 3
28 0 15 1
28 4 18 1
10 4 17 2
30 0 43 3
4 3 3 2
9 4 3 2
38 1 5 3
38 3 19 1
31 4 43 1
5 1 43 4
33 0 41 1
40 4 33 2
21 1 13 2
14 0 43 2
24 1 16 0
17 4 21 4
28 0 27 0
9 3 18 2
9 4 30 1
32 3 28 2
5 1 34 0
25 2 35 2
31 1 18 2
33 0 13 2
32 2 43 4
10 0 17 0
39 0 31 4
24 3 25 2
6 3 11 1
4 4 41 4
9 0 25 2
18 2 16 3
22 0 25 2
23 0 2 4
6 4 14 1
30 1 21 0
2 0 44 3
28 4 18 3
42 0 13 3
15 1 17 3
28 1 11 0
28 0 9 3
28 0 8 4
1 4 13 2
17 2 41 2
20 4 35 0
39 2 37 3
9 0 24 3
13 0 7 4
11 0 23 0
26 3 14 2
26 3 11 3
4 3 19 2
7 0 14 3
25 0 7 4
16 4 7 3
6 0 15 0
37 4 29 3
40 4 12 1
26 4 4 3
38 0 8 1
22 0 26 2
27 0 29 4
7 4 2 3
32 3 27 4
7 1 21 1
26 0 28 2
24 0 22 1
13 3 11 2
31 4 41 4
38 1 17 1
16 3 41 3
32 0 33 3
28 3 40 4
40 0 1 3
7 1 11 3
28 0 41 1
1 0 18 4
1 1 23 1
3 0 11 2
11 3 23 3
26 1 3 4
33 0 36 3
15 0 12 3
11 4 41 3
5 3 41 1
29 0 35 3
6 1 41 0
1 4 29 2
4 3 36 1
15 1 19 1
13 1 26 3
39 0 8 0
13 3 40 3
22 0 16 4
36 1 2 2
15 3 25 4
30 4 2 0
32 0 29 3
11 3 17 2
33 1 17 1
8 3 27 2
7 0 11 2
27 4 7 2
23 0 3 2
28 2 7 3
22 4 18 1
21 0 12 3
17 2 37 2
21 3 19 3
37 0 13 1
5 1 11 3
3 0 41 1
19 1 36 2
2 0 12 3
1 3 23 1
12 2 35 2
17 1 24 3
15 2 30 2
27 1 21 1
40 0 37 3
13 1 28 2
31 0 21 1
27 4 25 3
24 2 41 2
1 3 27 2
6 3 43 0
6 4 10 2
11 0 3 3
33 4 42 1
28 4 25 2
13 0 28 3
1 3 29 3
31 2 42 4
33 3 24 2
38 3 43 1
12 0 43 2
34 0 17 2
31 2 25 1
38 4 17 4
44 2 27 2
5 0 31 2
31 1 7 1
26 0 35 3
6 4 35 4
7 0 14 1
1 4 17 1
28 1 29 1
32 1 25 4
4 0 26 3
37 0 9 2
32 0 26 3
4 1 40 0
39 4 19 2
23 0 18 4
20 0 17 1
4 0 33 4
37 3 19 3
44 3 36 4
7 4 3 1
28 4 2 1
13 0 30 2
8 4 37 1
1 1 12 4
25 1 7 2
40 1 36 4
17 3 18 2
2 0 29 3
22 0 12 1
13 1 21 1
16 1 19 4
11 4 38 2
20 4 22 3
6 0 31 2
26 4 23 4
32 1 10 0
17 0 2 0
10 0 38 4
22 1 18 4
8 0 20 1
33 1 24 2
32 4 1 4
9 3 14 3
38 4 10 2
37 0 34 2
41 0 12 1
32 3 43 1
44 1 11 2
18 0 35 2
9 1 41 2
15 3 35 2
32 0 29 2
5 0 14 0
8 1 28 3
44 4 3 2
39 0 21 0
9 3 39 2
42 1 19 1
32 2 40 3
12 4 41 1
20 1 4 3
44 3 42 3
31 4 9 2
10 0 41 1
5 4 34 1
9 1 40 1
37 1 41 0
32 2 40 2
32 1 40 2
6 4 44 0
28 0 13 4
4 1 32 3
22 4 41 2
22 3 3 4
43 0 7 3
44 3 3 3
1 1 24 0
9 2 24 4
30 1 43 1
8 2 2 1
20 1 33 3
40 1 13 4
24 3 29 3
24 4 35 2
38 1 23 3
40 2 11 3
33 0 20 1
23 0 29 4
40 4 34 4
25 1 22 3
8 0 26 1
9 1 42 3
4 4 29 3
31 2 3 0
29 1 43 2
6 4 18 0
21 1 35 4
33 0 12 0
26 0 8 1
32 1 18 2
13 4 8 2
37 4 18 1
13 4 41 1
31 0 32 2
17 2 35 4
20 1 27 1
32 4 19 3
35 1 14 2
32 3 6 2
41 4 34 2
32 3 9 2
4 0 32 1
19 4 29 2
15 2 24 2
32 2 3 2
15 2 43 1
35 0 43 0
40 2 12 2
1 3 12 3
4 3 14 0
40 0 20 2
37 0 35 0
22 3 43 2
39 3 30 4
32 3 3 4
31 2 43 0
7 0 20 3
8 4 38 3
30 4 38 3
22 4 12 2
31 3 36 3
9 0 6 3
16 1 25 4
13 0 11 1
25 1 13 2
40 4 19 0
24 4 10 3
40 1 17 1
2 0 35 2
26 4 42 0
11 0 41 2
44 0 21 4
32 0 2 3
33 0 10 3
28 1 41 3
31 0 12 4
44 0 7 0
30 3 27 2
21 0 23 3
28 0 34 4
26 2 7 1
3 0 12 3
7 1 27 3
12 0 26 3
12 3 7 2
31 0 34 3
41 1 43 3
4 3 34 3
19 0 34 1
31 0 5 1
10 2 24 2
15 1 37 3
9 2 12 2
37 0 11 1
4 2 5 2
6 0 8 1
25 0 23 0
15 4 21 4
24 4 44 1
39 0 6 3
26 0 44 4
32 1 2 2
18 2 43 3
39 2 11 2
33 0 10 1
15 0 22 0
1 4 19 1
38 0 9 2
40 1 43 2
20 0 29 0
20 2 18 2
19 4 23 2
28 4 24 1
10 0 37 4
7 0 21 2
15 3 40 2
17 2 43 2
1 4 17 3
9 3 21 4
1 1 24 4
32 1 27 4
1 3 36 1
32 3 2 4
39 1 36 1
4 3 12 4
26 1 36 2
42 0 15 2
39 0 11 4
6 1 30 3
39 0 20 2
9 1 19 3
1 0 29 0
8 0 40 0
15 1 42 3
15 0 18 2
20 3 2 4
44 4 16 4
26 3 10 3
31 0 13 4
6 4 17 1
11 1 19 3
31 2 12 3
44 1 19 1
19 2 35 3
31 2 38 3
40 1 23 3
6 0 20 1
10 1 36 0
31 1 39 2
6 4 35 1
40 4 13 3
21 4 34 1
32 2 27 3
39 1 18 0
4 2 19 4
2 3 29 2
5 2 11 3
39 4 11 3
13 0 42 1
39 1 11 0
13 3 41 4
20 1 34 1
1 0 30 3
6 0 8 4
9 2 43 1
39 2 10 3
38 3 2 3
21 4 29 2
40 1 29 1
44 1 25 4
13 1 7 0
3 3 43 2
33 0 37 4
23 4 40 2
8 1 43 1
36 1 23 2
15 0 24 0
39 4 37 2
4 3 2 0
26 0 10 1
32 1 1 4
36 1 35 2
38 0 33 4
39 0 35 1
32 3 23 0
35 0 34 3
12 0 17 1
30 0 35 0
23 4 36 1
37 1 41 3
17 1 13 4
41 1 22 3
6 1 40 2
43 1 42 2
19 3 21 2
16 4 34 1
44 3 2 2
42 4 29 2
1 1 14 1
24 2 27 3
33 0 29 2
28 0 14 3
4 3 25 1
31 2 21 4
20 0 5 1
18 0 5 2
15 0 37 4
40 4 12 3
35 4 25 2
34 1 2 3
4 1 38 3
20 4 27 4
31 2 5 2
28 0 4 2
7 4 13 2
7 4 25 2
19 0 12 4
31 4 21 4
33 1 10 2
8 0 33 3
28 1 11 2
28 0 41 0
30 0 5 4
1 1 35 2
18 0 25 2
26 4 34 2
20 2 17 2
17 4 25 3
31 1 40 0
40 2 18 2
6 2 27 3
26 2 43 4
42 1 34 3
11 3 44 3
41 0 14 4
24 1 30 3
6 0 23 2
29 1 27 3
33 0 35 2
24 4 30 3
23 0 14 2
30 1 16 0
17 1 27 3
6 4 26 3
31 4 26 3
44 1 19 3
15 0 43 3
9 4 16 1
24 0 30 4
44 0 2 2
12 0 25 2
20 1 2 3
8 1 10 2
15 2 16 2
32 0 34 2
2 0 11 3
31 2 21 3
20 4 34 0
10 4 41 3
22 0 3 0
31 3 35 4
37 1 7 1
25 4 29 3
40 4 36 0
30 0 8 1
32 4 11 2
22 0 18 4
9 3 3 4
9 1 39 2
37 1 11 4
22 1 35 2
7 3 27 2
42 1 34 2
1 4 23 3
24 2 18 3
1 1 18 4
28 4 38 1
35 0 43 4
33 3 19 1
25 2 41 2
33 2 41 2
14 0 27 1
38 3 40 2
9 3 37 2
1 2 34 3
4 1 34 1
21 1 43 2
15 3 35 1
6 3 18 3
30 4 5 3
11 0 20 3
41 1 29 1
1 2 27 0
2 0 27 1
22 2 3 3
31 4 2 1
9 0 36 3
18 1 29 1
10 4 19 0
33 4 19 3
5 2 29 2
9 3 12 2
4 4 43 0
40 0 12 3
13 1 17 2
21 0 20 3
13 0 37 2
15 1 10 3
9 0 12 0
17 2 7 2
27 0 16 3
39 0 2 1
32 0 28 3
38 1 18 1
3 0 34 1
17 0 34 1
31 4 13 2
10 3 44 3
13 3 27 3
21 1 16 1
28 1 1 4
26 2 23 1
4 2 41 1
13 0 39 2
11 3 3 3
30 0 21 3
10 0 29 1
21 1 41 2
44 0 3 3
8 1 38 1
38 1 21 0
33 3 44 3
29 0 21 3
18 0 35 3
9 4 3 4
8 0 41 3
36 0 14 3
30 0 19 3
4 3 30 3
30 4 24 2
34 0 24 3
38 1 41 1
31 3 12 1
32 4 8 4
8 4 33 2
23 0 8 2
17 0 39 2
33 0 17 3
22 3 34 2
6 2 13 2
23 0 14 1
42 0 22 3
37 4 42 3
4 2 2 4
1 3 2 4
20 4 42 0
5 0 3 1
33 1 37 1
3 0 37 2
38 1 28 2
35 1 23 3
31 3 16 1
11 0 17 4
26 1 16 4
6 1 35 2
32 0 17 1
7 4 27 3
6 3 14 1
31 0 27 3
1 1 36 1
26 1 44 1
28 3 2 4
11 0 5 2
13 4 35 3
16 2 35 3
6 0 10 2
28 1 20 3
4 3 2 1
3 0 18 4
6 1 1 4
7 0 17 4
23 0 24 3
8 1 18 2
17 1 19 0
9 4 8 2
19 4 35 4
5 1 12 3
32 1 20 0
15 4 40 3
37 1 14 3
31 1 22 0
4 4 12 3
37 2 2 2
18 4 43 2
44 0 37 2
38 3 2 4
5 4 37 3
9 1 12 0
11 0 36 4
8 1 39 3
10 3 11 2
5 1 21 4
22 4 24 3
40 4 6 2
37 1 36 4
38 1 18 4
4 0 7 4
15 1 20 0
40 4 37 2
22 4 42 3
37 1 12 4
27 1 16 1
32 1 35 2
26 3 22 1
21 4 22 3
11 1 19 2
21 0 19 2
4 4 7 2
17 1 36 2
31 1 15 2
1 4 44 2
29 2 34 2
24 0 42 2
5 0 27 4
2 3 21 2
20 1 16 2
18 4 2 4
31 2 43 1
18 0 2 2
6 1 15 2
17 0 42 1
19 4 42 2
16 1 41 4
8 4 34 3
4 0 25 1
39 4 27 2
13 3 42 3
9 1 26 3
32 2 18 2
43 0 3 2
38 1 44 4
20 1 16 0
9 4 27 3
27 1 24 3
26 3 3 4
28 1 41 0
39 0 11 0
6 0 2 1
6 1 15 4
3 0 43 2
20 1 31 3
35 0 11 2
6 1 12 1
22 1 41 3
41 1 11 2
24 0 2 2
41 1 7 2
18 1 25 1
44 1 2 3
11 0 43 3
17 0 5 3
31 2 37 3
31 2 36 3
26 0 23 2
10 1 2 3
40 0 26 3
22 1 12 4
30 1 10 3
24 1 22 2
9 0 15 1
28 1 42 3
29 0 21 2
28 0 6 2
44 2 19 2
13 0 33 1
1 1 34 1
43 4 3 2
20 0 12 4
28 4 19 3
6 1 12 2
13 1 18 0
14 3 19 3
8 0 11 1
8 4 7 4
15 1 11 3
31 0 30 3
43 0 7 4
20 4 7 1
31 4 34 1
32 3 22 1
40 0 36 3
41 4 7 3
13 1 16 0
25 0 21 4
16 1 13 2
15 0 17 3
28 4 22 1
9 2 34 1
37 4 35 1
8 4 15 3
37 2 36 4
20 4 13 2
15 0 19 1
8 0 5 3
23 0 37 4
22 4 27 1
34 4 43 3
26 4 28 2
15 0 44 1
24 0 30 3
4 0 22 2
5 1 10 4
31 2 3 1
22 1 11 3
40 0 8 4
28 2 34 0
34 1 27 3
23 4 21 2
31 0 14 1
37 4 7 2
12 0 26 2
4 3 21 2
43 0 21 3
26 0 7 4
26 1 25 3
10 1 16 1
9 4 19 2
9 0 35 3
15 0 12 1
6 1 42 2
20 0 10 2
24 1 41 2
14 4 41 1
41 4 19 2
12 0 25 4
8 4 34 4
10 1 9 3
11 1 43 0
15 0 21 3
39 3 12 3
40 3 19 3
19 1 29 4
16 0 25 3
4 2 22 4
40 3 35 1
27 1 41 4
20 3 25 2
14 3 29 3
13 4 22 2
18 0 24 3
24 3 35 4
26 0 10 0
23 1 29 4
28 1 30 0
21 0 5 3
6 1 13 0
11 0 23 3
17 3 41 4
33 2 30 3
31 0 25 0
6 4 40 1
15 4 38 2
13 1 17 3
32 3 29 2
32 3 7 0
10 3 36 1
28 1 39 2
10 0 34 3
8 2 16 4
32 1 17 2
10 3 38 3
23 4 14 3
11 4 34 0
20 1 14 0
9 0 40 3
32 0 12 1
29 3 2 2
4 2 27 3
44 1 27 2
11 4 18 4
6 2 22 1
13 0 44 2
8 4 19 3
30 2 2 2
21 0 23 1
20 2 14 2
31 0 44 1
32 0 24 2
28 2 16 0
28 4 34 4
28 3 19 0
33 4 36 2
37 0 19 4
30 4 22 4
18 4 24 3
34 4 14 3
41 0 17 2
38 0 20 4
9 4 13 4
8 0 37 1
5 0 43 2
39 4 22 4
22 3 29 4
33 0 35 4
11 0 16 3
12 1 30 3
1 2 24 2
25 1 35 2
42 4 36 2
5 1 2 1
11 0 30 2
44 1 3 4
10 4 17 1
28 3 4 2
7 1 2 2
38 1 12 2
39 0 38 1
30 2 34 4
10 0 33 2
22 4 27 2
25 4 27 2
1 2 36 4
4 2 30 2
20 0 7 3
44 0 33 2
30 0 20 4
18 2 29 2
10 3 25 1
32 4 44 1
38 0 26 3
43 1 7 2
26 2 41 3
14 4 34 3
39 0 12 1
33 0 14 2
5 4 20 3
11 0 10 3
2 4 22 2
30 0 29 0
39 3 19 0
44 0 7 2
26 4 11 3
10 4 25 2
24 0 13 1
32 4 37 3
3 0 29 2
18 0 42 2
31 2 40 4
1 4 11 0
9 2 2 4
26 4 18 3
15 1 18 0
17 1 23 4
37 1 34 4
11 1 42 1
22 3 43 4
39 4 40 0
41 4 34 4
1 0 37 0
31 0 29 2
28 4 5 2
8 2 16 2
10 4 5 2
28 4 13 0
40 1 14 4
8 4 13 2
4 4 23 2
8 1 13 2
32 1 26 2
33 1 15 4
39 1 11 3
11 0 16 4
30 1 17 3
39 4 8 3
28 2 44 1
10 0 30 4
22 4 25 4
15 4 41 2
8 4 18 1
13 2 43 1
34 4 18 2
12 1 36 3
44 3 27 2
18 0 44 2
1 4 22 2
31 1 20 3
7 1 34 0
1 2 21 4
9 0 29 3
38 0 27 0
16 0 26 2
15 1 5 1
21 1 24 2
26 1 17 3
31 0 8 3
32 4 8 2
14 1 34 4
1 0 29 3
10 3 19 4
26 3 41 4
20 0 1 3
8 0 18 3
39 4 27 0
4 0 24 4
15 0 20 4
8 4 3 3
41 0 19 1
3 3 36 3
20 1 3 3
8 2 2 3
8 3 35 4
5 3 18 1
8 1 22 1
9 2 41 0
4 1 44 4
37 1 38 3
33 1 43 1
1 0 18 2
32 1 13 1
40 0 37 2
31 0 8 1
10 1 42 1
7 1 37 4
5 0 18 2
28 0 15 2
39 1 12 0
7 1 25 3
1 0 33 2
31 1 12 2
4 0 8 4
39 3 3 0
15 0 13 3
24 4 14 1
5 4 40 3
39 4 29 2
39 2 12 2
33 4 8 1
7 1 20 2
12 0 25 1
6 1 3 2
29 4 34 4
39 1 8 4
39 0 20 4
22 1 34 2
33 4 22 0
1 4 34 1
4 4 11 2
27 0 41 4
38 3 34 1
31 1 17 4
31 4 42 1
31 4 5 4
5 2 22 2
15 0 13 2
14 0 22 1
32 0 36 2
41 3 35 2
31 0 28 4
22 0 8 4
17 0 4 2
35 0 37 3
10 4 14 2
44 0 34 3
17 2 23 2
25 0 12 1
28 4 6 1
32 0 12 4
13 1 36 3
31 4 42 4
22 3 3 3
4 4 35 3
19 0 43 1
44 0 10 2
10 1 37 0
28 2 27 4
3 1 42 3
35 0 2 1
23 3 34 3
16 0 43 2
38 0 28 3
20 1 28 2
26 0 9 1
33 1 5 4
39 1 5 2
8 3 43 3
8 0 12 0
11 0 32 2
15 0 13 4
21 4 22 2
4 1 20 0
33 4 35 3
4 2 42 3
40 1 3 3
25 0 26 2
29 4 23 3
16 1 18 3
6 1 44 1
33 0 18 4
3 4 23 3
2 0 40 2
20 1 21 1
16 2 3 2
9 3 2 4
10 1 22 3
36 4 3 3
31 3 27 3
1 4 24 2
4 0 36 0
10 0 8 0
33 4 8 2
44 4 36 0
30 3 34 1
11 1 7 1
33 4 40 3
8 4 37 4
9 4 26 2
24 0 27 3
13 4 12 1
31 2 40 2
15 3 33 3
10 1 40 3
26 0 18 0
2 3 36 2
9 1 24 2
37 1 8 2
4 4 29 1
4 4 34 4
6 3 25 0
4 1 41 3
5 3 38 2
13 1 43 0
10 1 13 1
29 1 41 3
12 0 24 4
8 1 6 2
37 0 30 1
9 2 23 4
40 1 38 3
15 1 34 2
24 1 11 3
8 4 25 2
31 1 42 4
9 4 28 4
5 0 27 3
35 0 12 2
9 1 21 0
5 2 42 2
39 2 25 2
14 1 44 2
32 0 33 2
42 3 25 3
39 1 4 4
24 4 34 4
28 1 5 4
27 3 21 2
22 1 34 0
44 1 14 3
10 3 34 2
25 4 44 3
1 2 34 1
9 2 23 2
6 4 24 2
13 0 40 2
18 1 29 0
14 1 36 2
11 0 43 0
20 0 22 2
5 2 29 3
8 3 40 2
10 0 37 2
8 4 34 0
20 4 7 2
20 3 29 4
32 3 20 3
41 0 27 2
17 2 19 3
12 0 29 4
3 4 2 3
13 4 4 2
28 4 12 1
42 0 19 4
8 4 23 4
38 4 18 4
33 2 41 3
2 0 3 0
35 0 36 0
30 1 41 1
9 4 15 3
1 4 19 2
30 1 19 1
38 2 41 2
29 1 42 3
16 2 34 3
26 3 12 2
9 4 13 3
33 3 19 0
1 0 44 0
22 1 41 2
6 4 24 1
27 4 19 3
28 2 29 1
4 2 16 4
30 4 5 2
9 3 34 3
1 2 14 1
43 4 25 2
12 2 21 3
38 0 14 3
40 0 20 4
28 3 37 4
26 4 23 2
13 1 16 4
32 1 43 4
9 4 2 1
38 1 2 2
6 3 12 0
8 3 42 3
18 0 21 1
25 4 43 3
8 0 43 4
23 1 43 2
33 0 16 4
12 4 7 3
8 0 39 3
13 1 25 3
5 1 1 2
39 0 6 2
17 4 13 3
5 1 42 2
33 0 43 0
12 1 17 3
33 0 42 0
24 3 37 3
21 0 37 2
9 3 15 3
6 1 14 0
28 4 25 4
32 4 12 4
32 3 35 2
44 0 18 0
20 2 12 2
25 0 2 2
26 0 29 1
25 1 36 3
1 0 37 3
31 4 13 1
18 1 17 3
4 2 8 3
33 0 30 4
34 4 11 2
27 1 42 2
44 0 40 1
32 1 36 4
21 3 43 2
7 0 2 2
28 1 43 1
14 0 2 2
33 0 4 2
10 0 16 4
42 0 36 3
13 2 23 4
40 2 36 1
13 4 2 0
15 0 42 3
7 1 19 3
33 2 37 3
28 0 5 2
32 2 11 2
10 4 31 2
14 0 25 0
38 1 10 2
25 0 44 4
26 0 12 1
43 0 27 2
10 2 41 3
20 1 38 4
15 3 18 3
22 0 6 3
5 1 30 4
5 4 16 1
4 1 9 4
40 1 14 0
37 0 27 3
32 0 20 1
4 4 10 1
17 3 22 3
6 3 21 4
15 1 35 2
42 0 16 0
32 4 39 4
6 2 2 2
4 0 9 4
38 4 2 1
24 0 8 2
10 0 5 4
34 1 36 1
33 1 10 3
5 3 42 4
9 1 4 3
20 1 41 0
39 2 17 2
39 4 24 1
5 4 3 0
18 0 41 2
8 1 18 0
38 1 19 3
4 1 6 2
44 3 43 3
28 3 36 2
30 2 19 2
15 1 41 3
18 0 2 4
4 4 6 2
8 1 17 1
28 3 31 2
40 0 43 0
11 2 27 2
4 3 5 2
8 1 18 4
17 1 22 1
4 4 34 3
29 0 42 2
14 0 11 2
13 1 22 2
27 0 5 2
10 0 44 1
6 1 12 4
9 4 24 2
6 2 42 2
15 4 18 3
44 3 12 2
10 2 19 1
24 0 22 0
13 0 7 1
44 0 41 4
13 4 40 4
10 3 42 2
9 3 29 3
14 4 16 2
37 4 12 4
24 1 10 2
32 4 15 1
40 0 16 2
12 0 41 1
33 0 23 0
12 1 3 1
18 4 37 2
23 4 44 3
35 0 43 1
33 4 23 3
10 4 8 2
8 2 42 4
13 3 43 3
9 2 11 3
17 0 4 3
4 0 13 1
32 2 20 3
1 0 38 3
36 0 17 2
19 0 43 2
33 4 5 3
23 4 25 3
39 0 42 1
9 1 24 4
23 4 29 2
1 3 12 4
6 4 23 1
8 1 23 3
9 0 39 1
15 4 9 3
7 0 42 4
22 0 31 3
12 1 25 2
31 0 36 3
15 3 34 3
14 1 20 3
34 0 30 2
23 0 27 1
8 0 32 2
20 0 17 3
22 1 37 2
28 2 40 3
8 4 43 0
4 2 36 0
28 4 42 2
32 3 43 0
20 0 13 3
15 0 9 3
39 0 44 1
24 4 36 0
21 2 36 2
44 0 35 4
4 1 19 3
32 4 24 1
16 1 25 2
7 3 36 2
1 4 24 1
31 1 14 4
20 1 23 0
3 4 22 2
26 0 24 3
19 0 44 4
38 4 21 1
31 3 10 2
40 4 11 1
40 3 36 1
9 1 25 4
42 0 5 3
38 0 5 1
15 0 35 2
15 4 23 1
19 0 13 3
40 0 30 2
15 0 10 1
37 4 23 2
4 3 11 3
40 4 36 3
29 0 13 2
8 1 31 3
32 4 38 4
19 0 36 4
14 4 35 3
43 0 24 2
38 4 37 3
27 3 25 2
7 0 44 2
10 3 21 4
41 0 19 2
27 3 43 2
40 0 34 0
4 3 36 4
15 4 16 3
31 0 44 3
34 1 29 4
30 2 27 2
31 2 14 2
28 2 3 3
43 4 21 3
33 0 43 1
39 4 8 4
10 3 21 2
3 1 21 4
28 1 44 2
38 4 12 4
32 1 28 2
15 4 32 2
29 3 3 2
24 1 7 4
26 1 29 0
1 4 23 2
31 0 33 0
13 4 42 0
21 1 11 3
16 0 5 2
1 0 5 2
28 3 41 1
40 2 34 4
13 4 34 2
5 0 40 3
35 1 23 2
33 4 42 3
4 1 40 1
32 2 42 3
30 1 44 4
14 4 7 3
6 4 21 4
1 0 21 3
44 1 33 2
20 0 30 0
36 0 42 4
28 4 11 2
7 4 38 2
9 3 27 1
1 0 41 3
26 3 37 1
38 2 30 2
4 0 6 0
41 4 14 3
41 4 2 3
38 3 19 4
9 0 16 1
9 0 1 3
4 0 19 1
38 1 8 4
28 4 2 2
10 1 29 3
15 2 12 4
10 1 44 2
16 0 7 2
7 1 34 2
23 0 18 2
15 0 13 1
1 1 16 0
19 4 21 3
24 0 44 4
15 1 30 2
28 3 43 3
8 0 38 2
27 1 8 2
6 1 38 1
5 0 41 1
41 1 18 2
42 0 36 0
21 2 43 2
30 1 7 0
14 1 37 3
27 0 44 3
14 0 35 4
15 0 10 0
38 1 40 1
12 1 11 3
12 1 3 4
9 1 15 4
16 0 36 1
12 1 7 2
39 2 16 0
11 4 37 2
25 1 17 2
31 4 25 1
4 0 2 4
42 1 27 3
28 1 38 2
32 0 8 0
12 0 23 2
15 4 7 1
1 3 29 4
1 3 27 4
31 0 8 0
21 0 10 3
39 1 43 0
9 4 35 4
28 0 23 3
32 4 37 0
4 3 1 2
37 1 8 3
20 4 21 1
7 0 2 0
37 4 35 4
9 0 41 4
6 4 29 4
4 2 26 2
22 2 18 3
30 0 25 4
31 1 41 1
15 4 20 4
10 4 1 2
28 0 21 4
17 4 10 2
26 0 37 1
43 1 29 2
37 4 5 2
8 4 31 3
9 3 23 0
10 2 16 4
1 0 43 4
31 2 12 2
5 3 36 1
13 1 40 4
36 4 44 2
32 0 6 3
31 0 2 0
33 0 40 3
2 1 18 2
12 3 18 3
13 1 23 4
38 3 43 0
38 4 12 3
33 3 37 2
40 3 30 2
12 1 36 4
1 4 5 4
33 1 30 0
9 4 27 2
42 2 35 3
29 4 35 4
5 4 25 2
17 1 37 3
24 0 22 4
13 3 29 2
42 0 40 4
32 0 14 3
1 0 16 3
23 0 29 2
33 1 41 3
42 4 37 3
10 1 36 4
20 1 23 3
7 0 25 2
32 1 34 3
39 3 38 2
18 0 40 3
19 1 12 2
2 0 23 3
32 1 33 2
31 2 19 2
5 2 23 3
17 1 26 2
31 0 39 2
2 1 29 2
10 1 32 2
17 4 21 3
25 0 14 1
40 0 14 3
13 0 12 2
44 0 7 4
26 0 19 3
10 1 35 0
40 0 14 2
32 1 23 2
10 3 12 2
26 1 11 3
22 1 44 3
13 0 43 4
24 1 11 1
33 1 37 3
7 1 41 4
37 3 42 2
17 2 34 3
8 1 44 3
14 4 36 1
6 0 26 4
40 0 3 3
13 4 14 4
25 0 16 2
4 1 10 0
1 3 16 3
21 0 19 4
39 3 16 2
33 2 27 1
36 0 43 1
42 0 19 2
4 2 3 0
7 0 36 3
21 3 35 2
32 3 10 2
5 0 35 1
12 4 23 4
9 1 1 2
10 3 3 3
26 2 14 2
1 1 2 3
17 1 14 1
17 4 16 2
30 0 17 3
41 4 11 2
24 4 17 3
40 3 19 4
20 0 27 1
4 1 41 2
32 2 43 0
39 0 35 3
4 1 16 4
7 0 36 2
37 0 23 2
8 0 22 1
24 3 27 3
4 4 13 1
20 0 34 1
9 0 36 4
11 2 3 3
27 4 7 3
26 4 14 2
7 1 22 3
15 1 2 2
34 1 3 2
11 0 37 3
28 3 20 2
32 1 19 1
4 2 12 1
28 4 20 1
14 1 43 0
32 3 23 1
25 1 19 1
12 1 29 4
3 1 2 2
30 1 36 3
2 1 30 2
38 0 39 2
13 2 41 1
13 3 14 2
38 4 40 2
28 1 25 3
4 3 22 4
4 2 16 0
8 3 7 4
3 3 41 2
39 2 30 1
6 1 35 4
30 1 33 2
33 0 38 4
24 0 10 1
44 0 26 2
31 4 19 0
27 4 19 2
31 1 27 0
31 1 11 4
31 1 21 2
12 4 24 2
26 1 37 1
10 3 26 2
6 0 14 1
32 4 13 1
9 4 2 2
1 4 27 3
38 2 24 2
9 3 41 1
13 4 24 4
20 4 34 1
25 1 38 2
36 4 42 3
6 0 42 3
40 3 3 4
20 1 40 2
6 4 34 2
37 0 20 3
44 1 2 0
26 1 1 2
16 1 18 2
10 1 18 3
26 1 31 2
44 4 36 2
31 0 25 1
28 0 17 4
29 0 18 4
31 0 15 0
41 0 34 1
25 4 36 1
1 4 5 3
31 0 11 2
30 1 23 2
8 1 40 3
6 4 4 3
20 1 37 1
10 1 23 0
28 2 36 3
22 2 41 3
31 2 25 0
37 1 36 1
40 1 2 2
24 0 40 2
33 3 37 1
38 0 37 4
26 1 2 2
11 1 36 3
10 4 18 0
40 4 23 4
15 4 44 2
19 4 18 2
24 3 2 4
9 3 27 2
24 2 7 3
6 1 31 3
27 1 2 3
24 0 21 3
6 4 8 3
19 0 25 1
4 1 15 2
16 0 30 2
10 0 36 4
39 3 44 4
33 1 36 1
1 3 17 2
28 2 3 1
8 1 4 2
31 4 42 3
32 3 30 2
14 4 21 2
27 0 25 4
15 0 10 4
6 2 3 1
39 4 41 3
1 3 14 3
5 3 25 3
8 0 35 3
14 0 26 3
10 1 35 1
42 1 14 4
40 1 22 1
32 3 2 0
41 0 36 3
33 3 19 4
36 1 43 1
31 3 7 4
17 3 37 2
25 1 2 1
9 0 18 4
38 4 37 2
13 0 30 1
40 4 2 0
10 4 37 2
25 0 14 3
28 0 2 3
39 2 3 4
39 4 40 3
6 2 18 4
10 3 43 2
38 0 36 0
8 2 25 1
8 0 37 3
20 0 23 3
21 4 12 2
30 2 22 2
28 4 8 4
8 4 28 2
26 4 34 0
30 4 7 4
27 0 31 2
1 1 42 3
14 0 22 3
31 0 20 0
32 0 3 2
9 4 20 2
40 2 2 3
10 2 43 2
39 4 40 2
15 3 27 3
39 2 12 0
25 1 12 3
42 0 12 4
30 0 7 0
44 2 14 2
16 4 12 2
30 4 35 4
40 1 30 1
13 0 38 4
8 4 15 2
27 0 13 3
21 3 42 2
31 4 27 0
10 0 36 2
6 2 22 2
6 0 1 3
39 3 3 2
2 1 41 3
41 4 12 3
29 0 8 2
28 4 12 0
41 4 44 3
9 1 2 4
14 0 42 0
1 2 21 2
38 0 13 0
5 2 30 2
38 1 29 4
13 4 12 2
11 4 36 1
6 4 32 2
10 1 14 0
32 2 14 2
8 0 15 1
7 0 19 3
25 4 18 3
38 4 20 4
18 4 44 3
8 4 21 0
5 1 3 0
22 2 19 2
1 3 36 3
2 0 16 1
17 3 36 4
44 4 7 3
6 0 3 2
8 3 21 1
41 0 29 0
43 0 37 2
15 1 26 3
28 2 35 4
18 3 43 3
12 4 19 4
42 0 8 3
38 2 40 3
10 1 17 1
32 4 31 2
40 1 21 3
12 0 35 4
32 0 39 2
42 0 37 4
40 0 21 0
11 2 36 2
15 2 23 4
30 2 34 1
3 0 41 4
15 4 10 2
20 0 19 3
5 0 15 4
6 3 27 1
8 1 28 2
5 0 40 4
24 0 16 0
1 3 39 2
30 0 8 2
28 0 22 1
1 0 42 3
22 0 24 2
4 4 25 2
24 2 17 2
31 4 33 1
4 1 20 4
31 2 5 3
38 3 21 2
40 1 13 2
22 0 11 1
8 1 41 3
20 3 17 2
32 2 40 4
18 1 24 3
30 0 43 0
16 1 22 2
44 4 27 2
6 2 16 0
42 0 44 3
18 4 41 4
27 1 16 2
43 0 12 4
14 1 16 3
31 1 16 4
3 0 18 3
30 1 12 4
14 0 19 0
32 3 27 3
18 1 37 3
38 0 1 2
1 4 12 4
30 4 22 3
24 4 16 1
34 4 36 4
43 1 29 4
15 4 11 3
32 2 8 3
38 2 13 2
1 1 4 3
43 4 23 2
28 1 22 3
3 4 21 3
42 0 24 4
28 1 37 3
15 4 30 0
44 1 2 2
6 1 14 1
39 3 12 1
26 0 21 3
24 3 2 3
23 3 27 2
10 4 16 2
31 1 23 4
32 4 38 2
4 1 10 3
6 1 16 1
9 3 12 4
15 2 2 2
17 1 21 4
31 0 41 0
10 4 7 2
1 1 32 3
37 0 25 0
37 3 16 2
11 0 35 2
25 4 3 2
4 4 19 1
13 1 38 3
33 4 37 2
15 3 34 0
38 1 18 0
24 0 37 0
4 0 35 4
37 1 36 0
11 4 2 3
31 0 17 1
32 3 23 3
32 3 8 4
26 0 40 0
7 2 29 3
4 1 18 0
40 0 2 3
8 0 32 3
9 4 13 2
28 4 41 1
42 4 41 4
32 0 41 0
39 1 3 1
18 4 22 3
43 1 29 3
28 1 35 2
19 4 27 3
4 0 23 3
26 3 29 0
25 0 37 4
26 3 18 2
13 0 23 0
6 4 5 4
17 3 19 4
10 0 41 2
35 1 7 3
15 3 13 2
26 1 37 4
6 1 30 0
6 2 25 3
38 0 25 2
17 4 34 4
39 1 40 3
6 2 33 3
24 0 7 1
22 1 5 2
17 3 3 2
15 0 40 0
22 4 13 3
18 0 42 0
33 1 19 2
31 0 32 3
4 1 25 3
39 1 27 4
3 0 42 1
37 3 3 2
13 1 37 2
3 0 35 4
42 1 18 4
23 0 34 3
1 1 16 3
40 1 19 1
21 0 16 2
12 1 2 2
44 0 43 1
39 1 7 2
22 4 21 3
16 4 42 2
8 3 14 2
13 0 15 4
20 4 19 2
11 4 20 2
31 2 18 3
31 2 8 3
27 1 12 3
28 1 43 0
36 0 2 2
6 0 20 3
41 1 16 4
4 0 10 4
38 4 16 4
1 1 17 2
17 1 25 2
25 4 42 2
25 0 41 1
31 1 30 0
18 1 41 2
39 3 44 3
1 1 31 3
23 4 3 4
5 2 41 4
11 4 35 4
8 2 30 3
32 4 10 1
17 0 41 4
9 1 19 1
10 0 23 2
43 0 13 3
8 3 35 1
37 4 18 2
1 1 21 4
9 4 23 0
13 2 23 3
8 2 18 3
43 0 8 2
37 0 41 0
14 1 16 2
8 4 22 4
26 4 14 3
26 2 19 3
40 4 17 4
10 0 6 4
20 4 43 3
18 0 27 3
33 0 11 1
31 4 19 2
39 4 17 3
33 3 25 4
32 0 6 1
39 1 11 2
6 1 36 0
28 4 10 2
39 2 12 4
10 4 19 1
1 1 35 1
27 0 16 0
7 1 18 3
39 2 15 3
36 0 19 2
13 1 20 4
9 3 4 2
39 3 36 4
38 0 10 4
18 3 43 2
34 0 19 2
39 4 43 0
22 0 37 4
40 2 7 3
40 0 35 0
1 3 2 2
11 0 12 2
32 4 38 0
37 0 2 4
33 4 20 1
9 0 32 2
9 1 8 3
15 4 22 0
12 2 41 3
18 1 40 3
1 1 38 1
32 3 16 2
11 4 19 3
22 4 19 3
5 2 3 3
39 1 17 1
4 0 21 1
1 4 37 0
36 0 3 4
14 0 27 4
44 0 22 3
20 0 29 2
42 0 10 2
20 1 11 0
44 2 42 2
22 3 44 2
9 3 37 0
17 1 41 4
1 3 7 1
9 0 17 4
20 4 3 4
26 3 22 4
32 0 43 3
22 0 32 2
30 0 1 2
1 0 16 4
9 0 39 2
9 1 43 0
19 4 43 3
6 2 41 1
12 4 25 3
37 4 12 3
17 1 15 2
28 4 41 3
41 4 21 3
20 0 5 2
27 1 44 2
34 4 35 4
17 0 18 4
32 3 12 4
18 1 24 2
27 1 18 4
11 0 13 1
39 4 5 1
17 3 16 2
25 4 21 2
38 2 23 1
34 4 19 2
32 3 19 1
37 0 42 2
18 1 35 0
32 2 7 2
24 4 11 3
3 1 41 1
15 4 10 4
15 0 33 1
8 4 12 0
1 1 44 3
18 1 27 3
33 0 13 3
9 4 21 2
21 1 16 3
8 3 18 1
6 0 42 2
8 4 5 3
21 3 25 2
1 1 4 2
13 1 40 1
19 1 7 3
2 0 7 4
41 0 21 2
1 1 43 2
28 1 8 2
14 2 34 3
42 1 25 1
32 1 7 2
21 4 11 2
20 4 38 3
9 4 22 2
37 0 2 2
14 1 2 4
40 1 42 1
33 1 13 4
1 3 37 4
14 2 29 3
1 2 30 2
15 0 23 2
40 3 24 2
26 3 19 3
20 4 35 3
17 2 41 3
32 0 6 0
5 0 40 2
26 0 3 0
11 0 18 2
38 1 10 4
35 0 19 3
14 4 43 1
32 3 23 4
37 1 26 2
24 3 12 2
39 0 4 0
27 1 36 0
21 4 41 3
9 4 30 2
4 0 3 0
30 1 12 0
7 0 27 2
18 3 29 3
4 4 28 2
19 0 44 1
42 1 37 2
39 4 1 3
5 2 16 3
34 0 25 3
18 0 24 2
24 4 30 2
42 0 11 4
39 4 10 3
33 2 36 1
20 0 18 3
36 0 37 2
17 0 14 0
38 0 19 3
40 1 28 2
42 0 21 1
18 3 27 2
41 1 44 2
9 4 22 4
36 1 17 2
21 3 3 2
8 1 3 1
6 4 43 0
30 1 34 2
1 1 40 0
6 4 19 0
20 0 3 0
4 4 5 4
43 0 34 4
34 4 2 3
27 2 36 2
4 0 33 0
44 4 25 4
4 1 9 2
33 0 21 2
33 1 41 1
15 3 12 2
18 4 27 4
36 0 21 2
15 0 20 3
16 0 2 1
17 3 19 3
20 2 16 2
22 0 23 0
20 2 29 2
9 1 5 0
39 1 13 0
22 3 18 3
4 2 12 4
44 4 42 3
40 4 19 4
9 4 29 4
19 1 34 2
14 0 19 4
26 1 14 3
12 0 23 1
24 4 14 2
26 1 21 2
25 0 40 3
19 0 16 2
6 2 40 3
40 3 16 3
24 4 17 4
30 0 5 3
1 4 2 1
27 0 41 2
7 0 21 3
38 0 5 2
1 2 15 3
13 4 19 1
15 1 22 1
9 3 5 3
32 2 41 1
21 0 40 3
30 2 37 2
10 4 34 3
38 3 12 4
18 0 6 2
33 0 27 3
26 4 25 3
40 2 35 3
8 4 11 1
6 0 23 3
23 1 42 4
7 4 21 3
28 4 41 2
4 0 44 2
12 0 35 3
5 2 20 2
15 1 44 1
18 4 29 2
