3 4 5
5 12 13
7 24 25
9 40 41
11 60 61
13 84 85
15 112 113
17 144 145
19 180 181
21 220 221
23 264 265
25 312 313
27 364 365
29 420 421
31 480 481
33 544 545
35 612 613
37 684 685
39 760 761
41 840 841
43 924 925
45 1012 1013
47 1104 1105
49 1200 1201
51 1300 1301
53 1404 1405
55 1512 1513
57 1624 1625
59 1740 1741
61 1860 1861
63 1984 1985
65 2112 2113
67 2244 2245
69 2380 2381
71 2520 2521
73 2664 2665
75 2812 2813
77 2964 2965
79 3120 3121
81 3280 3281
83 3444 3445
85 3612 3613
87 3784 3785
89 3960 3961
91 4140 4141
93 4324 4325
95 4512 4513
97 4704 4705
99 4900 4901
101 5100 5101
103 5304 5305
105 5512 5513
107 5724 5725
109 5940 5941
111 6160 6161
113 6384 6385
115 6612 6613
117 6844 6845
119 7080 7081
121 7320 7321
123 7564 7565
125 7812 7813
127 8064 8065
129 8320 8321
131 8580 8581
133 8844 8845
135 9112 9113
137 9384 9385
139 9660 9661
141 9940 9941
143 10224 10225
145 10512 10513
147 10804 10805
149 11100 11101
151 11400 11401
153 11704 11705
155 12012 12013
157 12324 12325
159 12640 12641
161 12960 12961
163 13284 13285
165 13612 13613
167 13944 13945
169 14280 14281
171 14620 14621
173 14964 14965
175 15312 15313
177 15664 15665
179 16020 16021
181 16380 16381
183 16744 16745
185 17112 17113
187 17484 17485
189 17860 17861
191 18240 18241
193 18624 18625
195 19012 19013
197 19404 19405
199 19800 19801
201 20200 20201
203 20604 20605
205 21012 21013
207 21424 21425
209 21840 21841
211 22260 22261
213 22684 22685
215 23112 23113
217 23544 23545
219 23980 23981
221 24420 24421
223 24864 24865
225 25312 25313
227 25764 25765
229 26220 26221
231 26680 26681
233 27144 27145
235 27612 27613
237 28084 28085
239 28560 28561
241 29040 29041
243 29524 29525
245 30012 30013
247 30504 30505
249 31000 31001
251 31500 31501
253 32004 32005
255 32512 32513
257 33024 33025
259 33540 33541
261 34060 34061
263 34584 34585
265 35112 35113
267 35644 35645
269 36180 36181
271 36720 36721
273 37264 37265
275 37812 37813
277 38364 38365
279 38920 38921
281 39480 39481
283 40044 40045
285 40612 40613
287 41184 41185
289 41760 41761
291 42340 42341
293 42924 42925
295 43512 43513
297 44104 44105
299 44700 44701
301 45300 45301
303 45904 45905
305 46512 46513
307 47124 47125
309 47740 47741
311 48360 48361
313 48984 48985
315 49612 49613
317 50244 50245
319 50880 50881
321 51520 51521
323 52164 52165
325 52812 52813
327 53464 53465
329 54120 54121
331 54780 54781
333 55444 55445
335 56112 56113
337 56784 56785
339 57460 57461
341 58140 58141
343 58824 58825
345 59512 59513
347 60204 60205
349 60900 60901
351 61600 61601
353 62304 62305
355 63012 63013
357 63724 63725
359 64440 64441
361 65160 65161
363 65884 65885
365 66612 66613
367 67344 67345
369 68080 68081
371 68820 68821
373 69564 69565
375 70312 70313
377 71064 71065
379 71820 71821
381 72580 72581
383 73344 73345
385 74112 74113
387 74884 74885
389 75660 75661
391 76440 76441
393 77224 77225
395 78012 78013
397 78804 78805
399 79600 79601
401 80400 80401
403 81204 81205
405 82012 82013
407 82824 82825
409 83640 83641
411 84460 84461
413 85284 85285
415 86112 86113
417 86944 86945
419 87780 87781
421 88620 88621
423 89464 89465
425 90312 90313
427 91164 91165
429 92020 92021
431 92880 92881
433 93744 93745
435 94612 94613
437 95484 95485
439 96360 96361
441 97240 97241
443 98124 98125
445 99012 99013
447 99904 99905
449 100800 100801
451 101700 101701
453 102604 102605
455 103512 103513
457 104424 104425
459 105340 105341
461 106260 106261
463 107184 107185
465 108112 108113
467 109044 109045
469 109980 109981
471 110920 110921
473 111864 111865
475 112812 112813
477 113764 113765
479 114720 114721
481 115680 115681
483 116644 116645
485 117612 117613
487 118584 118585
489 119560 119561
491 120540 120541
493 121524 121525
495 122512 122513
497 123504 123505
499 124500 124501
501 125500 125501
503 126504 126505
505 127512 127513
507 128524 128525
509 129540 129541
511 130560 130561
513 131584 131585
515 132612 132613
517 133644 133645
519 134680 134681
521 135720 135721
523 136764 136765
525 137812 137813
527 138864 138865
529 139920 139921
531 140980 140981
533 142044 142045
535 143112 143113
537 144184 144185
539 145260 145261
541 146340 146341
543 147424 147425
545 148512 148513
547 149604 149605
549 150700 150701
551 151800 151801
553 152904 152905
555 154012 154013
557 155124 155125
559 156240 156241
561 157360 157361
563 158484 158485
565 159612 159613
567 160744 160745
569 161880 161881
571 163020 163021
573 164164 164165
575 165312 165313
577 166464 166465
579 167620 167621
581 168780 168781
583 169944 169945
585 171112 171113
587 172284 172285
589 173460 173461
591 174640 174641
593 175824 175825
595 177012 177013
597 178204 178205
599 179400 179401
601 180600 180601
603 181804 181805
605 183012 183013
607 184224 184225
609 185440 185441
611 186660 186661
613 187884 187885
615 189112 189113
617 190344 190345
619 191580 191581
621 192820 192821
623 194064 194065
625 195312 195313
627 196564 196565
629 197820 197821
631 199080 199081
633 200344 200345
635 201612 201613
637 202884 202885
639 204160 204161
641 205440 205441
643 206724 206725
645 208012 208013
647 209304 209305
649 210600 210601
651 211900 211901
653 213204 213205
655 214512 214513
657 215824 215825
659 217140 217141
661 218460 218461
663 219784 219785
665 221112 221113
667 222444 222445
669 223780 223781
671 225120 225121
673 226464 226465
675 227812 227813
677 229164 229165
679 230520 230521
681 231880 231881
683 233244 233245
685 234612 234613
687 235984 235985
689 237360 237361
691 238740 238741
693 240124 240125
695 241512 241513
697 242904 242905
699 244300 244301
701 245700 245701
703 247104 247105
705 248512 248513
707 249924 249925
709 251340 251341
711 252760 252761
713 254184 254185
715 255612 255613
717 257044 257045
719 258480 258481
721 259920 259921
723 261364 261365
725 262812 262813
727 264264 264265
729 265720 265721
731 267180 267181
733 268644 268645
735 270112 270113
737 271584 271585
739 273060 273061
741 274540 274541
743 276024 276025
745 277512 277513
747 279004 279005
749 280500 280501
751 282000 282001
753 283504 283505
755 285012 285013
757 286524 286525
759 288040 288041
761 289560 289561
763 291084 291085
765 292612 292613
767 294144 294145
769 295680 295681
771 297220 297221
773 298764 298765
775 300312 300313
777 301864 301865
779 303420 303421
781 304980 304981
783 306544 306545
785 308112 308113
787 309684 309685
789 311260 311261
791 312840 312841
793 314424 314425
795 316012 316013
797 317604 317605
799 319200 319201
801 320800 320801
803 322404 322405
805 324012 324013
807 325624 325625
809 327240 327241
811 328860 328861
813 330484 330485
815 332112 332113
817 333744 333745
819 335380 335381
821 337020 337021
823 338664 338665
825 340312 340313
827 341964 341965
829 343620 343621
831 345280 345281
833 346944 346945
835 348612 348613
837 350284 350285
839 351960 351961
841 353640 353641
843 355324 355325
845 357012 357013
847 358704 358705
849 360400 360401
851 362100 362101
853 363804 363805
855 365512 365513
857 367224 367225
859 368940 368941
861 370660 370661
863 372384 372385
865 374112 374113
867 375844 375845
869 377580 377581
871 379320 379321
873 381064 381065
875 382812 382813
877 384564 384565
879 386320 386321
881 388080 388081
883 389844 389845
885 391612 391613
887 393384 393385
889 395160 395161
891 396940 396941
893 398724 398725
895 400512 400513
897 402304 402305
899 404100 404101
901 405900 405901
903 407704 407705
905 409512 409513
907 411324 411325
909 413140 413141
911 414960 414961
913 416784 416785
915 418612 418613
917 420444 420445
919 422280 422281
921 424120 424121
923 425964 425965
925 427812 427813
927 429664 429665
929 431520 431521
931 433380 433381
933 435244 435245
935 437112 437113
937 438984 438985
939 440860 440861
941 442740 442741
943 444624 444625
945 446512 446513
947 448404 448405
949 450300 450301
951 452200 452201
953 454104 454105
955 456012 456013
957 457924 457925
959 459840 459841
961 461760 461761
963 463684 463685
965 465612 465613
967 467544 467545
969 469480 469481
971 471420 471421
973 473364 473365
975 475312 475313
977 477264 477265
979 479220 479221
981 481180 481181
983 483144 483145
985 485112 485113
987 487084 487085
989 489060 489061
991 491040 491041
993 493024 493025
995 495012 495013
997 497004 497005
999 499000 499001
1001 501000 501001
1003 503004 503005
1005 505012 505013
1007 507024 507025
1009 509040 509041
1011 511060 511061
1013 513084 513085
1015 515112 515113
1017 517144 517145
1019 519180 519181
1021 521220 521221
1023 523264 523265
1025 525312 525313
1027 527364 527365
1029 529420 529421
1031 531480 531481
1033 533544 533545
1035 535612 535613
1037 537684 537685
1039 539760 539761
1041 541840 541841
1043 543924 543925
1045 546012 546013
1047 548104 548105
1049 550200 550201
1051 552300 552301
1053 554404 554405
1055 556512 556513
1057 558624 558625
1059 560740 560741
1061 562860 562861
1063 564984 564985
1065 567112 567113
1067 569244 569245
1069 571380 571381
1071 573520 573521
1073 575664 575665
1075 577812 577813
1077 579964 579965
1079 582120 582121
1081 584280 584281
1083 586444 586445
1085 588612 588613
1087 590784 590785
1089 592960 592961
1091 595140 595141
1093 597324 597325
1095 599512 599513
1097 601704 601705
1099 603900 603901
1101 606100 606101
1103 608304 608305
1105 610512 610513
1107 612724 612725
1109 614940 614941
1111 617160 617161
1113 619384 619385
1115 621612 621613
1117 623844 623845
1119 626080 626081
1121 628320 628321
1123 630564 630565
1125 632812 632813
1127 635064 635065
1129 637320 637321
1131 639580 639581
1133 641844 641845
1135 644112 644113
1137 646384 646385
1139 648660 648661
1141 650940 650941
1143 653224 653225
1145 655512 655513
1147 657804 657805
1149 660100 660101
1151 662400 662401
1153 664704 664705
1155 667012 667013
1157 669324 669325
1159 671640 671641
1161 673960 673961
1163 676284 676285
1165 678612 678613
1167 680944 680945
1169 683280 683281
1171 685620 685621
1173 687964 687965
1175 690312 690313
1177 692664 692665
1179 695020 695021
1181 697380 697381
1183 699744 699745
1185 702112 702113
1187 704484 704485
1189 706860 706861
1191 709240 709241
1193 711624 711625
1195 714012 714013
1197 716404 716405
1199 718800 718801
1201 721200 721201
1203 723604 723605
1205 726012 726013
1207 728424 728425
1209 730840 730841
1211 733260 733261
1213 735684 735685
1215 738112 738113
1217 740544 740545
1219 742980 742981
1221 745420 745421
1223 747864 747865
1225 750312 750313
1227 752764 752765
1229 755220 755221
1231 757680 757681
1233 760144 760145
1235 762612 762613
1237 765084 765085
1239 767560 767561
1241 770040 770041
1243 772524 772525
1245 775012 775013
1247 777504 777505
1249 780000 780001
1251 782500 782501
1253 785004 785005
1255 787512 787513
1257 790024 790025
1259 792540 792541
1261 795060 795061
1263 797584 797585
1265 800112 800113
1267 802644 802645
1269 805180 805181
1271 807720 807721
1273 810264 810265
1275 812812 812813
1277 815364 815365
1279 817920 817921
1281 820480 820481
1283 823044 823045
1285 825612 825613
1287 828184 828185
1289 830760 830761
1291 833340 833341
1293 835924 835925
1295 838512 838513
1297 841104 841105
1299 843700 843701
1301 846300 846301
1303 848904 848905
1305 851512 851513
1307 854124 854125
1309 856740 856741
1311 859360 859361
1313 861984 861985
1315 864612 864613
1317 867244 867245
1319 869880 869881
1321 872520 872521
1323 875164 875165
1325 877812 877813
1327 880464 880465
1329 883120 883121
1331 885780 885781
1333 888444 888445
1335 891112 891113
1337 893784 893785
1339 896460 896461
1341 899140 899141
1343 901824 901825
1345 904512 904513
1347 907204 907205
1349 909900 909901
1351 912600 912601
1353 915304 915305
1355 918012 918013
1357 920724 920725
1359 923440 923441
1361 926160 926161
1363 928884 928885
1365 931612 931613
1367 934344 934345
1369 937080 937081
1371 939820 939821
1373 942564 942565
1375 945312 945313
1377 948064 948065
1379 950820 950821
1381 953580 953581
1383 956344 956345
1385 959112 959113
1387 961884 961885
1389 964660 964661
1391 967440 967441
1393 970224 970225
1395 973012 973013
1397 975804 975805
1399 978600 978601
1401 981400 981401
1403 984204 984205
1405 987012 987013
1407 989824 989825
1409 992640 992641
1411 995460 995461
1413 998284 998285
1415 1001112 1001113
1417 1003944 1003945
1419 1006780 1006781
1421 1009620 1009621
1423 1012464 1012465
1425 1015312 1015313
1427 1018164 1018165
1429 1021020 1021021
1431 1023880 1023881
1433 1026744 1026745
1435 1029612 1029613
1437 1032484 1032485
1439 1035360 1035361
1441 1038240 1038241
1443 1041124 1041125
1445 1044012 1044013
1447 1046904 1046905
1449 1049800 1049801
1451 1052700 1052701
1453 1055604 1055605
1455 1058512 1058513
1457 1061424 1061425
1459 1064340 1064341
1461 1067260 1067261
1463 1070184 1070185
1465 1073112 1073113
1467 1076044 1076045
1469 1078980 1078981
1471 1081920 1081921
1473 1084864 1084865
1475 1087812 1087813
1477 1090764 1090765
1479 1093720 1093721
1481 1096680 1096681
1483 1099644 1099645
1485 1102612 1102613
1487 1105584 1105585
1489 1108560 1108561
1491 1111540 1111541
1493 1114524 1114525
1495 1117512 1117513
1497 1120504 1120505
1499 1123500 1123501
1501 1126500 1126501
1503 1129504 1129505
1505 1132512 1132513
1507 1135524 1135525
1509 1138540 1138541
1511 1141560 1141561
1513 1144584 1144585
1515 1147612 1147613
1517 1150644 1150645
1519 1153680 1153681
1521 1156720 1156721
1523 1159764 1159765
1525 1162812 1162813
1527 1165864 1165865
1529 1168920 1168921
1531 1171980 1171981
1533 1175044 1175045
1535 1178112 1178113
1537 1181184 1181185
1539 1184260 1184261
1541 1187340 1187341
1543 1190424 1190425
1545 1193512 1193513
1547 1196604 1196605
1549 1199700 1199701
1551 1202800 1202801
1553 1205904 1205905
1555 1209012 1209013
1557 1212124 1212125
1559 1215240 1215241
1561 1218360 1218361
1563 1221484 1221485
1565 1224612 1224613
1567 1227744 1227745
1569 1230880 1230881
1571 1234020 1234021
1573 1237164 1237165
1575 1240312 1240313
1577 1243464 1243465
1579 1246620 1246621
1581 1249780 1249781
1583 1252944 1252945
1585 1256112 1256113
1587 1259284 1259285
1589 1262460 1262461
1591 1265640 1265641
1593 1268824 1268825
1595 1272012 1272013
1597 1275204 1275205
1599 1278400 1278401
1601 1281600 1281601
1603 1284804 1284805
1605 1288012 1288013
1607 1291224 1291225
1609 1294440 1294441
1611 1297660 1297661
1613 1300884 1300885
1615 1304112 1304113
1617 1307344 1307345
1619 1310580 1310581
1621 1313820 1313821
1623 1317064 1317065
1625 1320312 1320313
1627 1323564 1323565
1629 1326820 1326821
1631 1330080 1330081
1633 1333344 1333345
1635 1336612 1336613
1637 1339884 1339885
1639 1343160 1343161
1641 1346440 1346441
1643 1349724 1349725
1645 1353012 1353013
1647 1356304 1356305
1649 1359600 1359601
1651 1362900 1362901
1653 1366204 1366205
1655 1369512 1369513
1657 1372824 1372825
1659 1376140 1376141
1661 1379460 1379461
1663 1382784 1382785
1665 1386112 1386113
1667 1389444 1389445
1669 1392780 1392781
1671 1396120 1396121
1673 1399464 1399465
1675 1402812 1402813
1677 1406164 1406165
1679 1409520 1409521
1681 1412880 1412881
1683 1416244 1416245
1685 1419612 1419613
1687 1422984 1422985
1689 1426360 1426361
1691 1429740 1429741
1693 1433124 1433125
1695 1436512 1436513
1697 1439904 1439905
1699 1443300 1443301
1701 1446700 1446701
1703 1450104 1450105
1705 1453512 1453513
1707 1456924 1456925
1709 1460340 1460341
1711 1463760 1463761
1713 1467184 1467185
1715 1470612 1470613
1717 1474044 1474045
1719 1477480 1477481
1721 1480920 1480921
1723 1484364 1484365
1725 1487812 1487813
1727 1491264 1491265
1729 1494720 1494721
1731 1498180 1498181
1733 1501644 1501645
1735 1505112 1505113
1737 1508584 1508585
1739 1512060 1512061
1741 1515540 1515541
1743 1519024 1519025
1745 1522512 1522513
1747 1526004 1526005
1749 1529500 1529501
1751 1533000 1533001
1753 1536504 1536505
1755 1540012 1540013
1757 1543524 1543525
1759 1547040 1547041
1761 1550560 1550561
1763 1554084 1554085
1765 1557612 1557613
1767 1561144 1561145
1769 1564680 1564681
1771 1568220 1568221
1773 1571764 1571765
1775 1575312 1575313
1777 1578864 1578865
1779 1582420 1582421
1781 1585980 1585981
1783 1589544 1589545
1785 1593112 1593113
1787 1596684 1596685
1789 1600260 1600261
1791 1603840 1603841
1793 1607424 1607425
1795 1611012 1611013
1797 1614604 1614605
1799 1618200 1618201
1801 1621800 1621801
1803 1625404 1625405
1805 1629012 1629013
1807 1632624 1632625
1809 1636240 1636241
1811 1639860 1639861
1813 1643484 1643485
1815 1647112 1647113
1817 1650744 1650745
1819 1654380 1654381
1821 1658020 1658021
1823 1661664 1661665
1825 1665312 1665313
1827 1668964 1668965
1829 1672620 1672621
1831 1676280 1676281
1833 1679944 1679945
1835 1683612 1683613
1837 1687284 1687285
1839 1690960 1690961
1841 1694640 1694641
1843 1698324 1698325
1845 1702012 1702013
1847 1705704 1705705
1849 1709400 1709401
1851 1713100 1713101
1853 1716804 1716805
1855 1720512 1720513
1857 1724224 1724225
1859 1727940 1727941
1861 1731660 1731661
1863 1735384 1735385
1865 1739112 1739113
1867 1742844 1742845
1869 1746580 1746581
1871 1750320 1750321
1873 1754064 1754065
1875 1757812 1757813
1877 1761564 1761565
1879 1765320 1765321
1881 1769080 1769081
1883 1772844 1772845
1885 1776612 1776613
1887 1780384 1780385
1889 1784160 1784161
1891 1787940 1787941
1893 1791724 1791725
1895 1795512 1795513
1897 1799304 1799305
1899 1803100 1803101
1901 1806900 1806901
1903 1810704 1810705
1905 1814512 1814513
1907 1818324 1818325
1909 1822140 1822141
1911 1825960 1825961
1913 1829784 1829785
1915 1833612 1833613
1917 1837444 1837445
1919 1841280 1841281
1921 1845120 1845121
1923 1848964 1848965
1925 1852812 1852813
1927 1856664 1856665
1929 1860520 1860521
1931 1864380 1864381
1933 1868244 1868245
1935 1872112 1872113
1937 1875984 1875985
1939 1879860 1879861
1941 1883740 1883741
1943 1887624 1887625
1945 1891512 1891513
1947 1895404 1895405
1949 1899300 1899301
1951 1903200 1903201
1953 1907104 1907105
1955 1911012 1911013
1957 1914924 1914925
1959 1918840 1918841
1961 1922760 1922761
1963 1926684 1926685
1965 1930612 1930613
1967 1934544 1934545
1969 1938480 1938481
1971 1942420 1942421
1973 1946364 1946365
1975 1950312 1950313
1977 1954264 1954265
1979 1958220 1958221
1981 1962180 1962181
1983 1966144 1966145
1985 1970112 1970113
1987 1974084 1974085
1989 1978060 1978061
1991 1982040 1982041
1993 1986024 1986025
1995 1990012 1990013
1997 1994004 1994005
1999 1998000 1998001
2001 2002000 2002001
