11243723 39594743
327512022 327512022
-1
850226377 901400187
399079098 399079098
-1
119774023 174336466
324438963 324438963
-1
712529865 1925728754
3239268 3239268
-1
317403314 662318657
1368849954 1368849954
-1
50595381 91232278
13199671 13199671
-1
97479598 936965833
371509381 371509381
-1
374454331 1520768574
172914793 172914793
-1
505609186 1289877620
732291129 732291129
-1
380155344 1134820162
146040938 146040938
-1
270474724 922283377
387910603 387910603
-1
757729545 777666607
313735597 313735597
-1
70230995 690656118
946451150 946451150
-1
1280090080 1408700495
278612246 278612246
-1
400852681 815983676
499097 499097
-1
49504025 56480611
18452178 18452178
-1
82184 35993533
544002988 544002988
-1
120856761 229461145
241498661 241498661
-1
21141842 211608326
466030974 466030974
-1
346420412 416194725
372666484 372666484
-1
968372746 1487202727
220026033 220026033
-1
216384215 512564537
132786128 132786128
-1
514502291 620611840
377344860 377344860
-1
1010243087 1705349179
40827604 40827604
-1
36063276 529811413
209954577 209954577
-1
688248278 1759856411
125072537 125072537
-1
124346669 908796718
30253977 30253977
-1
135187928 1787254752
89901554 89901554
-1
368774925 667012294
1068829608 1068829608
-1
65387499 334720188
11298234 11298234
-1
198239506 289214724
858134422 858134422
-1
253258439 261956467
68442067 68442067
-1
615063775 1067614676
156038990 156038990
-1
493397209 797828085
