21494597 82614884
106346719 106346719
-1
354323572 1511038936
568694655 568694655
-1
370108534 1035379580
476252950 476252950
-1
51346237 315053967
653340185 653340185
-1
26312789 511848060
1369679017 1369679017
-1
185703653 1506400111
370972479 370972479
-1
55122117 122904023
116772241 116772241
-1
345987488 394193554
104186580 104186580
-1
150680813 762612115
1329181450 1329181450
-1
72680736 512536658
231019669 231019669
-1
156785579 1003947206
1695093438 1695093438
-1
306958727 418366226
264312474 264312474
-1
195421604 368462732
327290805 327290805
-1
345911358 824844642
427926648 427926648
-1
31221886 513012771
279295260 279295260
-1
135734187 517024694
188132934 188132934
-1
604365953 823428851
190348172 190348172
-1
260450646 1031759906
85203774 85203774
-1
123995324 804587263
1336910532 1336910532
-1
551417528 813671254
32003479 32003479
-1
55152899 163342893
392337608 392337608
-1
25842669 135087322
67999603 67999603
-1
710282486 1195148799
300193408 300193408
-1
303369748 1045681540
49700180 49700180
-1
60455818 182195634
323691389 323691389
-1
50059498 99573735
615935380 615935380
-1
200110159 252300813
701527915 701527915
-1
116534524 1733008001
403138869 403138869
-1
408182851 910637912
72723596 72723596
-1
53353925 182433772
211272486 211272486
-1
154601338 457727872
364015389 364015389
-1
456531361 641831666
137884431 137884431
-1
662367051 738131352
92737780 92737780
-1
803578221 924155365
