435585553 839669213
54341871 54341871
-1
1080039145 1513489078
126454318 126454318
-1
10734075 461923555
47631639 47631639
-1
58132670 89959731
1449233166 1449233166
-1
239521336 818269528
190318 190318
-1
26599139 193475591
53839738 53839738
-1
428990341 699135412
453394305 453394305
-1
327285489 858969773
26208719 26208719
-1
108156515 112668150
434727547 434727547
-1
1303204216 1816419784
260675263 260675263
-1
603556985 688627092
247919094 247919094
-1
276538320 1698557020
261104754 261104754
-1
25406482 727194797
88525580 88525580
-1
175822355 200029193
651359115 651359115
-1
257852199 278940865
1017458480 1017458480
-1
162997369 203779188
6950912 6950912
-1
792810135 1298754175
64017253 64017253
-1
822863196 1476700652
391274933 391274933
-1
108869179 176846762
236222199 236222199
-1
338000651 639593234
1477975767 1477975767
-1
320640026 502568735
1512206581 1512206581
-1
93474162 316277190
1020176912 1020176912
-1
1233915596 1879603849
1864837691 1864837691
-1
497042911 536106604
29100057 29100057
-1
87550245 1193576076
616932056 616932056
-1
331300098 855011602
161405993 161405993
-1
86552560 280055911
586566991 586566991
-1
748623170 1050380276
223045479 223045479
-1
409399358 454961908
484002955 484002955
-1
35088903 52888958
803964880 803964880
-1
199735228 227473281
812935619 812935619
-1
265125339 292668717
101547896 101547896
-1
1026592046 1475865585
52140975 52140975
-1
702377768 906556872
