100
129873187 24830889 50838466
740867297 25980380 655024044
638156473 375079226 438321900
1019944927 522516203 731681637
1223286677 790946156 798158196
1175520653 741725565 802099926
521335469 207518564 294110489
1610841217 702403640 648877926
157234949 15000230 132758759
2059306141 666460606 578952478
91013443 8345797 6478536
1530991369 19882185 486742179
772489127 56057456 207232844
1468469767 492638793 1269230141
200902043 185537166 159450931
267882227 170789972 141827659
27077537 9123020 26399342
1231010059 407887177 125053033
1726475123 548478243 1034445431
1513684801 501577410 743018762
1967101049 447267212 429587000
1710722791 542693840 184500114
1823640319 1609823245 345829586
89214611 22036585 81872612
1564424963 788719403 231061843
738874709 396311751 725707549
269382809 67763482 192267487
1404998633 1108629101 109976873
940779659 904763754 292081876
1287468737 297480292 463115066
1711332449 1094394047 1192758101
1669433149 239372726 775821206
1204176667 908393382 293647082
1636753627 588082575 1535396152
1388113117 874255201 627471194
922493309 9856538 885545055
902574637 626241722 760887113
1303691107 670109468 589211193
1095811973 920691688 748822371
1707954637 501402183 980835938
1784418341 165488407 557224492
1246027037 336162312 533835348
1146319127 303946646 70517230
3313417 1752183 998194
596383577 166665565 511724343
110667833 90270259 105984636
383197729 194795314 36904356
1546666279 276203281 1060994248
119537917 7221990 36075717
859098283 513840042 228907693
637237507 233735015 83505536
678712651 610401141 350317906
1261006477 741270887 482997322
2099701873 1657447778 862002427
457374563 173298201 232750168
741827761 390912097 190234187
932912999 68144824 365365555
584541907 81771587 178073230
1008001283 263866292 745332968
380707277 173556656 37341241
1634198051 53977956 821377422
347756587 251763426 92295479
455043007 378838072 1217472
867393847 287397702 728948752
538547017 432650406 265572256
222948161 55059688 36167512
1206038303 67970903 1135114131
1688846087 1570857361 754689720
124049909 44910048 116238931
1905231623 1067269669 810360643
863516573 577623974 81655208
1408587251 1292725391 264689164
1244139251 1034775596 565874689
448119239 389298547 419909154
1901098307 124035127 427946982
2046424207 1231726274 401680482
938772161 667692486 250145074
1365469277 750190235 705702156
1696919501 1285107143 1033143387
96370453 76113061 60507954
639364507 504388884 268582901
1969839211 1304326162 1922442680
410926393 87950136 179803108
256975813 153950580 252799326
768628801 439606084 267158418
1083236423 637142464 1054422793
1495992019 488725883 590331229
496227169 334790021 400107687
158936189 14514839 22596468
2062664497 58113675 374296526
377910301 205190266 109543929
1062399059 664227166 653869785
1774137503 708835095 485618523
943462087 937985694 515214906
274542137 74687307 136884134
2078809723 1749675751 620007060
1586972419 526038548 95706032
738989893 565655507 312077980
397390717 2382749 9355492
1527383983 1446600141 1291225294
