100
146746577 59847290 104109481
228412843 41863838 212693438
924079817 439749608 734317265
1773571231 743605790 91791277
943505501 792819303 193883809
941679811 25975486 134554281
1461400813 1149848859 1405488114
1899835937 473161930 952505900
2120521567 7444627 1395812871
2008109153 307546664 366400204
1055140403 198259411 251539967
660532289 263244023 436079600
2113723501 579490075 538160849
2013667343 829358638 725690691
1233253547 2317652 415273009
1744398347 514225909 1692103764
635828201 334829215 106116757
2097010171 1079497127 50688804
332510831 312267938 178026140
768420577 192537260 233544482
1750337783 795507163 303607590
518367397 203615243 221813645
1210662779 1023710693 208373160
235642157 133395817 68726669
1562895611 1417781543 913292928
1736258647 1057422392 922104253
1186278763 131540143 414720199
1252936739 721376990 585217394
460716287 50693572 1323051
212739661 121389332 9989455
1831624741 544965555 1160732785
1782678643 661372358 1607508233
693811933 327193870 450090083
508565867 231544340 216759086
627498793 495470602 528624948
297556223 220412148 142684278
959147977 106356225 563884336
1897479313 437754358 654581610
691632499 23759637 130400409
1044540797 102156599 126215203
1937421181 196913103 855853296
979880543 604204860 339933236
1475792341 383376760 544234657
344582011 294605829 214008509
2034290543 1350754740 652097358
1274818543 713009443 652758881
273170837 169060018 103095031
2001056221 772962913 1704744792
1084942879 974173202 342851925
1446366821 471991576 380696344
2139454099 1493476713 639912313
1590872813 1468799822 1292210552
282892543 179267714 170407548
1257667349 286504994 1136836216
2001858097 1816220096 928582587
1660307773 311150681 1013513291
2035193753 242743360 1906796548
981052067 152020377 384036715
197181823 138985426 64006958
902506753 428221429 289455915
532156063 276082091 218495792
724412237 621753451 60262979
1118010799 478752093 46360630
1045361917 511225325 160929991
829667791 821634650 135999206
1638320533 184307217 1401619607
1818884191 427833314 86547094
759098629 454455983 600386816
586481501 56435067 484072067
1539553007 1268410157 1349051288
136639519 18694431 99400360
665829133 589695928 50241658
259489141 114450547 242651452
610008857 330001268 37373921
2083826477 1763836296 1870153331
351233929 71854653 149633233
1955184323 684891702 1231870760
957895153 319295302 821965207
1463581079 923062126 452410972
998898149 190849505 404157681
1737175721 714801962 1684581926
1883367847 1202600825 1849542525
859041563 598118254 806277738
111528581 70817643 110125524
1316970071 907739715 1850692
1833678107 1347468318 145447192
397589 61400 215569
182618027 148796616 53169670
255000371 249618966 167544601
212786507 18802371 148965804
691976227 246417027 612329210
819218791 75111944 728030778
768112519 231909727 725270947
889071619 187272834 209291408
1351446827 190468917 275768862
650713153 640583100 156698687
1903278053 1431657987 1400498403
495535697 282188656 185475560
2002222867 1268748337 1819891753
961589201 770652050 766144385
