100
1095806347 930633639 179448419
1961965279 637850744 108683742
1505280463 379425770 67301619
1766848961 1314233 826679262
1953016543 521889454 252908636
592052639 310754738 31519229
1599446621 771264342 472657630
198798599 125425340 95263278
574702543 243599042 34176538
1347662627 1269751405 148092401
2030166823 925388893 868299509
1558556357 1094153042 353495563
1751051171 1524406225 1057790864
4474999 299218 380636
1006637659 409046211 710104770
921950569 315585461 220074730
596323121 237897580 107679476
1741184989 1026650520 1387540229
1835399431 430857866 1128125753
981557021 389810377 906788610
1962387983 146725943 905401809
1196491757 41205759 1186255262
1643391637 332145886 52417438
391857253 243739519 319243544
134855081 72188505 85969584
1278526163 203640605 869455094
1933099991 869779175 1783399671
1890045583 1368914022 1229578417
1042197547 16455069 521350526
1086701377 940172354 245318239
2045967439 1179542104 1292184077
1135865191 155243959 495838188
1552807769 219406371 409725333
1967310299 1953929857 7785041
770348819 30477705 522209508
1892823353 1559482920 987941017
875780629 377335186 752601279
195893303 124098380 177051160
1419730297 1049214390 258635247
498525133 171143216 375851548
2092285859 60768261 1302718230
928204621 251115080 261792759
860623781 23804873 536793064
1427472503 885993603 607444457
1132979719 956366770 43306238
817620107 507386633 366776557
751226017 76348389 13901824
140732983 85588074 128413533
1434808021 194296263 656756289
110643187 82659441 17391319
485226221 231326570 279633847
1516740811 455570979 782823037
399378979 84747440 383170887
764051863 169847471 422838350
537269881 505344461 285715941
357337459 187903429 115106939
953903801 552222168 206934725
778676323 708843345 198917562
2122262819 1124623916 833688715
726919703 232445933 258955105
856210991 342096970 823208761
1519646927 1050342960 1504766235
1205020549 875325820 704333364
1340702021 109206956 409751352
2069316031 458641211 2040353824
1886136761 666158576 854241276
1882057351 964308825 1231462094
2030678431 1804365887 1698996951
1722995933 1071223108 345430782
771125477 159433626 262024038
50665081 41478866 7535033
1639355369 848172734 556920167
2011731259 394434093 1281126321
625464137 511677542 608399975
811998203 570152340 408061348
889833569 294386986 296478131
314652433 13226010 8159553
2044322251 93433793 1698661623
288594571 196257185 78013900
1000218407 44703739 172915575
1089187271 460449187 507508697
1211874137 1083704318 587129309
2048223341 1262130487 446090958
1178957027 112275158 760236382
1189073383 736093853 864361266
591562607 47032220 376443303
2078301523 872990574 186453996
205526963 144857313 87977861
1120674263 682665900 487255497
654753833 51582893 98514784
985347743 844760119 427208509
1606937309 907512385 18933929
1311040463 1182482143 808984343
358057897 225350073 199736159
723736901 290933279 203095792
892182589 147727401 308029351
1566344009 1139597828 936113622
182481127 71906777 104281950
111518327 31620699 28947887
1085100607 858147796 523834033
