100
1124742407 239270062 978835528
1400511611 1149335295 1128736340
1671492799 1249982552 533269102
516753311 319316929 233032458
1121661869 57579564 181942749
2129654207 1047136978 560365843
675618941 159587143 2402055
1447167763 1343949983 34526650
1736678651 869559935 1104282428
802713151 112735433 687083885
473061817 90318231 18101904
906747511 703012075 405043572
1330908499 866287996 911540221
1038871693 31711204 113894562
420931153 366972441 341051499
1023911587 704930172 612584565
2100219293 1403391653 1027022176
861809777 366117038 768192938
1325542837 1287332166 381837292
1702085663 1603293507 214796010
1972579339 704937795 1099192190
2097794221 1563735692 1785005298
521501443 255876140 388914998
1298809397 246160596 753763939
1220498639 174372925 919468193
1833029903 466769820 1212783679
1886703913 1695632147 503248423
1990434989 1715878848 1840776853
979659257 307435694 152377972
258059363 2705852 165726912
749907359 80619806 220708136
756513983 678629588 142965416
1052549801 856066697 1040202070
929941147 9190432 69950042
1207594603 1030496719 117537464
179037533 56692702 100879372
1493385373 1089562182 1298763854
1056165941 114528049 647173663
184893991 99513639 114014707
436792877 151372909 54903219
1287966913 154936928 209516660
180386879 177501302 78461563
818517179 792083019 253729661
1861456409 431275443 1607965985
917274929 865569344 290976806
328240111 129807612 38709813
2050225091 1417878031 518393622
1422284483 3364452 529893541
1084059091 483109523 997851901
909551317 195044950 580732592
192784589 151747531 99278388
959262053 665667694 305980890
1109118973 540408657 605321259
163201993 81017460 37657657
967063147 34453353 576584970
1076644967 678683916 646158866
1766374877 74086096 689858551
1012733441 324108459 167636509
1598027443 1068598474 118670321
1786913459 1410354999 838269434
230959441 78777911 35748217
910326071 63139048 114470884
728770811 293862219 676285911
1383902917 173011291 712051009
32598703 4523160 26316418
959712889 14680563 306537285
1027513771 63226226 180881326
1660856107 1140989769 582448322
57058447 3127269 42131132
135677033 94498558 95421787
1640470171 717923382 493095009
368364509 89750575 136449209
1018322303 606302497 918524739
86052719 85301905 5539709
1755845261 783167447 1497057965
1581578627 401621421 465853013
614555317 134671061 493159169
1888195843 701529612 104583166
479794699 88845987 89866616
228143381 142704244 139692056
161280481 23612626 121212249
193577971 180434900 77531406
540383717 224246171 184639809
1936254473 1273892318 241135077
1768539671 1729552292 1195027002
1417717429 544256732 535397130
1044864103 387061809 39189130
2084385013 1511292776 976742853
1623855157 1101241405 1009153663
1068243641 963457914 212906353
629322979 552550351 12027470
1794329777 32977459 598692215
1719572453 1623762932 1073901116
122260189 67341326 55858019
1493950873 271018649 613879494
1764667537 1140935299 422177346
1551162409 1121277393 293738662
1238297729 518576704 557134462
1333236013 1194421046 288577697
1991966377 990720301 643204664
