100
1779233377 188269621 1444107154
198141017 34160757 166822611
1397551003 250495059 429070498
1888226701 1366705872 872716177
43583173 3472518 1473439
111924541 10455887 84435991
1943486851 755433585 1942035862
1656655313 36873309 1228907268
2013461323 1589762352 1204357344
1819886659 595619014 503543837
228365843 60857079 202980430
552960497 73535582 387481723
149080447 56506900 53474861
812323067 305111709 473913848
210482113 157287267 61662504
2033865319 1259783195 1082886
2132062117 1407097764 763355102
881342093 848232710 662932631
745241831 537569884 142941258
2019384529 1216810093 18179197
395461909 183464893 298830814
1777825253 481224897 1288332675
1510777123 823185072 1379048077
628988209 14676889 612590127
221226097 158685240 53021320
1926757873 1850689394 370702714
1153774927 679711910 457472366
1515320351 48739465 477596312
502578731 167050341 375233653
783854039 287277369 535570555
1150503793 903850149 1118709389
435391057 98914523 177155781
1902470263 575854815 1638595688
623279869 237538236 535271299
1156626959 1037674244 820480800
617727787 38772688 77223469
1389384187 807558860 769846549
1004193007 324993778 532223216
683989133 111643830 258391634
475568843 473409518 289064821
1952864509 1033181868 1913582930
446733983 286672427 208254571
526676987 233126021 484598983
1788742937 9676323 1659317062
2117110027 2105658334 397872804
1781936833 1048738299 950760457
1057774483 412706824 273358768
1215830351 354599397 593645779
196995973 10089729 124979241
1138909433 427060138 777543939
25054621 22100678 8111040
1251564989 581899992 1081698525
1617784733 427939093 580015986
610545919 100996837 260147850
694471901 333616117 563271954
1046573687 442852489 349665963
850824197 518617684 173207925
1181886463 950737239 202731043
1821166547 1612174310 124328685
880559663 317824733 832167006
693215909 85917674 648603991
649854229 49403277 319322673
1953455591 58522825 783395881
1084865807 743264053 1068219412
1139972143 582588571 221430479
511052723 414716741 77920036
1139159993 456150839 492041765
1528239481 107959465 1060565645
1031780699 242336967 419187214
383069243 162784787 160503218
162331583 133020900 108084325
298119929 261482124 169484057
903377159 245164039 901521537
2107932499 1499541332 1716938036
486686533 447348514 405744033
1070776151 681293577 238596086
1096186243 1074238209 1055918288
1728302969 282254918 905300908
218994751 157153264 92698668
1471686221 168603602 550387159
1879548641 471578491 1442415186
1320288127 807969747 132879192
548260463 509563047 402040257
339975959 233014583 82741509
1057991471 548381002 888309858
1278424699 761714241 1103350952
48522127 24331848 10142605
1104460061 646145377 707276174
2006007931 1221676300 1020010098
1215003197 372862431 188330736
2064503879 519091164 335770673
1585121731 314827804 1090944484
185396111 81085094 6840171
266395937 237111224 188899242
1660226003 525993215 1648229733
51921427 25220323 10394358
533637851 364999538 160561824
240769381 86453905 36488135
89182943 62600814 59093796
1245063019 824159242 864749795
