100
1418463817 324071009 1374975486
379626413 238288516 199026643
577356817 245899767 207223791
971860987 362458799 564099824
788366251 568134576 296344566
1151811049 297049194 182269564
1489760917 1136632013 749315971
231711659 124355051 222247282
310926041 147609406 239882001
422786839 166991279 270538654
1732217237 578710462 412091827
1305607241 97802795 388492907
711858067 26290179 353639484
1734248767 599966507 112583151
243137107 152870546 66673449
702576089 179403123 420485091
39762431 27948905 4223917
159522031 102466367 135800370
575492459 105537259 301111930
555132527 330908180 337121854
40312777 11549722 34272270
1245303167 38787840 378903771
856376947 655065209 320687310
542326963 475138049 417401507
117627439 69054129 29995268
1205273239 49228661 11757970
1803646489 1723727105 1309493018
205351759 15148469 48000655
37940333 22777799 17290944
1989601577 1565349456 1428708957
986910517 679313743 858589752
1713960601 252573974 1682170528
1899834683 1456546012 880777386
1461947189 604718112 55867437
1131607639 520991019 190942866
748187423 116864197 581138233
740900747 141646861 82982805
25220449 23917558 8991814
244451773 187392289 127041358
1162202941 1129374236 757301054
1956642497 859782391 94205750
1449634933 513808821 913914443
164414431 38054187 7833962
1906882657 1754874598 1373177103
2078688727 1272489684 200874672
1173625741 574787541 885378861
1558823353 1187300093 643376072
84040657 9577075 61987681
245872091 65620846 88519838
1583907319 755420555 300550092
333286237 11539854 313378803
930713843 924777433 836873261
1310256529 655031753 1150303278
1680083971 326428193 1181546654
1803143261 215745359 717942477
430617697 6878718 78006237
1626604327 89148478 705834616
1772422133 1343923286 69216478
587110091 326368615 360742184
229088183 77323610 55460765
2059141571 1578959358 544305038
476829599 131641025 433786348
181081907 5160293 34378789
223930129 219626841 16276116
1556307343 729069899 257106428
1614500647 1442851054 1235335371
308568941 206201720 138823886
423270781 285386720 269894172
1991064083 91063503 933753675
2061397621 1641836421 2056978340
65897659 1029023 25243960
2009685169 1467904124 1656281728
1854708913 999320021 1543891126
116829299 101253385 88163940
1502221313 1352527297 109420106
248252101 115269417 147308125
1875198751 1866752724 1831220170
962307349 182309857 237211991
405234911 123359847 113935055
1827696071 1607465186 423601089
483386083 285406443 259312072
401737877 291737144 264162128
72492881 442018 19938840
1215001537 1051543473 702874013
508425353 467016635 176106040
1191713381 552956570 845413506
1372133167 452540607 405982694
1259696201 1148266343 677678309
1721601097 505383708 503183920
345670763 160666861 288961135
2058097697 334808466 1928586025
1561958341 667456428 942040318
304070203 274069431 246438171
533965279 85216982 340304136
423485537 354717804 300027297
135098333 26883383 36952374
2012271253 1661847779 514533565
1707965009 1116506521 657223152
592173319 194096680 239477102
246392677 189297266 223668663
