193532401 785303127
564368170 564368170
-1
369769324 380016445
651802309 651802309
-1
100710341 577310655
17263325 17263325
-1
290970612 396113273
9050952 9050952
-1
1040845713 1201603007
56947281 56947281
-1
115593503 496991062
513511088 513511088
-1
83510020 298327272
107398005 107398005
-1
763312523 1021692775
194457499 194457499
-1
139123101 780345092
1522906791 1522906791
-1
839709565 1001067288
76188986 76188986
-1
54243844 166464292
71482708 71482708
-1
255354346 744536843
58768732 58768732
-1
557671835 741092019
851669802 851669802
-1
5320388 49582831
104758330 104758330
-1
82563314 171166347
1734711197 1734711197
-1
186039 38523774
259196811 259196811
-1
299121156 698730745
290366296 290366296
-1
316522683 948720260
857220116 857220116
-1
121946237 454638733
323079433 323079433
-1
251805373 928564577
858348882 858348882
-1
14264359 21483858
57235442 57235442
-1
288173147 423877862
13158209 13158209
-1
377626341 830768756
291224161 291224161
-1
104698682 126400138
1066782590 1066782590
-1
292886231 625638508
45796214 45796214
-1
608180462 1439251178
553857243 553857243
-1
160943190 408718125
69846028 69846028
-1
120386344 150723033
362511763 362511763
-1
96060906 1098966096
267698565 267698565
-1
2116174 974626679
1316504410 1316504410
-1
276474139 364876310
1196510996 1196510996
-1
57187758 120930450
306939747 306939747
-1
307930798 1536970273
278567231 278567231
-1
655355253 1979815788
