96964889 1347142265
182481814 182481814
-1
1128024398 1632918480
22528306 22528306
-1
56051726 1885984136
614453634 614453634
-1
511680494 1811750002
101490215 101490215
-1
19036128 34438733
236956924 236956924
-1
384348232 1650599973
381677551 381677551
-1
162388702 725794387
1018781863 1018781863
-1
136183169 1152149506
1444912600 1444912600
-1
120527836 153719581
185351357 185351357
-1
813961160 1178955503
438906192 438906192
-1
337832685 780876704
306273419 306273419
-1
239160077 296111222
410240400 410240400
-1
875906952 1283323784
266111608 266111608
-1
957437 288107384
956791465 956791465
-1
183573950 301025033
829658531 829658531
-1
352111016 598649441
136679384 136679384
-1
56624636 68354605
958226686 958226686
-1
499818178 581880347
290007993 290007993
-1
596154027 661589828
698119825 698119825
-1
586665361 797952145
972747616 972747616
-1
49359429 599244562
484588451 484588451
-1
173703857 894515555
680701311 680701311
-1
648032221 983169537
1294402563 1294402563
-1
210582592 332989869
135207954 135207954
-1
322798268 578723269
858469018 858469018
-1
575183237 734189000
527959144 527959144
-1
114116301 197577118
1011036690 1011036690
-1
456269902 996897417
475150360 475150360
-1
9120903 879188955
551675476 551675476
-1
292887780 414388394
510005049 510005049
-1
134452251 201318422
545472242 545472242
-1
17997008 170902234
1654227868 1654227868
-1
301768545 392431130
138628758 138628758
-1
297940809 566808986
