107684705 1267290781
289326528 289326528
-1
118114630 445985194
148172283 148172283
-1
1011958735 1227118153
111123641 111123641
-1
33439036 237099618
1072154532 1072154532
-1
452974708 612522843
923415959 923415959
-1
11742725 408742366
21993174 21993174
-1
54847686 246264244
168560927 168560927
-1
387806907 1236400031
160343655 160343655
-1
2743688 27251580
5878985 5878985
-1
62243051 191109363
8645472 8645472
-1
868441637 977058632
841085264 841085264
-1
71522812 1446291814
95471433 95471433
-1
340110143 483773409
4495907 4495907
-1
345386708 411914346
47102875 47102875
-1
1249602 6584360
1640029880 1640029880
-1
240902590 644476271
321688036 321688036
-1
161666246 172725683
150275046 150275046
-1
169029732 667843529
575151639 575151639
-1
1225072299 1296013439
254311967 254311967
-1
261725009 1579913602
180371092 180371092
-1
238456951 305848087
216893174 216893174
-1
65629908 174576337
128553214 128553214
-1
176590647 270802180
134947086 134947086
-1
537774390 1519203950
12621980 12621980
-1
209188266 1334702860
44081970 44081970
-1
65787724 81520401
915610085 915610085
-1
51159623 62775432
1125648580 1125648580
-1
96213086 167949042
9969420 9969420
-1
67406930 108699110
422706753 422706753
-1
52772838 624905471
251591960 251591960
-1
55538132 1873047893
471020159 471020159
-1
418283693 455985722
361756417 361756417
-1
673041599 1853763219
328611576 328611576
-1
94298116 129370547
