50 99
43 1 15 1
25 0 5 2
17 0 2 1
36 2 19 1
29 1 7 1
12 2 3 1
32 2 10 1
3 2 24 1
26 2 6 1
27 2 15 1
5 2 48 1
44 2 34 1
49 1 18 1
46 0 18 0
2 2 21 0
40 0 31 1
26 0 34 1
10 2 31 0
41 0 18 1
21 2 48 1
17 2 45 1
34 0 35 1
25 0 39 2
25 0 37 2
27 2 5 1
43 0 37 1
9 2 20 2
48 0 9 1
19 0 12 1
30 2 27 1
50 2 13 1
28 2 35 1
33 2 28 2
3 0 40 1
47 0 18 1
34 2 35 0
48 2 22 1
31 1 17 1
8 0 27 0
26 0 5 1
39 0 40 1
40 2 21 1
47 2 50 1
38 2 2 1
42 2 50 1
28 2 46 1
32 0 4 1
34 1 19 1
4 0 36 0
30 2 9 1
18 2 40 0
29 0 11 1
27 2 21 1
10 0 20 1
47 2 50 1
41 0 16 1
10 0 25 1
24 2 4 2
32 0 47 0
3 2 16 1
21 2 13 1
44 0 13 2
39 0 11 0
8 2 39 1
1 0 22 1
40 2 10 1
5 0 10 2
9 0 40 2
9 0 5 1
13 2 40 1
2 0 14 1
12 1 49 1
8 0 5 0
2 0 47 2
21 0 35 1
12 2 8 1
50 2 12 1
11 0 16 1
17 0 35 1
1 2 43 1
3 2 17 0
16 2 4 0
29 0 26 0
1 2 33 1
29 0 39 0
4 2 32 1
19 2 22 1
37 2 8 1
32 0 34 1
15 2 9 1
7 0 11 2
38 2 12 1
14 2 23 1
9 0 3 1
6 0 3 0
26 1 27 1
12 0 41 1
14 2 7 1
48 2 26 0
