500 6984
44 0 244 1
221 1 142 1
403 0 96 2
114 0 144 1
456 1 196 1
69 0 271 1
84 0 323 2
417 0 357 2
68 1 276 1
209 0 228 2
109 0 119 1
250 0 369 2
109 1 209 2
458 0 346 2
73 0 462 0
77 0 215 2
277 2 278 1
102 0 91 1
216 2 109 2
263 0 366 2
342 0 226 2
129 0 270 1
119 0 149 0
375 0 286 2
378 0 2 0
93 1 209 2
292 0 63 2
425 0 18 1
244 0 391 2
25 0 284 2
469 1 235 1
428 1 104 1
235 0 22 1
41 0 362 2
142 0 341 1
146 0 313 2
149 0 236 2
342 0 125 1
355 0 444 0
460 0 93 1
133 0 228 2
421 0 103 1
49 1 20 2
81 1 198 2
108 0 310 1
477 0 259 2
394 0 215 2
281 0 324 2
209 0 42 1
148 1 147 2
378 1 34 2
281 0 72 2
461 0 462 0
90 0 351 2
91 0 101 1
284 0 109 1
485 0 117 2
118 0 476 2
226 2 89 2
142 0 300 1
213 0 473 2
393 1 145 2
418 2 41 2
240 0 462 2
188 1 427 1
31 0 122 2
275 0 345 1
345 1 17 2
334 0 86 2
156 0 200 2
234 0 377 2
413 1 211 2
428 0 471 2
302 0 283 2
46 0 459 1
482 1 261 2
26 1 291 1
28 0 299 1
76 0 358 1
306 2 376 1
102 0 335 2
377 0 299 0
35 1 289 1
186 0 230 2
494 1 81 2
428 1 84 2
392 0 75 0
70 2 500 2
152 0 177 0
402 0 14 1
94 0 469 2
401 1 83 2
58 0 364 2
284 0 426 2
125 1 128 1
221 1 34 1
188 0 382 1
275 0 236 0
49 0 457 1
310 0 47 2
216 2 359 2
239 0 228 1
37 0 138 2
389 2 225 2
343 2 430 2
140 1 167 1
235 0 286 1
106 1 359 1
190 1 435 2
217 0 118 1
116 2 300 1
55 0 332 1
467 0 481 2
129 1 212 2
120 0 415 1
185 1 209 2
303 0 142 2
77 0 211 1
366 1 43 2
252 2 60 1
86 0 482 1
73 0 95 0
135 0 160 0
315 0 61 2
352 0 303 1
481 2 465 1
34 0 166 2
422 1 122 1
194 0 422 2
217 1 52 2
21 1 356 2
442 0 173 1
152 0 165 2
205 0 352 0
186 0 261 1
470 0 400 2
392 0 200 1
228 0 151 2
207 1 238 1
324 0 118 2
314 0 346 2
72 0 202 2
324 0 72 1
484 1 480 2
198 1 196 2
338 1 232 1
428 0 296 2
180 1 338 1
319 0 91 1
222 0 294 1
144 0 382 1
109 1 401 2
270 0 41 1
481 1 2 2
248 1 359 1
92 0 355 2
186 0 29 2
414 2 270 2
122 2 99 1
153 0 16 0
121 0 18 1
442 0 235 0
143 0 293 2
60 0 12 2
233 0 419 1
389 1 499 2
403 1 137 2
115 0 379 1
268 0 221 2
52 1 1 2
474 0 394 0
311 0 234 2
453 2 143 2
425 0 229 2
350 0 244 2
256 0 243 2
282 0 128 2
200 2 415 1
140 0 35 1
153 2 245 1
275 1 101 2
242 0 35 1
459 1 39 2
101 0 210 2
202 0 347 2
339 0 416 1
348 1 186 1
46 2 213 2
263 0 54 2
79 1 266 1
111 1 482 2
341 2 420 2
137 0 246 2
135 0 391 1
144 0 280 1
238 1 322 2
466 0 402 1
497 0 207 2
281 0 380 0
289 1 39 2
322 0 469 1
411 0 86 2
19 0 114 2
77 0 483 2
166 1 208 1
331 0 476 2
117 0 195 0
48 2 290 2
248 2 459 2
346 0 126 0
183 2 325 2
175 1 145 2
283 0 123 1
319 0 339 2
286 0 346 1
310 0 401 2
27 1 179 1
62 0 406 1
391 1 140 2
262 1 288 2
366 0 481 1
305 0 13 1
53 0 112 1
387 1 471 1
254 0 435 2
424 1 479 2
159 2 17 2
93 0 443 2
166 0 51 1
9 0 397 2
342 1 295 2
234 0 468 2
444 0 50 1
232 0 215 2
174 0 417 0
226 0 447 1
52 2 140 2
182 0 345 2
129 0 208 2
271 1 320 1
494 1 474 1
457 0 293 2
111 0 413 2
423 0 39 1
244 1 352 1
202 0 176 2
481 1 341 2
72 0 396 1
280 0 53 1
102 0 23 1
98 0 481 1
327 0 412 2
196 1 111 2
143 0 459 2
63 0 442 2
157 0 395 1
236 0 177 0
271 0 177 1
168 0 454 2
364 0 223 2
138 0 33 0
87 0 285 1
350 0 100 2
14 1 319 2
344 0 282 1
368 0 222 2
207 2 81 2
26 1 252 2
33 0 410 1
111 0 103 1
414 2 270 2
309 0 189 1
174 0 453 2
321 0 160 2
163 0 338 2
17 0 163 1
401 0 126 2
252 0 313 0
185 0 203 2
420 1 112 1
181 0 47 1
181 0 391 1
472 0 309 1
363 0 348 2
5 0 318 1
444 2 303 1
37 2 39 2
395 0 116 2
233 0 175 2
217 0 426 0
203 0 85 1
122 0 245 1
20 1 301 1
251 1 53 2
389 2 110 2
62 1 289 2
136 1 480 2
462 2 280 2
471 1 278 1
477 0 375 1
5 0 10 2
374 1 90 2
364 0 284 2
304 0 342 2
36 0 420 1
264 0 282 1
420 0 394 1
215 0 52 0
89 0 105 0
284 0 469 0
155 0 196 1
304 0 152 1
438 1 457 2
144 2 139 1
283 0 67 0
338 2 171 2
13 0 368 1
177 0 346 1
60 0 473 2
64 0 119 2
191 0 461 1
251 0 434 1
282 0 459 2
211 0 24 0
160 0 77 1
422 0 494 1
497 1 29 2
199 0 302 1
200 2 408 2
7 0 225 2
116 0 21 1
407 0 201 2
129 0 435 1
396 1 334 2
490 0 163 1
159 0 368 2
419 0 37 1
55 0 478 1
3 0 280 1
298 0 420 2
179 1 44 2
53 0 183 2
215 1 343 2
59 0 22 2
70 2 183 2
446 1 173 2
19 0 161 2
472 2 37 1
38 2 376 2
373 0 496 1
336 2 147 2
293 1 306 2
115 0 89 2
440 0 21 2
215 2 423 1
222 0 419 0
496 0 400 1
197 0 74 2
165 2 380 2
166 1 168 2
346 0 174 0
294 0 473 2
57 1 387 2
65 0 241 0
40 0 375 2
363 1 218 2
229 0 398 2
343 1 189 2
144 0 30 2
442 0 371 1
470 0 468 2
467 1 475 2
135 1 295 2
416 0 189 1
116 2 164 1
80 2 129 2
311 0 242 2
266 0 262 2
137 0 156 1
242 2 227 2
253 1 2 2
367 0 447 1
409 1 86 2
144 0 480 2
400 0 491 1
72 1 490 1
293 1 254 2
375 0 311 1
6 0 235 1
113 1 359 2
381 0 437 1
273 1 360 2
34 0 317 0
318 0 253 2
448 1 418 1
407 0 197 2
466 0 194 1
30 2 489 2
276 0 486 1
83 0 5 2
447 1 88 1
27 2 476 1
65 0 272 2
269 1 426 2
285 0 101 1
103 0 260 2
357 0 105 2
457 1 274 1
482 0 130 0
150 1 147 1
85 2 179 2
448 2 250 2
414 1 116 1
266 0 467 2
469 1 48 2
62 2 269 1
60 0 56 1
20 0 313 0
233 0 259 2
303 0 250 2
330 1 63 2
354 0 432 1
21 1 251 2
406 1 472 1
368 0 238 1
53 0 206 2
447 0 380 1
486 0 270 0
320 0 440 1
426 2 415 2
384 2 266 2
456 0 408 2
142 0 74 1
74 0 184 2
45 1 405 1
226 2 397 1
133 0 208 1
421 1 33 2
76 0 141 1
2 0 348 2
68 0 445 2
420 0 153 2
30 2 395 2
54 0 413 2
132 0 176 1
236 2 424 1
204 1 233 1
367 0 175 1
193 2 290 2
259 0 171 1
77 0 12 2
91 0 2 2
266 0 418 2
203 1 26 1
462 2 210 1
446 0 122 2
405 0 26 1
174 1 212 2
17 0 152 1
364 0 456 1
25 0 369 2
490 0 433 2
305 0 173 2
400 0 89 2
297 1 54 1
84 0 54 0
154 0 385 1
211 0 22 2
192 0 393 1
263 1 223 2
49 0 201 0
236 0 22 2
334 1 143 2
437 0 379 1
394 1 90 2
114 0 158 2
169 0 497 1
381 2 276 2
15 1 450 2
449 1 90 2
212 0 16 2
422 0 68 1
82 2 476 2
492 1 103 1
17 0 334 1
285 0 326 2
142 0 466 2
200 1 476 1
381 0 24 1
8 0 146 2
235 0 104 1
26 1 221 2
273 0 62 2
197 0 19 1
361 0 281 1
431 0 10 1
330 2 359 2
151 1 476 2
458 2 291 2
488 0 97 1
322 0 498 2
126 0 361 2
177 0 124 1
38 0 316 1
496 1 149 1
470 0 13 1
97 0 183 0
415 0 140 1
367 0 209 2
316 0 54 2
477 0 137 1
66 1 437 2
60 0 63 2
128 1 153 2
23 2 476 2
311 0 116 1
394 1 366 2
272 0 268 2
439 0 326 2
196 0 303 2
276 0 389 1
4 1 223 2
279 1 19 2
146 0 485 1
427 0 75 1
295 0 156 2
325 0 113 1
440 2 204 2
376 0 193 2
45 0 293 2
245 0 252 1
161 0 316 0
339 1 8 1
108 0 53 2
259 2 14 1
359 0 316 2
242 0 196 0
154 0 135 2
488 0 308 1
382 0 161 2
67 1 70 2
79 0 111 1
291 0 158 1
422 0 268 0
490 0 35 2
158 0 15 2
272 0 291 2
206 0 396 1
238 1 334 2
311 0 99 1
428 0 242 2
333 0 286 2
454 0 38 2
134 0 63 1
388 1 287 2
392 0 12 1
53 0 414 2
422 0 271 2
241 1 114 2
221 0 136 0
322 2 351 2
162 0 465 0
343 0 315 1
110 2 193 2
100 0 144 2
352 0 480 1
37 0 85 1
88 0 254 1
146 0 335 1
4 0 135 1
334 0 284 1
91 1 235 2
432 1 350 1
53 0 243 2
17 0 15 1
156 1 39 1
117 2 59 2
301 0 483 0
450 0 451 1
366 0 470 1
433 0 305 0
252 0 426 2
458 1 384 2
242 2 288 2
70 0 144 1
405 0 452 2
277 0 144 2
344 0 25 0
174 0 55 2
374 2 272 2
470 0 174 1
407 0 258 2
303 0 268 1
435 0 177 1
82 0 211 2
57 2 11 2
26 1 447 2
343 2 126 2
273 2 354 2
136 0 360 0
110 0 219 2
23 0 24 0
62 2 126 2
406 1 292 2
455 0 409 1
319 1 155 2
236 0 103 1
40 0 74 2
127 0 264 1
155 0 468 2
164 2 237 2
336 0 193 2
205 0 35 1
59 0 237 1
36 0 69 2
90 0 303 0
54 0 85 1
18 1 41 2
483 0 92 1
245 0 396 2
131 0 78 1
397 0 254 2
67 0 310 0
258 2 186 2
181 1 87 2
391 2 142 2
315 1 288 1
499 0 158 1
171 0 93 0
408 0 175 1
129 0 187 2
65 1 379 2
378 0 29 2
120 1 171 2
44 2 363 2
467 0 365 1
61 0 295 2
333 0 6 2
23 1 52 1
494 0 28 1
85 1 317 2
59 0 225 2
74 2 354 2
286 1 105 1
329 1 86 1
324 1 497 2
62 0 405 0
264 0 219 1
268 0 144 2
420 1 478 1
342 0 241 2
359 0 134 1
346 0 179 0
345 2 485 2
484 0 253 0
442 1 313 1
316 0 53 2
286 2 407 2
184 2 310 1
485 0 140 1
62 1 491 2
330 1 341 2
424 1 171 2
235 1 188 2
19 0 65 2
125 0 109 2
306 0 465 1
401 0 240 1
8 0 381 1
350 0 423 1
132 0 202 2
272 0 162 0
65 0 304 0
314 1 492 2
135 2 380 2
141 0 21 2
353 1 229 2
44 0 223 1
141 0 440 2
245 0 109 1
339 1 167 2
409 1 432 2
438 1 46 1
475 0 6 2
178 0 34 2
216 0 276 1
391 1 92 2
64 0 234 0
406 1 116 1
20 0 181 0
496 0 369 1
218 0 65 2
183 0 219 1
458 0 209 0
112 1 435 2
121 1 110 2
46 1 299 2
181 0 157 1
10 0 39 0
107 1 419 1
363 0 474 1
58 0 256 2
46 0 331 1
134 2 249 2
2 0 237 1
305 0 57 2
273 0 362 2
462 0 151 2
208 0 110 2
234 1 219 1
372 0 80 0
402 0 125 2
353 0 297 1
159 0 480 2
415 0 389 1
52 2 410 2
291 0 280 2
233 0 295 1
367 1 267 2
318 1 176 2
226 0 327 2
480 2 476 2
490 1 177 2
423 0 370 2
188 1 431 2
454 0 442 1
310 0 447 2
500 0 404 2
409 0 224 0
134 2 237 1
98 0 255 2
85 0 279 2
156 2 224 2
315 1 50 1
352 0 180 1
415 0 348 1
90 0 365 1
118 0 323 1
302 1 326 1
132 0 44 1
388 2 123 2
212 0 208 1
215 2 291 2
397 0 401 1
411 2 17 2
93 0 82 1
449 0 65 1
239 0 259 1
50 0 250 0
32 1 473 1
330 0 461 1
189 0 487 2
417 1 433 1
374 2 325 1
137 0 298 2
343 2 181 1
478 0 26 1
336 0 112 1
82 1 92 1
480 0 383 1
448 0 434 0
34 0 189 2
335 0 42 1
162 0 311 0
103 1 287 2
412 0 480 0
407 0 498 1
305 0 281 2
161 0 259 0
134 0 312 2
450 0 89 2
373 0 256 1
38 0 323 2
179 1 241 2
408 0 251 2
167 1 289 2
437 1 409 1
452 2 407 2
338 1 214 2
128 0 63 1
468 1 320 2
421 0 369 2
147 0 198 2
443 0 452 2
77 0 5 1
466 0 188 1
138 0 464 1
126 0 221 2
110 0 215 2
452 0 395 1
38 2 379 2
422 1 409 1
61 1 188 2
434 0 11 1
75 0 69 2
197 0 169 2
230 2 269 2
215 1 58 1
412 0 44 1
16 0 356 1
429 0 138 1
341 0 357 0
50 0 300 1
239 0 106 1
319 0 493 2
411 0 157 2
223 0 181 1
82 1 27 2
394 0 418 2
460 0 453 1
70 0 198 2
114 1 173 1
344 0 218 2
16 0 399 2
167 0 453 1
318 0 421 1
335 0 347 1
256 1 132 1
361 0 197 1
3 2 182 1
472 2 295 2
472 2 349 1
421 1 383 2
200 1 326 1
145 0 416 2
65 2 113 1
399 0 270 1
77 0 242 2
122 0 369 2
234 0 87 2
471 0 382 1
32 0 419 0
346 1 229 1
31 1 119 2
224 1 336 2
65 0 151 1
286 1 413 2
44 0 96 2
339 0 440 1
36 1 488 1
171 0 183 2
8 0 128 1
487 1 272 2
91 0 361 0
29 0 368 0
154 0 265 1
312 0 96 2
257 0 190 1
36 0 167 2
358 0 494 1
107 0 59 2
179 1 114 1
197 0 395 1
77 0 279 1
478 1 14 2
446 0 422 2
360 1 338 2
498 0 23 1
440 0 28 1
367 0 223 2
144 0 293 2
160 1 385 2
52 0 388 1
107 0 4 2
61 0 142 2
123 0 467 2
227 1 117 2
107 2 358 1
485 1 223 2
187 0 177 2
74 1 278 2
110 1 98 1
470 0 172 1
322 2 152 1
117 1 316 2
180 2 335 2
41 0 286 2
365 2 321 1
116 0 281 2
409 0 142 1
17 0 331 2
19 0 111 1
312 0 19 1
91 1 15 2
456 2 393 2
85 1 460 0
191 1 231 1
81 0 47 0
324 0 134 1
336 0 130 2
131 0 172 1
280 2 288 2
250 0 140 2
180 1 297 2
247 0 304 1
9 1 383 2
344 0 390 0
151 1 51 0
418 0 134 2
205 0 269 2
166 0 333 1
405 1 167 2
486 1 359 1
62 1 409 2
140 1 80 2
183 0 32 2
396 0 3 0
87 0 215 2
315 0 17 0
21 0 482 2
95 0 88 1
447 1 457 2
49 2 159 1
395 0 445 2
413 1 206 2
395 0 500 2
237 0 431 2
420 1 405 1
211 1 146 2
394 0 169 1
370 0 31 1
335 0 26 2
188 0 428 1
147 0 191 2
489 2 233 2
117 1 369 2
228 0 58 1
82 0 226 1
121 0 294 2
421 0 323 2
488 0 85 1
11 0 484 2
370 0 324 2
279 0 324 1
250 0 132 1
471 0 337 1
155 0 212 2
237 0 421 1
23 1 473 2
485 0 308 2
496 0 385 1
155 0 341 1
172 1 368 1
481 0 357 2
153 2 294 2
485 1 465 2
456 0 230 1
14 0 383 1
436 0 288 1
152 0 132 2
303 0 344 1
124 0 47 0
202 2 115 2
457 0 233 0
52 2 471 1
250 0 110 1
396 1 458 1
261 0 263 1
498 0 99 0
174 1 335 1
491 2 11 2
385 0 184 0
71 0 92 2
181 0 286 2
170 1 361 2
46 0 480 2
110 2 402 1
117 1 424 0
216 1 369 2
489 0 63 1
181 1 425 2
71 0 470 1
144 1 398 2
130 1 276 1
108 1 103 1
26 2 302 2
455 1 323 2
429 1 423 2
147 0 66 1
28 0 53 0
492 2 41 1
221 0 382 2
216 0 253 0
55 0 119 2
214 0 121 0
435 0 220 2
43 0 15 1
486 2 120 1
478 0 145 1
350 1 181 1
205 0 191 2
147 0 411 2
260 0 7 1
409 0 306 1
365 2 467 2
264 1 178 2
159 1 29 2
422 0 56 0
358 0 295 0
139 1 332 2
283 1 337 2
445 2 405 1
42 1 419 1
23 2 319 2
278 0 354 1
481 2 11 2
234 0 228 1
268 0 218 1
108 0 28 1
309 0 263 1
306 1 137 1
199 0 296 2
292 0 376 2
445 2 429 2
352 0 472 2
366 0 77 0
443 0 87 0
180 0 198 2
128 1 441 1
67 0 94 1
92 1 480 2
494 0 466 0
321 0 302 1
275 0 205 0
456 2 378 1
490 1 488 2
447 0 235 1
477 0 200 2
92 1 57 2
265 1 195 2
491 0 161 1
499 1 401 2
70 0 239 1
149 2 235 2
408 0 71 1
300 0 494 1
354 0 340 0
59 1 246 2
8 0 22 2
301 0 336 2
337 0 327 1
139 0 69 1
74 0 272 1
363 2 332 2
154 0 370 2
104 0 154 1
151 0 24 2
355 0 287 0
270 0 334 2
419 0 497 2
474 2 399 1
158 2 146 2
174 1 195 2
1 1 213 2
282 0 496 2
123 1 44 1
31 2 180 2
344 2 38 2
64 2 283 2
1 0 184 1
56 2 155 2
152 0 2 1
29 0 50 2
372 0 344 1
403 0 486 2
353 0 201 0
70 0 194 1
141 0 289 2
189 0 6 1
246 1 347 2
388 0 150 2
333 0 6 2
323 1 248 2
449 0 187 1
4 1 352 1
226 0 359 2
26 2 366 2
383 1 122 2
456 0 75 0
72 0 262 1
62 0 455 1
226 1 388 2
141 0 439 1
95 0 172 1
92 0 447 1
316 0 330 1
82 2 363 1
135 0 250 0
397 2 139 2
175 0 67 0
261 1 87 2
47 2 395 1
467 0 75 1
152 1 93 2
260 0 275 2
484 2 380 2
499 0 299 1
229 0 287 0
108 0 116 1
348 1 449 2
317 0 321 0
5 0 439 1
130 1 498 1
276 0 231 2
231 0 350 2
16 1 421 2
209 0 242 1
320 0 9 0
429 1 235 2
402 1 67 2
494 0 335 0
154 0 147 2
327 1 400 2
469 0 18 1
439 2 40 1
159 0 480 1
323 2 408 1
395 0 6 1
345 0 346 1
51 0 240 2
157 0 406 2
400 1 321 2
346 0 83 0
442 0 318 1
317 0 294 1
287 1 13 1
281 2 444 2
75 2 302 1
98 0 460 1
204 1 190 2
304 1 337 2
135 0 55 0
295 2 231 2
397 0 343 1
307 0 249 1
362 0 65 1
365 0 73 2
173 1 395 1
64 0 282 1
372 1 131 2
49 2 297 2
427 0 229 2
14 0 318 2
165 0 415 2
189 0 170 0
66 0 497 0
17 0 475 1
74 2 139 2
234 0 391 1
62 0 104 2
249 1 342 1
346 1 338 1
339 0 273 2
89 1 291 1
53 0 414 2
236 0 69 2
189 1 151 2
159 0 404 2
63 2 169 2
52 0 131 2
484 1 212 2
165 0 18 1
109 0 396 1
42 0 256 0
295 1 136 2
106 1 299 2
199 1 121 2
324 0 435 2
210 0 245 1
457 1 311 1
492 1 262 2
373 0 258 2
84 1 158 1
495 1 73 2
160 2 289 2
415 0 373 1
313 0 62 1
243 1 41 2
439 2 132 2
248 2 264 2
171 0 418 1
427 0 94 2
202 0 74 1
251 0 247 0
365 0 397 2
488 0 162 2
415 0 358 2
453 0 340 0
138 0 401 0
351 0 200 1
409 0 42 1
198 0 211 0
489 1 368 2
339 0 84 1
109 1 123 1
292 0 70 2
286 1 111 1
474 0 404 2
110 1 101 2
188 0 204 2
449 0 21 1
346 0 124 1
200 0 25 1
168 0 426 2
342 0 53 1
252 2 172 2
208 0 89 1
93 0 343 2
96 2 146 1
270 0 50 1
302 0 196 2
214 0 487 1
97 2 90 1
326 0 417 1
172 2 78 2
424 0 67 2
173 0 115 1
80 0 242 1
365 2 382 1
258 0 21 1
337 0 371 1
21 0 347 0
424 0 335 2
25 0 124 1
468 1 225 2
216 0 411 2
98 0 11 1
40 0 321 2
40 1 237 2
328 1 279 2
471 0 195 1
437 0 406 1
466 0 346 2
257 2 208 2
353 1 474 2
299 1 226 2
71 0 372 1
61 0 14 0
375 0 436 1
24 2 7 2
382 0 38 1
255 0 420 1
321 0 219 2
347 0 398 2
286 1 489 2
356 0 65 2
172 2 397 2
14 0 190 1
312 0 248 2
377 1 249 2
64 0 80 1
339 0 51 1
212 0 388 2
62 0 410 2
198 1 347 2
284 0 57 0
23 1 19 2
441 0 134 2
419 2 466 2
297 1 66 2
92 0 212 1
392 2 13 1
309 2 360 2
354 0 270 1
407 0 224 2
180 0 422 2
113 0 216 2
12 0 422 2
189 0 116 1
400 2 91 2
84 0 133 2
239 0 494 1
43 0 165 1
167 0 35 2
50 1 290 1
124 0 86 0
134 0 100 1
26 0 441 2
304 2 121 2
15 2 477 2
405 0 431 1
202 0 111 1
90 0 108 1
40 0 9 2
394 0 271 2
39 0 22 1
124 2 458 2
439 1 180 1
60 0 262 1
1 0 463 1
213 0 32 1
14 1 300 1
194 0 315 2
47 0 138 2
322 2 224 2
76 2 237 1
320 0 148 0
437 1 493 1
222 0 453 2
146 0 160 2
475 0 191 1
119 1 331 2
327 0 187 2
85 2 129 2
228 1 31 1
343 0 107 2
486 1 243 1
160 0 22 1
456 0 478 0
200 1 478 2
347 1 434 1
285 1 310 2
43 2 342 2
309 0 108 2
3 0 399 2
12 2 375 1
454 1 173 2
405 0 138 2
484 0 92 1
23 1 171 1
279 0 291 1
58 0 349 1
410 0 288 2
220 0 434 0
142 0 60 2
198 0 142 1
186 0 50 1
238 0 116 1
15 0 431 2
169 0 70 1
32 0 298 1
485 0 65 2
263 0 389 2
139 0 117 1
337 0 229 2
369 0 262 1
100 1 430 1
59 0 494 1
278 0 114 2
387 0 428 2
424 0 376 1
348 1 465 1
417 0 428 1
191 1 231 1
268 0 203 1
281 0 75 1
190 0 440 1
33 0 215 1
496 0 196 2
452 0 248 1
164 0 424 0
12 1 328 2
74 0 397 0
288 0 355 2
219 1 302 2
11 0 370 2
439 0 277 2
442 0 285 0
317 0 416 2
8 0 109 2
383 0 203 2
7 0 453 1
19 0 13 1
64 1 349 1
59 0 289 1
304 1 68 1
353 2 439 2
85 0 304 2
444 0 242 2
455 0 252 1
435 1 238 2
321 0 248 2
424 0 292 2
253 1 170 2
497 0 374 1
268 0 60 1
215 0 320 1
409 1 428 2
391 0 444 0
297 1 494 2
139 0 46 1
27 1 145 1
59 0 495 2
474 0 436 2
3 2 300 1
223 0 111 1
224 1 42 2
114 0 265 1
80 1 258 1
432 1 410 2
22 0 456 1
322 0 170 1
410 0 397 1
71 0 423 2
28 1 69 2
242 1 368 1
173 0 85 1
89 0 104 1
357 1 474 2
400 2 98 1
22 1 281 2
352 0 299 1
109 2 276 1
200 0 252 1
50 0 86 1
94 0 63 2
401 2 460 1
386 0 26 2
255 0 499 1
61 0 97 1
85 0 127 1
10 0 48 2
195 0 314 2
429 0 37 1
56 1 476 2
497 0 284 1
376 0 378 2
381 0 352 2
82 2 28 2
450 0 32 1
107 2 58 2
343 2 40 2
186 0 373 1
94 1 204 2
307 1 288 2
101 2 434 2
302 0 390 2
332 0 257 2
294 0 418 1
493 0 361 2
455 1 62 1
187 1 156 2
71 0 409 1
355 0 322 2
346 2 143 1
477 0 123 1
110 2 364 1
153 0 165 2
230 1 5 2
481 2 196 2
135 0 495 1
362 0 417 1
50 0 159 1
436 0 391 1
33 1 430 1
225 0 281 1
25 0 458 1
171 0 400 1
23 1 160 2
297 0 394 0
458 0 134 1
467 1 171 1
37 0 462 2
129 0 161 2
363 0 164 0
246 0 458 1
118 0 154 0
321 0 284 2
246 0 448 1
22 1 276 2
18 0 78 1
30 0 301 0
25 0 135 1
425 0 23 2
214 2 266 2
493 0 244 1
452 0 362 2
87 0 44 1
204 0 422 1
319 0 93 1
175 0 66 2
203 2 246 2
130 0 254 1
137 1 71 2
442 0 48 1
340 0 128 1
300 0 221 2
121 0 472 2
35 0 195 2
43 0 100 1
1 0 274 1
326 0 435 2
48 2 167 1
282 0 435 1
77 0 369 1
322 0 299 0
88 0 189 1
90 0 377 1
59 1 9 2
297 0 226 2
418 2 146 1
214 0 187 2
211 0 329 2
211 1 396 2
346 2 36 1
65 1 79 1
67 0 360 2
255 1 70 2
121 0 187 1
187 1 178 2
3 1 400 2
353 1 184 2
189 1 394 2
485 1 288 2
51 0 32 2
330 0 450 1
231 0 196 2
403 0 456 2
475 0 117 1
461 1 222 2
342 0 357 1
455 0 123 0
350 0 144 2
149 1 251 2
311 0 91 1
380 0 330 1
31 2 370 1
329 0 191 2
51 0 482 2
206 0 27 1
246 0 132 1
409 1 122 2
50 0 38 1
345 1 402 2
447 0 357 0
309 2 317 2
38 0 470 2
370 0 179 0
464 0 37 2
7 0 200 2
229 2 300 2
442 0 379 2
221 1 368 0
46 1 206 2
161 1 314 2
115 0 79 2
259 2 430 1
416 0 231 0
331 0 16 2
475 0 380 1
16 2 44 2
473 0 80 1
302 0 493 2
436 0 432 2
257 0 354 0
174 1 376 1
103 2 149 2
70 0 496 1
194 0 221 1
259 0 146 2
436 0 261 0
310 0 251 1
301 2 267 2
276 1 466 2
244 1 415 1
240 0 491 1
143 0 61 2
400 2 384 2
265 0 352 1
112 0 473 1
334 0 383 0
288 0 475 2
175 2 185 1
313 0 136 1
283 1 109 2
240 0 345 2
284 0 482 1
31 0 123 2
296 2 235 2
302 0 229 2
64 0 252 1
140 1 190 1
424 0 288 2
357 2 278 2
5 1 366 2
311 0 376 1
5 1 247 2
409 1 437 2
394 0 447 1
461 2 320 1
160 0 391 0
182 1 39 1
121 0 484 2
248 1 71 2
424 0 19 1
319 0 405 2
498 0 436 1
65 0 89 1
219 0 227 2
83 2 307 1
385 2 459 2
107 1 183 2
140 0 412 2
179 1 88 1
158 0 87 2
492 0 383 0
207 1 271 2
202 0 176 1
468 0 183 1
367 1 247 2
41 0 103 1
28 1 464 2
72 0 273 0
299 0 113 2
286 1 409 2
464 0 440 2
139 0 408 2
190 0 496 1
238 1 393 2
1 0 316 0
76 1 106 2
295 0 451 1
66 2 352 1
259 0 298 1
77 0 322 2
251 1 439 2
299 2 399 2
231 0 286 2
481 0 143 2
112 0 436 1
370 0 12 2
150 0 434 0
315 0 109 2
230 0 376 0
317 1 285 2
197 0 114 1
448 1 62 2
22 1 443 2
237 0 438 1
52 2 188 1
83 1 314 1
55 0 355 2
461 0 219 0
54 0 191 1
156 2 152 2
59 2 288 2
410 1 314 2
82 0 113 2
185 1 234 2
354 2 325 2
228 1 174 2
150 2 459 2
252 2 269 1
255 0 158 2
193 0 260 2
257 0 469 1
389 1 253 1
244 1 33 1
51 0 317 1
222 2 104 1
364 0 90 0
58 2 384 2
52 1 282 2
168 0 183 2
149 0 78 2
371 2 292 1
418 0 182 2
231 0 348 2
188 1 225 2
86 1 490 1
389 0 439 2
293 0 24 1
307 1 476 2
490 0 304 1
348 0 313 2
486 1 240 1
376 0 243 1
153 2 494 2
440 0 372 2
7 0 483 2
213 1 309 2
473 1 1 1
466 0 3 1
194 1 355 2
329 1 477 2
467 0 277 2
330 1 265 2
127 0 35 2
420 1 421 2
57 0 495 1
309 0 271 2
438 0 127 2
461 0 175 2
29 0 307 2
25 0 271 2
25 0 53 2
329 0 433 2
227 0 437 1
377 1 64 1
100 0 8 2
131 0 119 2
157 1 455 2
258 0 225 2
23 0 57 1
134 2 3 2
155 0 137 2
315 1 48 2
381 0 321 0
118 0 216 1
203 0 410 2
202 2 367 2
157 0 489 2
364 0 125 2
311 0 476 0
447 0 439 0
455 0 461 1
352 0 70 1
427 0 235 1
81 0 267 2
148 0 388 2
360 1 367 2
424 0 43 1
435 0 426 2
177 2 266 2
450 0 463 1
408 0 412 2
105 1 311 2
266 1 363 2
424 0 496 1
491 2 213 1
414 2 218 1
158 1 98 2
378 1 371 2
249 0 242 2
284 1 161 2
162 0 76 1
311 0 285 2
17 0 47 1
139 0 29 2
210 0 417 2
334 2 249 1
143 0 181 2
207 0 126 2
304 1 190 1
72 1 353 2
269 0 214 1
70 0 246 0
126 0 203 1
12 1 403 2
154 0 184 1
297 0 78 2
306 2 47 2
149 0 114 2
291 0 166 1
115 0 402 1
38 0 85 2
87 0 227 2
250 0 226 1
345 0 468 1
172 0 269 1
330 0 265 2
117 0 325 2
178 2 403 2
83 0 414 1
259 2 181 1
360 0 403 0
337 2 394 2
131 1 194 2
281 0 70 0
398 0 74 1
493 1 16 2
336 0 484 2
10 0 424 2
489 0 171 0
321 1 390 2
378 0 18 1
423 0 203 1
176 1 300 0
3 1 94 2
25 0 61 1
275 1 245 2
419 0 294 2
149 0 418 2
402 0 425 2
62 0 248 1
364 0 163 0
388 1 103 2
298 0 280 1
268 1 300 1
235 0 103 1
60 1 108 2
87 0 69 1
228 1 141 1
233 0 71 2
309 0 439 1
40 0 286 2
282 0 363 1
305 0 306 2
470 0 101 2
477 0 392 1
182 0 12 1
495 2 142 2
338 1 46 2
344 2 423 2
298 0 261 0
57 0 294 2
80 0 206 1
15 0 24 1
418 0 390 0
309 0 346 2
198 0 340 1
136 0 458 1
158 1 125 2
277 0 123 0
401 1 471 1
442 0 261 2
104 1 403 2
464 0 254 2
369 1 69 1
418 1 326 1
225 0 134 2
169 0 352 0
419 2 433 2
457 2 245 2
12 0 38 1
244 2 336 2
452 0 463 1
321 0 89 2
345 1 442 2
102 1 485 2
72 0 482 1
23 0 112 1
51 0 474 2
240 1 109 2
413 0 284 1
123 1 89 2
469 1 241 2
283 2 309 2
19 1 79 1
106 1 84 2
89 1 349 1
310 0 316 0
57 0 458 1
333 1 441 2
435 0 92 2
416 1 17 2
16 0 12 1
420 1 466 2
41 0 347 2
375 0 41 1
210 0 421 2
477 0 66 2
360 1 431 2
103 0 406 2
225 0 444 2
452 1 72 2
48 0 155 0
491 2 235 2
431 1 492 2
49 0 320 2
439 1 453 2
425 2 99 2
55 0 350 1
224 0 270 2
80 1 408 1
497 0 477 0
302 0 378 2
36 0 473 2
382 0 215 1
453 1 407 1
229 2 169 2
90 2 267 2
177 0 205 2
396 1 167 2
332 0 160 2
159 0 355 1
20 2 480 2
326 0 202 1
349 0 318 1
318 1 28 1
7 1 287 2
162 1 43 2
117 2 332 1
93 0 328 2
267 0 314 2
217 0 125 2
165 0 406 1
292 0 59 1
295 0 156 2
43 0 142 2
93 0 481 1
164 0 94 1
1 0 259 2
28 0 445 2
60 0 281 2
149 2 154 2
410 1 48 2
33 0 3 1
300 0 36 2
339 0 6 1
100 1 321 2
384 0 20 2
38 0 97 2
291 0 381 2
444 0 187 1
295 0 157 2
118 1 132 1
2 0 201 2
284 0 346 1
143 0 24 2
374 1 432 1
12 1 298 1
394 0 269 2
215 0 231 2
403 0 101 1
183 0 251 0
225 0 437 2
403 0 245 1
92 1 146 1
438 0 458 0
479 0 197 2
43 0 258 2
360 0 97 1
382 0 166 2
367 0 418 1
397 1 200 2
177 0 252 1
104 0 425 2
388 1 463 2
70 0 357 2
238 1 130 2
149 0 66 1
221 1 25 0
384 0 485 1
264 0 318 2
439 1 136 2
317 0 286 2
200 2 384 2
285 0 129 2
238 2 273 1
423 0 454 1
140 1 418 1
192 2 270 2
258 0 189 2
161 2 155 1
386 0 378 1
168 0 124 2
397 0 214 1
132 1 435 2
333 0 131 1
152 0 132 2
489 2 212 2
174 0 126 2
378 0 472 1
206 0 133 1
32 1 435 1
303 0 141 2
77 1 467 2
132 0 82 2
492 1 190 1
62 0 160 0
37 1 313 1
176 1 165 2
459 1 223 1
129 2 379 2
69 0 325 2
5 0 53 2
308 1 148 1
199 0 196 2
307 0 31 2
44 1 99 1
218 0 12 2
380 0 237 1
326 0 410 2
102 0 258 2
255 0 314 1
484 0 15 2
80 2 235 1
395 0 105 1
239 2 90 2
469 1 389 2
381 0 158 2
453 2 466 2
6 0 199 0
451 0 183 1
238 0 299 1
1 0 255 2
136 0 21 1
13 0 294 2
258 0 85 1
39 0 221 1
78 1 95 2
374 1 291 0
460 0 387 1
392 1 14 1
127 0 363 0
381 0 144 1
486 0 297 1
147 1 292 2
395 0 240 2
246 2 476 2
29 1 303 2
271 1 189 1
156 1 135 2
445 0 449 2
277 2 352 1
372 0 431 2
407 0 43 1
197 0 286 1
108 0 42 2
68 0 215 2
7 0 442 1
6 2 394 1
207 1 19 1
483 1 98 1
361 0 65 2
366 1 106 2
339 1 167 2
219 0 441 2
179 0 9 1
310 0 100 1
45 1 424 2
418 2 129 2
136 1 411 1
428 1 421 2
333 0 462 1
43 0 231 0
107 0 347 0
476 1 178 2
18 1 89 1
86 0 57 1
444 0 420 2
406 0 59 0
16 0 408 2
363 1 70 2
377 0 313 0
366 0 217 2
253 2 143 1
331 1 479 1
133 0 4 1
30 2 115 2
74 0 269 1
331 0 408 0
54 0 469 2
317 0 400 2
390 1 127 2
280 0 293 1
128 0 482 1
8 0 45 2
294 0 111 2
391 2 382 2
264 0 470 2
249 1 52 2
416 1 125 2
57 1 477 2
388 0 421 0
211 0 461 2
76 2 90 2
46 0 65 2
346 0 229 2
376 0 391 2
11 0 436 1
234 0 253 2
68 0 26 1
184 2 274 1
458 1 479 2
350 0 372 1
310 0 242 2
194 1 375 2
405 1 295 2
90 1 210 1
466 0 34 1
315 0 32 1
500 2 485 2
116 0 69 0
371 0 172 1
433 0 127 2
384 0 320 2
51 0 422 2
436 0 54 0
346 0 319 1
491 1 229 2
290 0 279 1
355 0 276 2
314 0 3 1
423 0 357 1
223 0 224 2
488 1 2 1
22 1 407 1
343 0 357 1
500 0 63 1
111 0 486 2
251 0 130 2
22 2 295 2
167 1 295 1
488 0 322 1
190 1 91 2
134 0 440 1
295 0 62 1
236 1 292 2
387 0 8 0
233 0 51 1
200 0 409 2
375 0 121 1
298 1 135 2
184 1 227 2
126 2 451 2
135 0 8 0
37 0 66 2
419 0 45 1
443 0 246 1
322 0 363 0
480 0 377 2
381 0 492 1
80 0 213 2
15 0 329 1
72 0 372 1
381 0 67 1
271 0 409 1
136 1 302 2
264 0 112 2
5 0 151 2
428 0 303 1
378 0 406 1
372 0 284 0
387 0 410 2
383 0 439 1
251 0 257 1
486 1 228 1
315 0 337 0
45 0 493 0
158 2 363 1
292 0 52 1
421 0 415 1
122 2 387 2
82 0 287 2
345 0 332 0
293 0 100 1
385 1 342 2
242 2 390 1
328 0 380 2
354 0 330 1
129 0 176 2
206 0 171 2
153 2 369 2
311 0 201 2
150 0 14 2
430 1 349 2
254 1 342 2
499 2 380 2
12 0 38 1
30 0 242 2
383 2 141 2
197 0 113 0
286 1 293 2
89 0 481 1
314 0 481 2
295 0 346 1
270 0 82 2
413 1 140 2
78 0 105 0
479 0 365 2
306 0 34 0
300 0 191 1
344 2 490 1
290 0 369 2
6 2 301 1
418 0 428 1
292 0 101 1
497 2 13 2
62 0 329 1
155 0 65 2
172 0 478 0
459 1 230 2
376 0 470 1
455 1 361 1
132 0 346 1
451 0 32 2
448 1 397 2
15 0 327 2
335 2 164 2
231 0 38 1
182 0 234 2
32 2 225 1
340 0 193 1
149 1 332 2
175 0 31 2
487 0 381 2
222 0 75 1
491 1 189 2
254 1 49 2
477 1 37 2
381 0 203 1
377 1 210 1
128 0 412 2
117 2 105 2
184 1 69 2
194 0 434 1
309 0 23 1
33 1 368 1
402 0 130 1
70 0 222 2
332 0 17 0
266 0 250 1
3 2 1 1
84 0 136 2
418 0 74 2
191 2 316 2
465 0 258 2
376 0 199 1
218 0 59 2
240 0 416 1
84 0 217 2
237 0 35 2
490 0 455 2
292 0 479 1
108 1 312 2
100 0 186 2
373 0 225 1
241 0 436 1
94 2 251 2
436 0 473 0
126 0 242 1
218 0 161 2
231 0 204 2
105 0 277 2
108 1 171 2
162 1 53 1
250 0 248 1
135 1 448 1
37 1 76 2
497 0 86 2
59 1 429 1
244 0 436 2
56 1 199 1
377 2 9 1
196 0 396 1
266 0 207 1
212 0 42 1
304 0 380 2
93 0 166 1
423 2 266 2
292 0 82 2
12 0 423 2
286 0 117 1
342 0 273 1
104 0 170 2
404 0 393 1
358 0 397 1
162 2 251 2
156 0 292 2
460 0 164 2
178 0 186 1
284 0 177 1
60 1 11 2
372 2 58 1
321 1 201 2
415 0 24 2
139 0 118 2
463 0 412 1
77 0 446 2
59 1 317 1
128 1 270 1
37 2 274 2
58 0 440 1
376 1 205 2
265 0 121 2
282 0 356 2
53 0 419 1
81 0 293 2
74 0 417 1
407 0 67 0
467 0 397 2
418 0 437 2
283 1 376 1
401 0 194 1
142 0 329 2
90 0 78 1
356 2 299 2
45 0 365 2
423 0 226 1
8 0 95 1
276 0 65 2
32 0 425 1
80 0 499 2
480 0 108 0
215 0 194 0
336 0 117 1
247 0 448 2
484 0 129 2
7 0 112 2
430 0 289 2
349 0 114 1
345 0 189 2
265 0 490 0
335 0 355 1
102 0 114 1
459 1 47 2
389 2 420 2
297 0 191 2
203 0 323 1
45 2 185 1
488 0 175 1
336 1 459 2
232 1 99 2
277 2 451 2
8 0 108 2
54 0 94 2
96 1 227 2
222 0 63 1
250 0 183 1
88 1 205 2
331 1 150 2
154 0 212 1
362 2 259 2
291 0 413 1
136 0 152 2
166 1 89 2
24 1 442 2
234 0 259 1
470 1 312 2
476 0 108 2
399 0 383 1
43 0 480 2
125 0 416 2
495 2 5 2
444 1 376 1
58 0 95 1
125 1 43 1
21 0 123 0
325 0 170 2
229 0 2 0
99 0 337 1
494 0 64 0
210 0 459 1
473 0 296 0
432 2 402 1
24 0 402 1
260 0 258 1
48 0 21 2
78 1 354 2
220 1 486 2
290 0 238 1
385 0 448 1
318 0 30 1
321 0 153 2
53 0 375 1
412 1 45 1
205 2 273 2
488 1 104 2
213 1 349 1
202 2 380 2
208 0 493 1
373 0 304 1
244 0 256 1
31 0 255 1
197 1 425 2
500 1 29 2
119 0 74 1
196 1 428 2
9 0 487 2
396 0 188 0
304 0 476 2
314 0 343 2
18 1 464 1
472 1 369 1
486 0 398 1
324 0 449 1
26 2 326 1
17 0 476 1
210 0 474 2
243 0 486 2
496 0 265 1
284 1 415 1
283 0 223 1
57 0 363 0
263 2 132 1
315 0 40 2
289 1 455 2
322 1 367 1
307 0 79 2
472 0 252 2
396 0 7 1
156 1 7 2
60 2 166 2
449 0 97 2
353 0 366 2
348 1 349 2
103 0 17 2
285 0 336 2
207 0 435 1
131 0 372 1
495 2 373 2
412 1 36 2
364 0 256 1
481 0 265 1
432 0 59 0
395 0 289 1
441 2 115 2
224 1 40 2
215 0 264 0
334 0 190 2
141 1 99 2
337 1 214 2
291 0 467 2
96 1 439 1
155 0 292 0
370 0 448 2
142 0 83 2
419 1 287 1
197 2 279 2
299 1 60 2
453 0 171 2
94 1 304 2
141 0 491 2
169 0 393 1
240 1 329 2
62 1 388 2
251 0 400 2
473 0 444 1
104 0 450 2
191 2 394 2
350 0 55 1
207 2 458 2
360 1 485 2
133 0 58 1
254 0 449 0
447 0 143 0
99 0 312 1
45 1 33 1
221 1 180 2
37 0 189 1
362 0 328 0
108 0 477 0
436 1 332 0
472 2 74 2
193 0 128 1
375 0 89 2
90 0 188 1
314 0 406 2
154 0 360 2
180 0 410 1
456 0 391 1
345 0 483 0
29 1 192 2
21 1 207 1
273 0 191 1
115 0 270 2
35 2 106 2
440 0 459 0
241 0 20 1
142 1 206 1
377 0 7 0
394 0 314 2
421 0 4 2
160 2 351 2
324 0 487 2
366 0 222 2
341 2 163 1
170 0 421 2
83 2 449 2
189 0 31 2
310 0 82 1
214 0 479 2
324 0 6 1
439 1 416 2
19 0 207 2
232 0 134 2
93 0 440 1
311 0 428 1
498 0 180 2
334 1 218 1
249 1 336 2
330 0 295 0
429 0 264 2
9 0 400 1
226 1 473 2
30 0 368 2
26 1 369 2
68 0 191 2
396 1 227 2
345 0 378 0
58 0 140 2
83 2 490 1
431 0 451 0
149 0 214 1
117 1 187 1
315 0 103 0
1 0 47 1
214 0 129 0
89 2 316 2
107 2 439 2
372 1 61 2
83 0 466 1
41 1 232 2
353 0 27 2
120 0 173 2
457 0 402 1
432 0 222 2
238 0 252 1
363 0 377 2
96 0 438 2
474 0 421 0
386 1 289 2
356 1 298 1
220 0 354 2
484 0 27 2
461 1 265 2
383 0 440 1
463 1 113 1
29 2 290 2
2 1 188 2
364 1 7 2
28 0 486 2
62 0 319 1
494 1 405 2
283 1 470 1
86 1 399 0
84 0 123 2
161 0 363 1
223 1 366 1
7 0 187 2
285 0 172 2
263 1 48 2
390 0 42 2
170 0 125 2
79 1 471 2
338 0 165 1
12 2 107 2
469 1 217 1
269 0 393 1
324 1 245 2
13 0 52 1
147 0 278 1
198 1 83 1
29 0 164 0
380 0 126 2
473 0 169 1
353 0 485 2
337 1 4 2
27 2 33 2
6 1 469 2
127 0 81 2
332 0 102 1
43 1 267 2
185 0 190 1
150 1 15 1
150 0 248 2
174 1 8 2
375 1 112 2
65 2 475 1
224 0 242 2
157 0 485 1
328 1 207 2
443 0 155 2
97 2 316 1
352 0 113 1
187 2 295 2
181 0 458 1
41 1 168 2
283 0 413 2
301 1 157 2
21 1 24 2
262 0 86 2
378 0 245 2
314 1 150 2
274 0 448 2
55 2 460 1
7 1 287 2
470 0 56 2
324 0 240 2
206 0 71 2
45 2 349 1
33 0 192 2
1 1 11 2
272 0 213 1
21 0 461 2
407 0 157 2
436 1 35 2
16 0 461 2
351 0 396 1
447 0 83 0
363 0 353 1
205 0 463 2
80 0 329 1
500 0 236 2
12 1 14 0
5 0 96 2
369 1 269 1
241 0 441 0
52 0 31 2
186 0 426 2
364 1 8 1
285 0 356 2
131 1 374 2
201 0 139 2
449 0 42 1
229 1 470 2
223 0 105 2
61 1 483 2
192 0 333 1
122 0 418 0
141 1 61 2
455 1 187 2
299 1 200 2
169 0 342 2
125 0 290 2
31 2 81 2
282 0 388 2
126 0 247 2
270 0 186 2
359 0 416 2
117 0 264 0
276 0 354 2
19 0 160 2
471 0 409 1
3 0 272 1
388 2 218 1
93 0 299 1
457 1 301 2
320 0 481 2
99 0 162 2
168 0 298 1
134 0 189 2
382 0 269 0
58 0 334 2
358 0 127 0
374 2 261 2
106 0 175 1
248 0 67 0
435 0 483 0
449 0 496 1
27 0 264 0
114 0 373 0
306 1 255 2
424 0 370 2
306 2 335 1
229 1 496 1
132 0 425 2
147 0 78 2
309 1 170 2
324 0 371 2
208 0 262 1
184 0 394 2
187 2 87 2
482 0 277 2
457 0 493 1
312 0 60 2
211 0 457 2
1 1 174 2
216 1 182 2
136 1 56 2
312 0 337 1
200 0 375 2
466 0 497 1
329 0 21 1
222 1 395 1
249 0 451 1
75 1 145 2
128 0 52 1
475 0 359 1
209 1 342 2
496 0 247 2
305 0 495 1
389 0 177 2
346 1 292 0
485 1 136 2
205 1 301 2
446 0 242 1
490 0 369 1
396 0 163 1
324 0 86 1
65 0 248 0
45 0 294 2
263 0 227 2
270 2 1 2
416 0 389 1
241 0 316 2
278 1 44 2
67 1 453 2
60 2 327 2
221 0 401 2
320 0 334 2
252 0 217 1
34 1 113 2
443 0 342 1
136 0 347 2
137 1 307 1
99 0 431 2
286 0 119 2
410 1 97 2
118 1 300 2
362 2 483 2
461 2 132 1
322 2 162 2
193 0 190 2
65 1 378 1
13 0 436 2
87 0 218 1
335 0 258 2
229 0 316 2
388 1 149 2
400 2 295 1
405 0 54 1
485 0 497 2
248 1 226 2
228 0 490 2
28 0 348 1
201 0 338 1
118 1 70 2
314 0 324 2
494 0 149 0
83 0 388 2
223 1 87 2
464 0 142 0
391 0 6 2
107 0 355 0
250 0 88 1
437 1 330 1
191 1 388 1
431 1 345 2
297 0 111 2
497 0 366 2
208 0 152 2
426 0 440 2
85 2 433 1
477 0 128 2
22 2 367 2
41 0 274 1
30 0 274 0
340 0 372 2
30 1 38 1
175 2 442 2
463 1 490 1
159 1 196 2
310 1 201 2
48 1 468 2
316 0 415 2
227 1 314 1
85 1 445 2
6 1 357 1
224 2 155 1
243 0 88 0
4 1 498 2
336 2 146 1
459 1 91 2
54 0 144 1
182 0 110 2
144 0 307 0
299 1 65 2
491 0 358 2
229 0 421 1
79 0 152 2
442 1 290 2
47 0 477 1
182 0 104 2
25 0 57 2
98 0 388 1
437 0 490 1
495 0 153 2
12 0 154 1
387 0 343 1
273 1 13 1
437 0 436 1
32 1 337 1
477 1 384 1
83 1 257 1
270 0 111 2
19 0 190 0
143 0 436 1
334 1 157 1
500 1 390 2
257 0 283 2
351 0 89 1
330 1 130 2
183 2 303 2
431 1 402 2
21 0 477 1
246 1 444 2
221 0 453 1
87 0 432 1
89 0 396 2
171 0 106 2
144 0 354 1
80 0 30 1
346 1 449 2
435 1 197 2
109 1 154 2
221 2 456 2
218 0 187 2
494 2 328 2
250 0 358 1
58 0 207 2
343 0 479 1
85 0 401 0
423 1 342 2
206 2 218 2
350 0 489 2
104 0 244 2
47 0 267 2
23 0 32 2
110 1 115 1
200 2 467 1
47 0 253 1
295 0 111 2
476 0 150 1
360 0 32 1
283 0 182 2
289 1 137 1
84 0 334 1
293 1 349 1
59 0 394 1
10 1 268 2
415 0 153 2
269 0 398 1
231 1 311 2
344 1 49 1
485 0 331 2
286 2 212 2
158 0 306 2
169 0 67 1
116 1 327 2
220 0 224 2
493 0 18 1
125 0 314 2
276 0 348 2
145 1 361 1
219 0 323 2
45 0 472 2
499 2 320 2
3 0 259 2
243 0 345 2
192 0 406 1
431 0 186 2
384 0 342 2
292 0 151 2
495 0 335 1
118 0 271 2
385 0 352 0
50 1 227 2
159 0 119 1
121 1 235 1
456 0 320 0
137 0 385 2
431 0 191 2
59 0 204 1
80 1 359 2
61 0 107 1
297 2 139 2
332 0 421 2
122 0 461 2
354 0 444 1
122 0 400 1
452 0 322 1
101 2 29 2
455 2 19 2
277 1 424 2
208 0 114 1
114 0 489 1
298 2 101 2
377 2 280 1
152 1 182 2
374 0 140 0
57 0 214 1
245 0 48 2
409 0 11 2
446 1 234 2
265 1 179 1
358 0 235 2
114 2 139 2
367 0 451 1
148 0 166 2
366 2 415 2
454 1 190 2
237 0 196 1
377 2 361 2
236 1 423 2
214 0 250 0
409 0 47 1
318 1 363 1
195 0 27 2
40 0 41 2
485 0 140 2
76 1 438 2
454 0 67 1
179 0 100 2
132 1 274 2
36 0 125 2
50 0 415 0
116 1 264 2
348 0 133 1
254 2 113 1
472 0 35 2
162 0 334 1
392 2 218 2
262 1 426 1
99 1 141 2
413 0 86 1
454 0 28 2
301 1 234 2
308 2 245 2
451 0 443 0
148 0 376 1
444 0 196 1
110 0 383 0
468 0 46 1
78 0 464 1
295 0 76 2
244 2 147 1
285 0 327 1
108 0 500 2
255 0 410 1
142 1 358 1
486 1 435 2
359 0 482 1
410 1 236 2
303 0 330 1
205 0 23 1
121 0 142 0
255 0 113 2
300 1 427 2
124 0 294 0
35 1 462 2
107 0 357 2
308 2 462 2
283 1 437 2
179 0 341 1
444 0 458 1
356 0 111 0
185 0 162 1
455 0 344 1
240 0 179 2
436 1 239 1
258 1 397 2
63 0 57 0
279 2 295 2
291 0 131 2
175 0 347 1
158 0 213 0
322 0 1 2
291 0 167 1
263 0 15 2
150 2 194 2
297 0 241 2
447 1 299 1
48 0 199 0
407 0 279 1
495 0 191 0
353 0 73 2
149 0 162 1
399 0 146 2
23 2 439 2
425 0 4 1
341 0 433 0
42 1 413 2
305 0 153 1
21 1 119 1
246 0 4 1
500 0 31 1
426 0 448 2
120 1 157 2
163 0 106 1
390 0 149 1
303 0 344 1
20 0 393 2
357 1 60 1
342 0 131 2
240 0 498 1
258 0 200 2
224 0 239 0
472 2 121 1
376 0 189 2
149 0 116 2
306 2 212 1
419 1 434 2
187 1 408 1
8 1 433 2
271 0 418 1
346 0 462 1
303 0 404 2
219 0 445 1
198 1 277 2
154 0 477 1
436 0 404 2
429 0 299 2
415 1 497 2
167 2 421 2
107 0 123 0
444 2 25 2
160 1 373 2
117 0 8 2
389 2 208 2
455 1 101 1
339 0 405 2
401 1 490 1
132 0 283 1
341 1 421 1
292 0 24 2
212 0 236 2
251 1 136 2
24 2 274 2
65 2 34 1
455 0 47 1
189 1 238 1
47 0 225 0
151 0 98 0
33 0 277 2
383 0 389 2
236 0 322 1
127 0 438 1
22 1 479 1
347 0 78 2
183 0 68 1
332 0 293 2
299 1 256 1
331 0 92 2
110 0 356 2
134 2 294 1
257 0 76 1
437 1 164 1
242 2 10 2
65 1 234 2
12 2 222 1
337 1 148 1
283 0 87 1
475 0 479 1
106 1 464 2
484 2 445 2
129 0 321 1
3 0 138 2
214 1 41 2
355 1 292 2
113 0 161 1
80 0 30 1
68 0 203 2
94 0 432 0
129 0 474 2
139 1 33 2
289 2 208 2
14 0 234 1
241 0 485 0
71 2 91 2
153 1 467 1
434 0 141 2
219 1 112 2
118 0 249 2
29 1 166 2
287 0 184 2
400 0 2 1
434 0 376 2
235 1 149 2
199 1 378 2
440 1 305 2
179 0 4 1
24 0 25 2
69 0 485 0
223 0 43 2
127 0 357 2
485 0 145 2
87 1 381 2
98 0 8 2
195 0 347 1
163 0 239 2
387 2 479 2
216 2 159 2
378 0 339 2
378 0 101 1
317 0 187 1
7 0 76 2
287 1 76 2
405 0 466 1
458 2 104 2
213 0 365 2
167 0 135 2
362 1 377 1
493 0 89 1
462 0 329 2
59 0 117 1
47 1 241 2
338 0 336 1
322 1 490 2
29 0 23 2
336 0 366 0
333 0 225 1
308 2 185 1
243 2 83 2
62 0 64 1
326 1 147 2
471 0 244 1
367 0 31 1
185 0 122 2
34 0 289 2
87 0 247 1
74 1 477 1
391 0 458 2
330 0 380 1
482 0 225 2
402 0 65 1
497 0 246 2
299 1 380 1
138 1 436 2
11 0 139 2
433 0 333 0
359 1 390 2
87 0 299 2
328 0 84 1
55 0 268 2
98 0 76 2
73 1 71 2
138 0 205 1
158 1 152 2
26 0 105 1
340 0 107 2
419 0 296 1
461 1 70 2
443 0 238 2
251 0 249 1
103 1 247 2
162 2 15 2
148 0 229 1
366 0 343 2
158 0 35 2
488 0 215 2
136 0 214 2
236 0 80 2
288 0 297 2
476 0 29 1
462 0 165 2
458 0 401 1
477 1 115 1
215 0 101 1
374 2 250 2
128 0 113 1
427 0 496 1
167 0 484 1
160 0 147 1
350 0 442 1
11 1 301 2
215 0 468 1
101 2 497 2
167 0 473 2
495 2 311 2
57 0 193 0
220 0 369 2
132 1 483 2
227 0 460 1
10 0 293 1
67 0 20 2
369 2 178 2
216 2 17 2
400 1 106 2
481 0 149 2
487 2 426 1
2 0 462 2
462 0 24 1
142 0 360 1
456 2 370 1
315 2 263 2
23 1 466 1
431 0 275 2
375 0 279 2
463 2 140 2
135 0 476 2
456 0 287 0
69 0 24 1
406 2 245 1
498 0 364 2
266 0 480 1
299 2 102 1
63 1 271 2
38 1 304 2
329 0 375 2
278 0 356 2
270 0 6 2
145 0 7 0
9 0 453 2
484 0 305 2
3 0 448 1
219 0 317 0
231 0 76 2
237 0 4 1
130 1 254 2
150 0 431 0
432 1 143 2
406 2 494 2
269 0 112 2
132 0 131 1
423 2 14 2
449 0 137 2
472 2 62 2
365 2 429 1
246 0 489 2
446 0 447 1
145 1 382 1
462 0 306 2
123 2 304 2
412 0 457 0
176 2 499 2
319 0 152 2
90 1 425 2
219 0 472 1
462 0 98 2
60 1 96 2
229 1 175 2
128 0 243 1
152 2 182 2
298 1 189 1
385 0 69 2
25 0 95 2
40 0 49 1
342 0 434 1
179 1 255 1
23 1 108 1
335 0 313 2
335 1 289 2
253 0 153 2
159 0 257 1
275 1 13 1
109 0 495 2
196 0 207 1
87 0 437 2
93 0 35 2
82 1 11 2
31 0 46 1
79 1 441 1
215 1 474 2
260 1 150 2
51 0 258 2
492 2 58 1
123 1 127 1
173 0 182 0
327 0 58 1
398 2 25 1
259 0 134 1
386 0 130 2
154 0 468 2
38 1 119 2
47 1 50 2
480 0 124 2
303 0 476 1
215 1 289 1
314 1 220 2
416 0 263 2
497 0 258 2
403 0 445 2
224 2 213 2
379 0 121 1
58 0 296 1
403 0 223 2
448 0 37 2
195 0 20 1
352 0 151 2
353 0 272 2
173 1 342 1
157 0 477 0
131 1 279 1
499 1 7 1
363 0 131 2
120 1 231 1
233 0 267 0
316 0 144 1
75 2 307 2
482 0 492 2
168 0 62 2
451 0 109 2
470 0 194 1
109 0 344 2
431 0 32 2
451 0 107 1
330 2 379 2
296 2 190 2
329 2 423 2
232 0 141 0
33 1 71 2
195 2 142 2
114 1 213 1
298 0 120 0
248 0 350 1
466 0 288 2
133 0 463 2
315 0 381 1
359 0 56 2
455 0 279 0
5 1 198 2
66 0 472 1
449 0 484 2
437 1 192 2
63 1 448 1
213 2 332 2
214 0 462 1
259 2 368 2
398 1 480 2
265 0 38 0
491 0 222 2
111 0 275 2
427 0 383 1
430 0 99 2
457 2 431 2
465 0 113 1
291 0 331 1
123 1 65 2
9 1 497 2
295 2 479 2
201 0 388 2
350 0 307 0
317 0 125 2
284 0 483 1
14 0 387 1
173 0 230 1
302 0 33 0
497 0 227 2
239 0 431 1
421 0 462 1
106 0 87 1
130 1 191 2
303 0 82 1
287 0 117 1
9 1 237 1
409 1 64 2
127 1 307 2
217 0 97 1
100 0 24 1
72 0 482 2
472 0 50 0
89 0 222 1
474 0 402 0
94 2 23 2
445 1 279 1
111 0 456 2
30 0 121 2
317 0 338 2
293 2 285 1
272 1 150 2
18 2 102 1
382 0 496 1
251 0 187 1
39 0 56 2
121 0 346 2
42 0 427 0
496 2 231 2
281 0 235 2
455 1 293 2
407 0 287 2
79 0 393 2
329 0 81 1
113 0 34 2
308 0 54 2
93 0 60 2
438 2 369 2
328 0 50 1
152 0 262 1
396 1 249 2
485 0 284 1
213 1 249 2
208 0 422 2
82 1 246 2
265 2 108 1
492 1 94 2
14 0 12 2
111 1 496 1
13 0 22 2
333 0 96 1
336 0 347 1
259 2 287 2
435 0 470 1
188 0 446 2
257 0 207 2
470 0 354 1
406 2 423 2
226 1 217 2
423 2 168 2
37 0 320 0
380 0 436 1
477 0 389 2
63 0 436 2
342 0 179 2
471 0 487 1
118 0 203 1
357 1 434 2
290 0 275 2
33 0 478 2
415 0 94 2
57 2 285 1
285 0 12 2
141 0 57 2
130 0 344 2
266 1 278 2
470 0 305 2
422 0 472 0
244 0 459 0
342 2 425 2
60 0 414 1
351 0 413 2
49 0 122 0
370 0 414 2
1 0 410 1
269 0 320 1
232 0 453 1
34 0 271 2
327 0 406 2
70 0 309 2
326 0 240 1
268 0 9 2
298 1 283 2
63 0 470 0
156 0 495 1
209 0 81 2
121 0 297 1
247 0 242 1
173 0 189 2
436 2 80 1
87 1 113 2
92 0 385 2
153 0 308 2
281 1 474 1
233 0 25 0
26 0 447 2
138 2 56 2
443 0 318 2
70 1 467 1
206 1 394 1
346 2 95 1
478 0 207 1
337 0 105 2
71 0 191 2
210 0 427 2
232 0 119 2
196 2 383 2
201 1 239 2
226 1 476 2
156 1 41 2
262 0 207 1
72 0 95 2
465 0 19 1
37 0 328 2
20 2 4 2
414 2 370 1
176 0 419 0
160 0 33 0
453 0 467 0
485 2 307 2
215 0 303 0
481 0 97 2
85 2 169 1
104 1 159 2
297 2 145 2
66 2 497 1
368 0 240 1
265 1 482 2
133 0 29 2
54 0 50 1
34 0 340 1
131 1 67 1
39 0 293 1
196 1 133 1
430 0 179 2
200 1 471 2
211 0 195 0
181 1 363 2
30 1 172 2
144 1 192 2
389 0 347 0
453 0 47 1
65 0 304 2
387 0 340 0
84 0 22 0
466 0 249 2
433 0 278 1
137 1 431 2
443 0 486 2
367 0 292 1
266 1 359 2
387 0 251 2
442 0 52 2
367 0 469 1
471 2 181 2
397 2 34 2
56 2 354 2
180 1 190 1
196 0 353 2
95 1 422 2
244 0 313 1
130 1 79 2
155 0 144 1
189 2 74 2
105 0 138 2
464 2 302 2
61 1 143 2
51 0 54 2
194 0 231 0
202 2 276 2
219 1 384 1
401 2 76 2
39 0 216 2
364 0 78 2
426 0 406 1
309 1 57 2
136 0 28 2
448 0 413 2
287 1 410 2
320 2 90 2
446 0 496 1
173 0 240 2
239 2 127 2
321 0 239 2
221 0 413 2
104 0 42 2
491 2 11 2
460 0 172 2
479 0 444 2
129 0 369 2
318 2 286 2
355 0 263 0
116 0 306 1
384 0 498 1
13 1 360 2
180 0 189 2
310 0 330 2
298 1 445 2
54 0 45 1
162 0 327 0
392 0 85 2
433 0 417 1
348 0 123 2
22 0 82 1
351 0 93 2
349 0 42 2
401 0 71 0
60 1 210 1
199 0 159 2
390 1 72 2
42 0 133 1
92 1 193 2
244 0 394 1
242 1 103 1
440 2 232 2
248 0 430 0
108 0 223 2
312 0 264 1
397 0 132 1
317 0 73 2
225 1 475 2
15 1 374 2
316 0 282 2
425 0 266 2
121 1 231 1
145 0 71 1
270 1 341 2
190 0 293 1
236 0 182 2
73 0 164 1
330 1 266 2
225 0 362 2
262 2 16 2
483 1 289 2
180 2 2 2
153 0 201 2
455 0 284 1
98 0 139 2
75 0 297 2
318 2 335 2
299 1 261 1
306 2 177 1
356 1 350 0
175 0 346 2
392 0 77 1
109 0 493 1
130 1 235 1
189 0 23 1
434 2 13 1
399 0 168 1
383 1 182 1
419 0 137 1
445 0 207 0
134 0 293 0
313 0 49 1
377 1 57 2
458 1 380 1
188 0 248 2
434 0 84 2
127 0 116 1
427 0 112 2
131 0 382 2
359 0 479 1
185 0 336 2
281 0 340 0
65 0 465 2
346 2 382 2
42 2 359 1
243 0 43 2
218 0 95 2
5 0 472 2
389 1 420 1
293 0 454 1
386 1 234 1
322 2 217 2
471 0 464 2
259 2 245 1
307 0 239 2
223 0 116 2
254 0 90 0
101 1 33 2
7 0 219 2
76 1 430 1
305 0 131 1
109 1 333 2
177 0 187 1
236 2 29 2
296 1 489 2
274 0 198 2
14 0 336 2
112 0 177 1
475 0 123 2
388 0 89 1
156 2 206 1
214 2 112 2
37 0 356 1
3 0 217 1
406 0 445 0
438 1 181 1
199 0 185 0
78 0 143 1
476 0 325 2
23 1 439 1
131 1 207 2
39 0 22 1
163 0 351 2
5 1 121 2
397 1 53 1
105 0 65 1
259 0 86 2
309 0 190 1
159 0 364 0
296 0 350 0
91 1 50 2
53 0 69 1
393 0 467 0
52 2 378 1
94 1 210 2
98 0 13 1
158 2 70 2
166 1 217 2
252 0 331 2
117 0 261 0
406 0 378 1
427 0 281 1
438 1 10 1
178 0 16 1
432 0 214 2
346 2 95 2
245 0 207 2
316 1 267 2
236 0 189 1
404 1 265 1
168 0 406 2
131 1 225 1
50 0 458 1
372 1 331 1
396 1 432 1
189 2 130 2
479 0 67 1
42 1 279 1
251 0 131 1
424 0 423 2
236 0 459 1
127 0 309 2
73 1 115 0
439 1 167 2
450 1 32 2
375 0 34 2
440 0 32 1
105 0 134 2
251 0 103 0
245 1 90 1
381 0 303 2
207 0 481 2
366 1 378 2
5 0 173 1
213 0 75 1
61 0 48 2
339 0 229 1
258 0 203 2
137 0 185 1
114 0 334 1
150 0 377 1
297 0 414 1
321 0 82 1
98 1 340 2
253 0 65 1
16 0 141 1
204 2 197 2
233 0 321 2
133 0 186 1
217 0 168 2
75 1 442 2
101 0 23 2
41 0 459 1
496 0 355 2
210 0 216 1
122 2 340 1
349 0 246 1
494 0 362 2
413 0 392 1
195 1 167 2
423 0 494 1
254 1 17 2
80 0 345 1
124 1 290 2
431 0 78 2
338 0 122 1
423 0 152 1
104 0 24 1
161 0 219 0
419 0 79 1
478 0 406 2
294 0 483 2
476 0 323 2
106 0 475 1
189 0 64 0
171 0 164 0
335 0 299 2
297 1 498 1
182 0 468 1
373 0 428 2
51 0 88 2
368 0 77 0
181 0 375 1
92 1 215 2
302 0 11 1
145 1 146 2
374 0 254 2
54 0 206 0
183 1 2 1
163 0 318 2
106 0 468 2
153 1 48 2
430 0 35 2
296 0 481 1
143 2 373 2
447 0 134 1
213 0 427 0
219 0 426 2
351 0 246 2
198 1 339 1
306 2 387 2
298 2 125 2
446 0 456 1
401 0 23 2
18 0 35 2
348 0 226 1
170 0 297 1
221 0 335 1
90 0 91 2
225 2 479 2
102 0 287 1
358 0 140 1
272 1 291 2
122 0 195 2
278 0 9 2
26 0 155 1
439 0 326 0
189 0 364 1
384 0 462 1
105 0 164 0
367 0 34 1
343 1 288 1
227 0 37 2
50 0 117 1
394 0 16 1
237 2 332 2
254 2 464 2
235 0 241 2
237 0 120 2
281 1 444 2
156 0 383 0
401 1 497 1
68 1 380 1
476 0 174 1
72 0 436 1
315 0 480 1
355 0 264 1
364 0 277 1
360 0 395 2
71 1 420 1
397 1 392 2
38 0 310 0
301 2 54 2
480 0 275 1
328 1 17 1
467 0 350 1
224 0 89 1
412 1 233 1
21 0 135 1
298 1 225 2
216 1 142 1
78 1 135 2
444 0 261 2
489 1 104 1
419 0 40 1
35 2 179 2
302 0 226 2
473 2 471 2
233 0 234 2
26 2 253 2
243 2 223 2
394 0 493 2
94 1 328 2
425 1 453 2
8 0 252 2
451 0 168 0
386 0 250 2
71 0 491 2
172 0 143 0
279 0 417 0
409 0 218 0
184 0 452 0
161 0 383 0
99 1 383 2
130 0 262 1
363 0 298 2
212 0 458 1
71 0 351 0
53 0 137 2
430 0 268 1
75 0 491 1
284 0 136 2
49 0 474 1
214 0 204 2
107 0 381 2
272 1 86 2
338 0 92 1
100 1 386 2
235 1 266 1
202 1 479 2
316 0 482 1
160 1 159 2
137 0 83 1
397 0 440 2
296 1 300 1
328 1 475 1
33 1 476 1
75 0 89 1
81 2 251 2
294 0 153 2
365 1 143 2
67 0 204 2
91 0 216 1
203 1 15 1
482 2 219 1
168 1 361 1
422 2 354 2
449 0 388 2
335 1 169 1
457 1 462 1
84 0 96 2
200 1 174 2
87 0 422 2
301 1 148 1
70 0 30 2
175 0 134 2
471 0 158 2
39 0 169 2
216 2 451 2
372 0 438 0
271 1 361 1
72 0 186 2
288 0 478 1
476 0 417 1
117 0 449 2
332 0 18 2
12 2 166 1
215 1 355 2
427 0 388 1
5 0 4 2
319 0 272 2
386 0 121 2
144 0 92 2
184 0 225 2
195 1 268 2
43 2 268 2
51 1 102 2
207 1 265 2
250 1 171 2
21 1 199 1
291 0 92 2
321 0 497 2
488 0 25 0
70 1 84 2
468 0 235 2
330 0 347 2
68 0 330 1
317 0 65 2
17 0 123 1
130 2 178 2
24 2 405 2
370 1 367 1
345 1 455 2
439 2 108 2
52 1 106 2
354 0 317 0
115 0 345 2
102 1 159 2
134 0 446 1
220 2 45 2
387 0 129 2
62 0 175 2
396 0 6 2
44 0 60 1
345 2 435 2
171 0 11 1
286 0 352 0
3 0 224 2
37 0 323 1
16 0 163 2
6 1 408 1
298 1 53 0
166 0 174 1
443 0 73 2
37 0 301 1
290 0 436 2
167 0 248 2
121 2 269 2
486 1 87 1
477 0 321 0
176 0 39 2
478 0 362 2
445 0 296 1
331 0 105 0
166 2 376 1
478 0 202 2
381 0 79 1
405 1 367 2
41 0 116 1
214 0 329 1
112 0 444 1
38 1 448 2
314 2 197 2
250 0 304 1
278 1 169 2
431 1 182 2
141 0 105 2
405 0 396 2
231 0 454 1
317 0 8 1
447 2 419 1
400 1 13 1
65 1 122 2
245 0 78 2
368 0 91 1
222 0 97 2
414 0 210 2
421 0 38 1
45 1 95 2
238 0 320 1
13 0 318 1
348 0 82 2
157 1 414 2
89 0 269 1
297 0 344 1
444 1 4 2
383 0 161 2
468 2 99 2
96 1 50 2
152 1 394 2
95 0 80 1
46 0 190 2
373 1 7 2
498 0 194 1
213 0 93 2
424 0 125 1
448 0 245 1
437 2 487 2
389 1 477 1
16 0 270 2
436 1 328 1
494 1 123 1
271 1 63 1
472 1 358 2
331 0 51 1
144 0 158 1
349 0 330 2
77 0 156 2
30 0 7 0
7 0 327 1
119 1 211 1
438 0 366 0
90 0 430 0
478 0 89 2
396 0 124 2
483 0 111 1
153 2 102 2
118 1 268 2
378 1 105 2
70 0 144 2
310 1 54 2
351 0 309 2
299 0 39 1
282 1 291 2
242 1 405 1
482 1 283 2
324 0 431 2
274 0 264 0
351 0 276 0
357 0 455 2
298 0 291 1
71 1 281 2
334 2 132 2
244 0 93 2
161 1 496 1
52 0 487 2
34 0 495 1
342 0 481 2
22 0 342 2
59 0 112 1
280 0 241 1
84 0 282 2
86 2 140 2
417 0 494 1
441 0 99 2
68 0 458 2
396 1 4 1
12 1 215 1
189 2 272 2
362 2 446 2
234 0 214 1
89 2 307 1
488 0 96 2
399 0 64 2
105 0 320 1
460 0 189 2
469 0 309 0
419 1 258 2
10 1 61 1
198 0 139 0
54 0 232 0
200 1 482 1
306 2 418 1
498 1 425 1
410 0 111 2
335 1 46 2
338 0 74 1
102 0 29 1
111 1 328 1
184 1 114 1
167 1 177 2
443 0 408 1
353 0 123 1
1 0 211 2
402 0 353 2
400 0 168 1
21 2 202 1
12 1 78 2
321 0 416 1
416 1 296 2
177 0 56 2
94 2 185 1
445 1 424 2
214 2 122 2
175 1 384 2
279 2 91 2
415 0 20 1
86 0 112 2
441 1 476 2
490 0 264 2
269 0 245 1
427 0 140 2
141 0 495 2
470 1 477 1
61 1 266 1
369 0 31 1
428 0 238 1
411 0 372 2
302 1 67 1
104 0 221 2
302 0 151 1
134 0 306 0
12 2 342 2
41 1 234 2
45 0 401 2
127 0 298 2
234 2 303 2
295 0 178 0
328 2 485 1
218 0 351 2
320 0 75 1
349 1 490 2
44 1 112 1
91 1 136 2
382 0 105 1
428 0 207 1
204 0 420 2
1 0 249 1
158 0 235 2
3 2 64 2
305 0 481 1
196 0 9 2
160 1 130 1
154 0 294 2
305 0 45 1
126 1 224 2
493 2 154 2
37 1 309 2
229 1 14 2
230 2 366 1
421 0 292 2
131 0 410 2
300 0 455 1
36 1 17 1
72 0 429 0
222 1 432 2
207 0 54 0
73 1 341 1
295 0 409 1
268 2 44 2
241 2 25 1
272 1 172 2
272 0 451 2
409 0 314 2
449 0 491 1
129 0 101 2
344 1 46 1
237 0 263 2
442 0 389 1
362 2 214 2
416 1 353 1
69 0 62 2
165 2 285 2
365 1 373 0
425 0 62 2
106 1 383 2
62 0 321 0
473 2 74 2
184 0 198 2
455 1 198 2
119 1 102 2
375 0 345 2
300 0 23 2
94 2 331 2
294 0 248 2
275 1 259 1
388 1 450 2
79 0 31 1
66 0 63 2
389 1 391 1
169 0 80 1
445 1 174 2
373 0 263 2
268 1 442 1
82 1 427 2
445 1 341 2
262 1 152 2
76 0 327 2
287 0 347 2
59 0 290 1
44 1 384 2
341 0 115 0
462 0 103 2
25 0 152 1
33 0 290 2
209 2 367 2
50 2 51 1
318 2 232 2
435 0 89 1
149 0 360 2
175 2 429 2
282 2 115 2
7 0 66 2
245 0 29 1
460 0 269 1
451 0 455 2
135 0 100 2
428 1 302 1
242 0 318 0
115 2 367 2
169 0 15 1
403 0 353 2
156 0 380 0
252 0 90 1
477 0 152 1
299 2 390 1
138 2 415 1
468 2 366 1
60 2 180 2
150 1 214 1
276 1 146 2
85 0 419 0
88 0 172 2
13 1 427 2
94 2 361 1
389 0 113 0
110 1 441 2
134 0 347 1
355 1 338 1
182 1 120 2
463 0 426 1
79 0 358 2
209 0 196 1
222 0 321 1
369 0 104 1
183 0 399 2
442 0 137 1
459 1 91 2
249 1 37 2
429 0 369 2
439 0 259 2
406 0 442 1
138 1 455 1
169 0 46 2
464 0 93 1
240 0 456 2
149 0 107 2
17 0 104 2
196 1 38 2
245 0 4 1
266 0 358 1
201 1 349 2
104 1 476 2
496 0 362 1
435 1 133 1
495 1 417 1
108 0 116 2
368 0 365 2
493 0 85 2
353 1 232 2
248 1 109 1
422 0 241 0
92 0 252 1
226 0 110 0
27 1 290 2
251 1 255 1
495 1 12 2
55 2 483 2
302 0 265 1
289 0 103 2
427 0 196 2
100 0 334 1
51 0 161 2
156 2 149 1
257 1 69 2
130 0 485 0
186 0 353 1
234 1 235 1
22 0 45 2
218 0 442 2
103 0 318 2
8 1 390 2
45 0 256 2
425 0 317 1
116 0 148 0
196 0 193 0
278 0 140 2
410 1 301 1
102 0 333 0
109 0 317 0
359 1 382 2
458 0 228 1
427 0 320 2
490 1 54 2
246 1 304 2
422 0 103 0
10 0 323 1
80 1 360 2
24 2 28 2
119 2 1 1
112 0 106 1
364 1 41 1
323 0 398 1
204 0 487 1
6 1 416 1
398 0 356 1
399 0 18 2
183 0 230 1
269 0 63 2
320 0 353 1
77 0 473 2
287 0 239 1
299 0 493 2
110 0 315 2
119 2 162 2
222 1 459 2
10 0 27 1
372 2 302 1
147 0 459 2
87 0 40 2
256 0 319 0
186 1 146 1
40 1 133 2
188 1 268 1
445 1 146 2
288 0 21 2
67 0 143 2
33 2 368 2
356 2 297 2
245 0 122 2
468 0 349 2
226 1 37 2
467 0 374 2
243 0 209 2
351 0 261 2
402 0 26 1
151 0 354 1
189 0 311 2
344 0 216 0
452 0 46 1
457 0 410 2
24 2 197 2
82 0 73 1
136 1 91 2
167 0 331 1
272 0 132 1
150 0 64 0
130 1 332 2
426 1 260 2
144 1 347 2
128 0 364 2
9 2 206 2
122 0 277 2
315 1 225 1
332 1 311 2
209 0 95 1
308 0 446 1
377 1 15 2
42 0 488 2
121 0 122 2
264 0 109 1
109 0 117 2
457 1 375 1
180 1 343 2
381 1 301 2
372 1 78 1
413 2 72 2
115 1 169 2
246 1 53 1
442 0 474 1
201 1 423 2
456 0 212 2
146 1 182 2
137 0 392 2
243 2 115 1
168 0 46 2
225 0 118 1
253 0 223 1
377 0 298 1
351 2 352 2
146 0 49 2
100 0 268 0
310 0 483 2
166 1 454 2
65 0 461 1
395 0 22 1
90 0 377 1
95 1 349 1
371 1 324 1
483 0 374 2
226 0 164 2
292 2 325 2
85 0 58 1
178 0 188 2
346 2 163 1
12 1 10 2
123 1 77 2
264 0 313 2
484 1 385 1
93 1 451 2
139 0 301 2
1 0 192 1
98 0 480 2
441 0 20 1
85 0 277 2
33 0 60 1
100 0 320 1
279 1 429 1
118 0 489 1
142 0 5 2
24 0 447 2
338 1 234 2
372 2 390 1
352 0 353 2
440 1 357 2
496 0 230 1
412 1 188 2
162 0 242 2
146 0 52 1
98 0 162 1
446 0 194 1
408 1 219 2
30 2 207 2
446 0 370 1
273 0 280 1
429 1 415 2
349 0 216 1
190 2 354 2
406 0 60 0
160 2 246 1
406 0 191 1
456 2 28 2
248 0 227 1
378 0 184 2
49 1 9 1
394 0 10 2
306 1 271 2
80 0 278 1
443 0 165 1
228 0 154 1
393 0 117 0
148 0 277 2
181 0 213 1
115 0 37 2
81 0 20 1
249 1 449 1
176 0 197 0
109 1 114 1
416 0 406 2
346 2 20 2
213 0 429 0
2 0 80 1
445 1 22 2
235 0 218 1
289 2 325 1
386 0 315 2
287 0 126 2
437 0 151 1
200 0 468 1
149 0 253 1
399 0 369 2
337 2 80 2
103 0 357 1
4 0 163 2
352 0 50 2
374 1 101 1
140 0 10 0
360 0 55 2
313 0 229 1
94 0 14 1
365 0 134 0
395 0 196 1
338 1 425 2
150 0 496 1
424 0 324 1
245 0 101 1
132 0 55 1
33 0 1 1
439 0 160 2
62 0 110 0
5 1 158 2
337 0 3 1
439 2 478 2
105 1 169 2
434 0 169 0
215 2 88 2
239 0 18 1
288 0 189 2
98 0 126 1
192 0 178 0
310 0 125 2
157 1 287 1
213 0 83 2
1 0 133 0
229 1 427 1
15 1 382 1
198 1 387 2
83 0 33 1
178 0 346 2
12 1 442 2
368 2 312 2
9 0 25 1
193 0 280 0
342 0 471 2
372 1 379 1
496 0 228 2
494 2 208 2
221 0 385 0
140 0 193 2
409 0 76 2
477 0 298 2
62 0 494 2
329 0 413 0
146 0 283 2
83 0 109 2
474 0 435 2
309 2 10 2
267 0 349 2
349 0 11 2
306 1 35 2
135 1 426 2
207 1 395 1
429 0 485 1
265 0 462 2
40 0 97 2
378 0 488 0
371 1 333 1
463 0 108 1
336 0 54 2
8 0 489 2
384 0 90 2
222 2 381 1
347 0 63 2
130 0 308 2
207 0 28 1
17 0 448 2
246 0 342 2
103 1 380 2
128 0 35 1
175 1 137 2
128 0 4 2
475 0 447 1
422 2 326 1
330 0 414 1
376 1 421 2
266 0 106 2
127 0 185 1
488 0 36 1
296 2 61 2
268 1 214 2
75 0 99 2
65 0 367 1
135 1 273 1
6 2 435 2
407 1 281 2
331 1 335 1
166 0 261 1
131 0 30 1
109 1 491 2
226 0 400 1
288 0 284 2
51 0 146 1
464 0 116 1
285 0 208 1
197 1 211 2
457 0 165 1
475 0 393 2
332 0 103 1
326 0 126 1
40 1 33 2
265 1 60 1
437 1 306 2
413 2 388 2
154 0 426 1
149 0 395 2
467 1 182 2
32 0 51 2
331 0 320 2
415 1 163 2
229 0 185 1
377 1 14 2
414 2 496 2
122 0 419 2
481 2 426 2
10 2 234 2
150 0 191 2
386 0 475 2
236 0 425 0
159 0 12 2
323 1 155 2
438 0 44 2
452 1 358 2
51 0 344 1
257 0 212 2
379 1 90 1
236 0 336 2
337 1 129 2
103 0 226 2
32 1 264 0
81 2 496 2
5 2 454 2
312 0 209 2
408 0 246 1
435 0 370 0
276 0 481 1
70 1 34 2
207 0 440 2
160 1 75 2
404 0 161 2
46 0 332 1
231 0 49 2
132 0 369 2
179 0 7 1
160 0 499 0
359 0 138 2
377 2 237 1
343 0 198 1
141 0 423 2
362 0 342 2
282 0 378 2
4 1 244 2
435 0 102 0
26 0 106 0
325 0 396 2
260 0 236 1
372 1 337 1
290 0 223 1
198 1 231 1
484 1 343 2
196 0 486 2
10 0 119 2
376 0 161 2
27 1 57 1
469 1 148 0
160 1 18 2
445 0 92 2
354 0 374 2
402 0 436 1
276 0 438 1
95 0 217 1
255 0 116 1
257 0 92 2
21 0 425 2
287 0 380 2
263 1 92 1
261 2 54 2
428 0 325 2
332 1 90 2
55 0 137 0
202 0 382 2
456 1 366 1
21 1 206 0
342 0 135 2
195 0 431 2
167 0 236 2
438 1 34 1
158 0 329 1
122 1 498 2
150 0 323 1
108 0 311 2
192 1 438 2
343 0 287 2
483 0 221 2
375 0 364 2
316 1 380 2
374 0 119 1
160 1 175 1
310 1 290 2
86 0 28 0
281 0 414 2
350 0 444 1
362 0 437 0
86 1 73 2
286 1 429 1
369 0 276 0
139 1 483 2
272 0 318 2
123 0 349 1
62 0 374 2
269 1 426 2
163 0 435 1
63 1 38 1
469 0 133 0
160 0 274 2
33 0 21 2
43 0 129 2
198 0 140 0
235 0 442 2
307 0 283 1
122 0 351 1
236 0 418 0
319 0 398 2
284 1 404 2
381 0 143 1
497 1 466 2
441 0 337 1
227 0 251 1
499 0 500 1
86 0 276 0
96 0 140 2
265 2 103 2
2 1 354 2
10 0 240 2
436 0 163 2
398 0 272 2
185 0 169 1
119 0 138 1
40 1 349 2
382 0 493 1
92 0 76 1
159 0 255 0
82 0 252 1
256 0 451 1
2 0 357 1
225 2 10 2
374 0 100 2
6 1 159 1
2 0 363 1
308 0 171 1
221 2 289 2
299 2 238 2
52 0 76 0
243 0 455 0
228 2 70 2
119 0 411 0
422 1 328 1
460 0 307 2
63 1 176 2
118 0 248 1
187 0 60 0
432 2 72 2
10 0 448 2
173 0 49 2
268 0 433 1
452 0 244 1
57 0 445 1
10 1 213 2
448 0 467 0
122 0 114 1
300 0 338 2
215 0 274 2
194 0 290 2
134 0 487 0
183 0 73 1
374 0 289 1
141 0 12 2
12 0 201 2
439 0 225 2
384 0 235 1
51 0 71 1
456 0 284 1
54 0 133 2
351 0 244 1
125 0 238 0
48 0 63 1
473 2 25 2
21 0 94 2
425 0 465 1
206 0 165 1
51 0 118 2
19 2 470 2
65 0 280 0
13 0 405 0
289 2 269 2
7 0 350 2
268 0 136 2
463 0 269 1
19 1 294 1
428 2 349 2
272 1 76 1
16 0 229 1
261 2 118 2
444 1 426 2
197 0 231 1
204 0 247 2
2 0 208 1
494 1 235 1
9 1 500 2
225 2 186 2
296 0 414 2
40 0 477 1
363 0 26 2
490 0 450 1
461 0 277 2
106 0 267 2
407 0 117 2
261 0 202 0
226 0 96 1
384 1 292 2
420 0 233 2
192 2 55 2
180 0 495 2
498 1 427 2
165 1 162 1
275 2 159 1
331 1 16 1
309 0 270 2
191 0 469 1
222 0 342 0
465 0 458 1
190 0 418 1
209 0 458 2
445 0 492 0
399 0 60 2
231 1 430 1
108 0 456 2
477 0 94 2
276 0 204 1
340 0 45 1
187 0 406 2
93 0 18 1
377 2 191 2
71 0 379 1
282 1 55 2
167 0 289 2
120 1 373 1
206 0 352 0
462 0 70 0
436 0 453 0
449 0 446 0
314 2 87 1
468 1 332 1
229 0 256 1
194 0 229 1
182 1 99 2
401 1 201 1
203 0 484 2
343 0 428 2
478 1 424 2
291 1 449 2
72 0 173 1
104 2 316 2
346 0 289 0
93 1 363 2
447 1 345 2
201 1 320 2
299 1 209 1
245 0 60 1
437 0 4 1
233 1 427 1
464 1 476 1
427 0 67 2
290 0 398 2
1 0 72 1
398 2 136 2
98 0 145 1
291 0 76 1
358 0 309 2
153 2 127 1
38 0 141 0
239 0 476 1
306 1 420 2
139 0 336 1
133 0 135 2
271 0 65 0
173 0 89 2
179 0 261 2
6 1 367 1
78 1 73 2
360 0 455 1
225 1 421 2
437 2 210 1
468 0 145 2
403 0 469 2
404 1 231 1
69 1 303 1
308 2 426 2
267 0 176 2
391 2 79 1
251 0 147 2
67 0 252 1
361 0 240 2
124 0 367 0
192 1 218 2
15 2 247 2
197 0 332 2
216 0 251 1
182 2 245 2
61 0 267 1
465 0 452 2
59 0 204 1
174 0 131 2
173 2 114 2
344 1 412 2
40 0 318 1
469 0 481 1
73 2 89 2
364 1 443 1
408 0 35 2
94 0 284 1
349 0 494 1
179 0 117 1
112 0 478 0
113 0 66 1
281 1 112 1
26 0 500 2
280 0 137 2
55 2 154 1
453 2 210 2
51 0 156 2
450 1 52 2
422 0 480 0
131 0 368 1
293 0 61 0
460 1 199 2
354 0 40 0
277 0 162 0
359 1 25 1
485 0 373 1
6 0 336 2
439 0 432 2
46 0 82 2
112 0 296 2
240 1 75 2
5 2 16 2
35 0 283 2
80 1 493 1
32 2 451 2
55 2 363 2
261 0 26 2
327 0 175 1
416 0 108 1
172 0 500 1
117 2 302 2
486 0 63 1
141 1 205 2
65 1 436 1
187 1 193 2
259 1 205 2
414 0 318 2
167 0 300 0
374 2 334 2
474 1 10 1
322 0 277 0
409 1 295 2
96 1 339 2
235 0 221 2
414 0 387 2
145 0 329 2
45 0 131 2
312 0 232 1
436 2 381 2
383 0 175 1
212 0 51 0
188 1 442 1
267 0 266 1
183 1 43 2
348 2 360 2
372 2 93 2
338 1 105 2
456 1 37 1
108 0 61 2
164 0 454 2
91 2 218 2
471 1 214 2
397 0 59 2
69 0 103 1
383 0 368 2
485 0 36 1
454 0 72 2
9 1 340 1
348 0 11 1
449 0 362 2
421 1 13 1
290 0 128 2
322 0 255 0
488 0 198 2
387 0 86 2
206 0 308 2
476 0 190 2
107 0 144 0
104 0 360 1
141 1 386 2
151 0 393 0
499 0 80 2
224 2 311 2
340 1 382 2
416 1 398 2
408 0 360 1
279 2 291 2
262 0 415 2
24 0 12 1
104 0 2 0
31 2 259 2
348 1 387 2
368 0 227 2
202 0 106 2
237 0 27 1
446 0 421 0
381 0 101 1
308 0 108 1
207 0 469 2
246 0 339 2
272 2 149 1
222 0 144 1
379 1 34 2
247 0 172 1
271 2 80 2
269 0 33 1
437 1 298 2
233 0 483 1
109 0 230 1
82 0 429 2
284 0 397 1
477 1 88 2
424 0 68 1
112 2 316 2
380 0 223 1
156 1 61 1
266 0 222 2
484 1 429 0
51 0 407 1
255 0 323 2
323 0 299 2
395 1 222 2
332 0 399 2
166 0 191 1
256 2 152 2
338 0 382 2
298 2 382 1
185 0 306 2
47 0 171 0
143 0 361 2
239 0 81 2
198 1 312 1
145 0 137 2
422 0 136 0
140 1 219 2
273 1 108 2
392 2 376 2
332 1 77 2
180 1 386 2
217 0 74 2
361 1 10 2
499 0 115 0
294 1 302 2
376 0 219 1
252 0 390 2
474 1 488 1
171 1 219 2
208 0 153 1
28 0 268 1
220 2 59 1
18 0 252 2
405 0 451 2
161 0 267 2
125 1 450 2
84 1 481 2
449 0 253 1
321 0 341 1
354 0 328 1
490 0 435 1
339 0 327 1
63 0 255 1
389 1 64 1
167 0 56 1
213 0 437 2
317 0 262 2
234 0 305 0
312 0 146 1
364 0 131 2
478 0 100 1
334 0 218 0
412 2 131 2
199 0 240 2
111 2 146 2
32 2 38 2
394 0 328 2
452 1 395 1
15 0 297 2
428 0 242 2
318 1 58 2
281 1 426 2
410 0 486 2
97 0 10 0
67 0 298 1
148 0 13 2
390 0 425 1
373 0 191 1
409 0 125 1
454 1 71 2
408 2 87 2
162 1 182 2
300 0 48 2
435 0 156 2
489 1 33 2
498 0 261 1
129 0 47 1
267 0 193 1
313 2 402 2
446 2 352 2
296 2 158 2
147 0 239 1
348 1 250 2
394 0 171 1
39 0 62 1
488 0 35 2
145 0 482 1
468 2 77 1
257 0 306 1
148 0 494 2
195 0 381 0
450 0 182 1
407 2 433 2
118 0 415 0
351 0 262 1
215 2 181 2
236 2 332 1
316 0 432 2
92 0 184 2
208 0 414 2
475 0 77 1
403 0 105 2
256 0 220 2
63 0 473 2
59 0 158 2
45 0 222 2
473 0 239 2
382 0 183 1
436 0 336 0
154 0 35 2
482 1 23 2
156 1 100 1
444 0 297 2
30 1 324 2
5 0 459 0
357 0 491 1
431 2 266 2
134 0 480 2
255 0 499 2
14 0 125 2
412 0 262 1
454 0 465 1
177 0 195 1
7 1 321 1
257 0 341 2
74 0 459 0
389 1 243 2
49 1 315 2
450 1 85 2
94 0 27 0
463 2 484 2
94 0 52 0
109 0 481 1
369 0 265 1
328 1 432 2
151 1 340 1
412 2 68 1
342 1 145 2
254 0 62 2
317 0 149 1
56 2 229 2
229 0 467 0
184 2 397 2
400 2 163 1
184 0 279 2
326 0 308 2
163 0 385 1
48 2 479 1
379 1 442 1
465 0 456 1
255 0 414 2
287 0 81 2
109 0 137 0
243 1 10 2
249 0 477 0
336 0 147 2
26 1 426 2
103 0 33 0
183 1 212 1
483 0 310 1
84 0 143 0
201 0 194 1
427 1 10 2
412 1 400 2
422 1 114 1
143 0 264 1
141 0 121 2
372 1 18 2
93 0 180 1
267 0 252 2
401 2 477 1
223 0 389 2
157 1 408 2
195 0 418 2
54 0 469 1
380 1 304 2
31 2 264 2
334 1 327 2
170 0 213 1
404 2 304 2
324 1 127 2
253 0 376 2
133 0 447 2
26 2 453 2
351 0 4 2
67 0 378 2
194 0 362 2
316 1 223 2
119 0 359 0
359 0 495 2
392 0 129 2
67 0 289 2
84 2 232 2
212 0 497 2
459 0 271 2
318 0 164 1
32 1 83 2
359 0 455 2
255 0 400 1
171 0 213 1
141 0 372 2
364 0 452 2
367 0 128 2
484 0 393 0
379 2 368 2
40 0 417 1
169 0 135 1
403 0 354 1
424 0 459 2
452 2 408 2
387 1 247 1
238 1 385 2
351 0 484 1
84 0 73 2
166 0 479 0
175 0 230 2
256 0 178 2
394 0 454 1
472 0 449 0
357 0 241 0
298 0 281 1
10 0 390 2
206 0 436 2
406 0 246 2
473 0 284 2
270 2 364 2
103 0 72 1
88 2 307 2
479 0 238 1
221 1 413 2
155 0 352 2
249 2 280 2
214 0 427 1
358 0 322 1
181 0 436 2
288 0 222 1
470 0 257 1
213 0 260 1
453 2 146 1
130 0 7 2
50 2 154 2
442 1 79 2
159 0 331 2
424 0 142 2
221 2 322 2
79 0 382 2
61 0 281 2
221 2 5 2
223 0 158 2
300 0 448 1
170 0 58 2
440 1 295 1
75 2 104 2
214 2 104 2
416 0 270 1
326 0 55 1
346 1 17 0
24 0 249 0
482 1 73 2
291 0 50 1
206 0 89 1
302 0 253 2
340 0 10 2
442 0 227 1
370 0 89 1
465 1 14 1
488 0 210 1
41 0 10 2
254 0 148 2
494 0 315 1
144 0 477 0
52 0 284 1
257 0 448 2
3 2 246 1
10 1 144 2
313 0 463 2
83 0 330 1
156 0 460 2
216 1 434 1
131 0 105 2
349 0 352 2
345 0 94 1
343 2 483 1
296 1 272 1
364 0 17 2
416 2 140 2
395 0 447 1
89 1 27 2
355 0 253 1
384 0 263 2
168 0 10 2
346 0 319 2
361 0 258 2
15 0 358 2
50 0 24 1
384 0 416 2
335 0 437 1
251 0 153 2
493 0 226 1
422 2 150 2
173 1 52 2
313 0 339 2
74 1 26 1
458 1 257 1
32 2 258 2
418 0 245 2
23 1 17 1
51 0 59 2
134 2 284 2
150 0 275 1
496 1 7 1
22 0 347 1
285 0 275 1
475 0 139 0
250 0 479 1
93 0 118 2
424 1 233 2
442 2 8 2
72 0 94 1
454 0 122 1
379 1 444 2
111 1 109 2
22 1 304 2
216 0 402 0
494 1 472 2
198 0 274 0
144 0 312 1
236 0 303 1
40 0 293 2
395 1 305 1
22 1 77 2
314 0 149 1
284 1 202 1
88 0 56 2
224 2 13 1
168 0 81 1
149 0 94 2
113 0 94 2
266 1 350 2
93 0 435 2
394 0 446 2
478 1 332 2
375 0 284 2
163 0 312 0
450 0 431 0
407 0 244 1
56 1 245 1
167 0 49 1
192 2 112 1
181 0 66 1
398 1 297 1
107 0 70 2
428 1 252 2
165 0 173 1
62 1 303 2
339 1 54 2
477 0 19 1
326 0 227 2
321 0 334 1
500 0 50 1
180 1 454 2
254 1 268 2
347 0 223 1
152 0 64 1
227 0 323 1
268 1 193 1
276 0 214 1
56 0 415 2
51 0 250 2
115 1 273 2
29 0 216 1
413 2 479 1
27 1 13 2
245 0 253 2
182 0 286 1
71 2 363 2
165 0 341 1
257 0 243 1
77 1 287 2
282 0 437 2
270 1 434 2
182 0 245 1
89 0 102 1
462 1 354 2
493 0 385 1
225 0 315 1
214 0 294 0
294 0 18 1
255 0 493 2
465 0 489 2
329 1 218 0
343 0 355 1
45 1 118 1
251 1 351 2
320 0 27 1
90 1 219 2
406 0 242 1
465 1 33 1
239 0 460 2
363 1 239 2
155 0 202 2
131 0 429 0
366 0 56 1
33 0 184 1
238 1 244 2
132 0 402 1
118 0 65 1
457 0 464 2
412 0 366 1
435 0 147 1
436 2 268 2
379 0 56 2
424 1 430 2
430 0 252 2
446 0 480 1
195 0 52 2
213 0 23 1
216 0 121 0
472 0 350 0
157 0 491 2
85 2 13 2
368 1 335 2
12 1 75 1
454 1 61 2
111 2 278 2
413 2 51 2
19 0 85 2
303 0 334 1
140 2 199 1
278 2 102 2
56 0 111 2
443 0 408 1
17 0 52 1
350 0 45 1
304 0 312 0
73 2 462 1
209 2 319 1
445 2 421 2
27 0 448 1
309 1 311 2
102 0 81 2
314 0 318 1
174 0 52 2
104 0 86 1
475 0 300 0
361 0 42 2
269 0 47 2
113 0 380 1
399 0 237 1
490 0 235 2
105 0 134 2
217 0 191 2
180 0 321 1
31 1 323 2
446 2 139 2
464 0 227 1
411 1 443 1
299 1 426 2
23 0 340 0
106 2 195 2
308 2 250 2
311 0 469 1
186 0 60 2
256 2 313 1
277 2 212 1
160 2 90 1
338 0 271 1
230 1 1 1
257 0 266 0
217 0 451 2
277 0 14 1
233 1 476 2
414 0 194 2
16 0 337 2
253 0 77 0
107 1 186 1
143 0 330 1
165 1 401 2
291 0 426 2
415 0 159 1
300 0 170 1
215 2 318 2
489 1 458 2
479 0 15 2
169 0 203 2
389 2 330 1
495 1 271 2
305 0 224 2
181 0 430 2
100 0 174 0
267 0 487 2
389 2 145 2
196 0 402 0
163 0 83 1
440 2 410 2
15 1 132 1
147 0 257 2
383 1 443 1
466 1 146 2
149 0 73 2
357 0 85 2
82 0 26 2
116 0 416 1
36 0 436 2
411 0 256 1
245 0 5 1
495 1 30 2
283 1 319 2
221 0 49 1
404 1 198 2
62 2 376 1
133 0 156 2
362 0 109 0
36 0 42 1
277 0 445 2
160 1 263 2
247 1 292 2
313 0 99 2
431 0 495 2
283 1 199 2
465 0 92 2
468 1 387 2
197 1 361 2
453 0 462 0
442 0 300 2
218 0 262 2
292 0 122 2
383 0 447 1
37 0 352 2
372 0 265 1
365 1 360 2
166 0 374 2
34 0 135 1
361 0 65 2
302 0 224 2
441 0 337 2
138 0 469 0
249 0 265 1
329 2 63 2
84 0 401 1
24 1 236 1
51 0 372 2
340 0 188 2
65 1 183 1
169 0 221 1
271 0 117 1
34 0 112 1
81 1 332 1
273 1 421 1
238 2 321 2
33 0 444 1
8 0 481 2
199 0 226 1
108 0 68 1
183 0 64 1
251 0 455 1
276 0 435 2
235 1 168 2
331 0 238 2
51 0 7 2
381 0 169 1
427 0 216 1
123 2 64 2
411 0 354 2
395 2 121 2
166 0 68 2
311 0 290 1
142 0 211 1
9 1 61 1
204 1 177 1
182 0 253 1
40 0 96 1
5 2 402 1
153 0 415 2
362 0 189 2
448 1 315 2
138 0 367 2
39 0 236 2
22 0 147 0
274 0 346 2
484 1 102 2
320 0 166 1
280 0 18 1
475 0 25 2
290 0 374 2
63 0 372 2
95 0 12 2
465 0 471 1
196 0 493 2
184 0 298 2
41 0 396 1
473 2 247 2
66 1 175 2
440 0 472 1
325 0 387 1
453 0 196 2
146 0 204 2
73 1 400 2
44 0 442 2
490 0 277 2
439 2 142 2
431 0 83 2
32 2 423 2
173 2 99 2
499 1 370 2
454 0 167 1
223 1 210 1
37 2 313 2
260 1 19 2
348 1 115 0
200 0 184 1
260 1 500 2
442 0 296 2
249 0 236 1
56 0 83 1
318 1 278 1
352 0 173 2
154 0 219 2
230 0 388 0
264 0 35 2
99 0 240 2
434 0 226 1
199 0 99 0
185 1 213 2
218 0 275 1
242 2 131 2
460 0 407 2
469 0 482 1
132 0 127 1
33 0 142 2
74 0 286 2
60 0 374 2
275 0 146 0
76 0 31 2
162 0 235 0
216 0 442 0
323 0 311 2
188 0 378 1
282 0 489 2
439 1 451 1
247 0 344 2
99 0 385 1
14 0 422 2
237 0 51 1
426 0 51 0
299 0 388 0
440 2 239 2
317 0 372 1
483 0 24 1
334 0 173 2
72 0 344 2
330 1 380 2
389 0 22 0
116 0 56 0
128 0 75 2
440 0 75 2
40 0 172 2
392 0 484 1
284 2 217 2
69 0 340 0
454 0 143 1
415 0 24 1
288 0 447 2
62 1 365 2
112 0 114 2
55 0 128 1
190 0 230 2
235 0 77 0
268 1 314 2
254 2 62 2
285 0 122 2
12 1 385 1
417 0 116 1
452 0 1 0
116 0 191 2
208 0 496 1
407 0 348 2
299 1 181 1
95 0 306 1
489 1 67 1
43 0 472 2
236 1 54 2
104 2 264 2
84 0 246 2
237 1 441 2
171 0 434 2
338 0 135 2
77 0 484 2
54 0 172 2
115 2 231 2
266 0 422 2
131 0 108 1
412 0 205 0
364 0 441 0
352 0 165 2
175 2 234 2
148 0 32 2
38 0 123 0
71 1 395 2
360 0 177 0
20 1 85 2
342 0 348 2
320 0 119 2
253 0 121 0
180 1 91 2
65 0 324 1
5 1 194 2
204 0 167 0
437 0 106 2
375 0 474 1
146 0 351 2
276 0 419 2
349 0 18 1
160 2 233 2
141 0 42 2
354 1 247 2
182 1 68 2
448 0 244 1
487 1 86 2
258 0 385 2
272 2 424 1
49 1 57 2
48 2 81 2
216 1 124 2
393 1 342 2
348 0 448 2
316 0 271 2
42 1 35 2
420 0 462 1
54 0 359 2
340 0 120 1
395 1 91 2
450 0 148 2
341 1 239 2
14 1 8 2
370 0 140 2
373 0 232 1
382 0 432 2
430 0 33 1
480 0 148 1
179 0 387 2
410 2 285 1
2 0 197 1
237 0 227 2
45 0 17 1
159 0 95 2
42 0 6 2
330 0 265 1
401 0 286 1
127 0 308 1
442 0 499 1
488 1 202 2
14 0 193 2
57 2 115 1
116 1 456 2
157 0 291 2
200 0 311 1
5 0 66 1
228 2 171 2
285 0 255 0
449 0 58 2
280 0 130 2
208 0 495 2
454 1 432 2
314 1 83 2
265 2 275 2
273 0 349 1
155 0 470 1
445 1 84 1
128 0 49 2
337 0 464 2
235 0 143 1
352 0 398 1
340 0 117 1
307 1 87 2
257 0 404 1
122 1 275 2
382 0 105 1
385 0 129 0
289 2 268 2
494 0 422 2
75 2 148 2
44 0 5 1
35 0 145 1
91 0 448 2
182 0 216 2
245 0 85 1
218 0 366 2
295 0 412 1
160 1 485 2
111 1 92 2
489 0 340 0
371 1 450 2
472 1 255 0
73 0 307 2
78 1 264 1
139 0 251 2
277 2 43 2
241 0 132 2
214 0 74 1
127 0 288 0
491 1 347 2
387 1 204 2
280 0 268 2
415 1 260 2
116 2 444 2
115 0 269 2
240 1 395 2
384 1 402 2
139 1 93 2
138 1 59 2
145 1 437 2
173 0 34 1
271 0 56 0
139 0 212 2
366 0 465 1
152 1 397 2
277 2 340 2
100 0 11 1
181 0 330 2
1 0 369 2
492 0 198 2
160 0 196 0
114 0 236 1
245 0 116 2
406 1 456 2
480 0 208 2
309 0 318 1
222 0 365 2
228 0 217 0
133 0 85 2
482 1 50 2
445 1 494 1
291 1 70 2
189 0 362 2
171 0 10 1
487 0 47 2
353 0 267 0
405 0 315 2
496 0 369 2
446 0 401 2
73 2 130 1
67 0 242 1
379 0 150 1
438 0 198 2
27 0 425 1
202 0 148 0
22 0 378 1
212 0 213 1
65 0 257 1
394 0 20 1
101 2 144 2
32 0 311 1
399 0 37 2
410 0 312 2
290 0 69 2
174 0 498 1
418 1 222 2
6 1 126 1
218 0 308 1
483 0 161 2
439 1 123 2
467 0 124 1
434 0 165 1
117 0 364 0
409 1 277 2
263 1 335 1
16 0 479 0
445 2 286 2
355 0 193 2
433 1 290 1
11 1 9 1
338 1 373 1
159 1 210 1
75 0 159 1
90 1 324 1
106 1 438 2
234 1 402 2
120 1 45 2
186 0 415 1
273 1 58 1
122 0 461 2
236 2 235 1
227 0 247 2
107 0 225 1
316 1 79 2
491 1 450 2
451 1 1 1
11 0 91 2
361 0 483 1
365 0 170 2
213 0 187 2
209 0 320 2
452 0 312 2
412 2 267 1
200 0 492 2
163 0 451 2
301 0 133 2
268 1 429 2
87 0 97 2
14 1 302 2
82 1 154 2
205 0 466 1
293 1 362 2
25 0 188 1
392 0 69 2
195 1 500 1
76 2 178 2
112 1 129 2
317 0 131 2
187 0 175 2
10 0 208 0
133 0 185 2
216 2 232 1
479 0 255 0
456 2 283 2
243 0 388 2
398 2 121 2
369 2 245 2
322 1 432 1
412 1 58 1
352 0 338 2
4 1 42 2
341 0 390 1
213 0 284 1
386 0 399 1
122 0 496 2
494 1 68 1
165 1 123 1
14 0 67 2
489 0 235 2
413 1 389 2
479 1 33 2
346 2 322 2
288 0 164 1
211 2 373 1
46 0 380 2
140 0 406 1
379 1 58 2
169 0 445 2
305 0 99 2
194 1 2 1
35 1 4 2
86 0 454 0
276 0 196 2
2 0 253 2
376 0 427 2
10 0 84 2
341 0 109 1
30 0 481 0
158 0 331 1
168 0 48 1
199 0 497 2
245 0 176 1
217 1 135 2
376 0 313 1
468 0 49 0
177 0 204 2
199 0 194 1
294 1 261 2
364 2 93 2
403 0 172 1
224 0 427 2
63 0 365 2
252 0 167 2
365 1 47 2
292 0 272 1
85 1 319 1
464 1 140 2
362 2 236 2
83 0 132 0
338 0 191 1
156 0 243 2
310 1 139 2
290 2 132 2
500 0 374 2
184 2 114 2
184 1 487 2
279 0 390 0
14 0 207 2
489 0 356 2
123 0 435 1
42 1 436 2
317 0 461 2
372 0 396 2
142 0 49 1
217 0 97 1
299 1 99 2
166 0 6 2
316 0 270 2
439 0 332 2
80 2 417 2
169 0 451 2
133 0 233 1
376 0 274 2
117 0 370 2
423 0 397 2
359 1 418 2
257 1 423 2
486 1 293 1
148 0 144 2
4 2 387 2
369 1 328 1
202 1 168 2
159 1 196 2
93 0 332 2
479 0 286 2
22 2 72 2
452 2 373 1
173 0 124 1
416 0 465 1
377 0 311 0
346 2 133 1
205 1 235 2
458 0 241 2
244 2 402 1
446 0 152 1
395 0 247 1
145 1 195 2
103 0 18 1
372 0 292 2
298 0 78 0
99 0 364 2
353 0 355 1
193 0 169 1
200 0 463 1
105 0 397 2
243 0 303 1
443 0 341 2
441 0 385 1
35 1 32 1
205 0 379 0
143 0 65 2
445 2 18 2
401 0 339 1
170 0 385 2
184 0 152 0
304 1 45 2
298 0 325 1
319 0 226 2
490 0 486 2
493 0 131 2
428 1 16 1
406 1 482 1
226 2 80 1
235 0 458 1
306 2 201 1
457 1 247 2
99 0 202 1
78 1 407 2
172 1 331 2
319 0 329 2
367 0 499 2
350 0 145 2
166 0 187 2
364 0 408 1
483 0 172 2
302 0 348 2
263 2 475 1
115 0 485 1
364 0 80 1
150 2 114 2
261 1 479 1
335 0 277 1
283 1 144 2
464 1 314 2
196 2 266 1
193 0 131 1
58 0 32 2
140 0 406 1
433 0 435 2
79 0 287 1
432 0 330 2
88 0 488 2
196 2 180 2
150 0 312 2
305 1 321 2
311 0 423 2
31 0 435 0
376 0 177 2
95 2 319 1
315 0 463 1
77 1 79 2
74 0 478 2
442 0 500 2
422 0 283 1
13 0 318 1
263 1 482 2
143 0 347 2
16 0 80 2
180 2 273 2
454 0 226 2
442 0 471 2
71 0 137 0
141 0 123 2
336 1 298 2
429 0 176 2
96 0 107 2
14 0 131 2
453 0 207 1
130 1 78 2
500 0 12 1
98 0 53 2
50 1 308 2
213 0 119 1
155 0 233 1
377 1 424 0
147 0 20 1
397 2 477 1
83 0 343 1
331 0 102 0
96 1 481 1
246 0 438 2
200 1 274 1
132 0 329 2
334 2 89 2
200 0 140 2
380 0 495 1
98 1 460 2
281 0 237 1
355 2 54 2
432 0 428 2
307 0 142 1
240 0 21 1
102 0 110 2
363 0 318 2
17 0 303 2
328 0 266 2
180 0 293 1
128 0 383 2
239 2 133 2
190 0 68 1
31 0 64 0
270 2 338 2
343 0 76 0
469 0 214 0
60 0 355 2
30 2 1 1
11 2 423 2
362 2 182 2
269 0 358 2
79 0 332 0
326 0 430 1
327 1 7 2
416 1 491 2
327 2 419 2
460 1 59 2
243 0 411 0
394 1 476 1
357 0 150 0
420 0 171 0
410 0 336 0
161 0 280 2
10 0 94 1
294 1 236 2
377 1 153 2
417 1 8 1
90 1 443 1
295 0 473 2
101 0 267 0
373 0 126 2
476 0 443 1
94 0 261 0
162 1 398 2
16 0 42 1
244 0 358 2
493 1 444 2
46 0 365 2
122 0 481 2
217 1 80 2
57 0 55 2
237 0 420 1
212 0 450 2
375 1 132 2
482 0 427 1
56 1 138 2
172 1 93 1
112 0 290 1
64 1 382 1
81 1 19 1
312 0 337 1
378 0 19 1
430 0 71 1
134 0 196 1
221 1 222 1
471 0 120 1
429 0 361 2
402 0 196 2
470 0 293 2
381 0 436 2
476 0 484 2
189 2 400 2
134 0 482 0
379 0 365 2
257 0 362 2
339 0 287 2
91 0 32 2
476 0 206 1
2 0 431 2
243 1 441 1
112 0 464 1
260 0 207 2
387 1 80 2
363 0 163 1
289 0 136 1
220 2 189 2
369 0 63 2
263 0 494 1
69 1 265 2
329 1 299 2
376 0 382 1
101 0 81 2
495 1 337 2
276 0 233 1
396 0 87 1
244 0 209 0
324 0 237 1
343 0 48 2
68 1 496 2
18 0 446 1
5 1 120 1
228 2 470 1
480 1 219 2
71 0 352 1
396 2 497 1
122 1 237 1
292 0 307 2
459 1 178 1
30 2 169 1
20 1 324 1
428 0 14 2
171 0 82 2
64 1 312 2
290 0 443 1
464 1 196 2
82 2 429 2
24 0 163 0
120 2 246 2
233 0 494 1
349 0 144 2
192 0 438 1
76 0 25 1
296 0 85 2
40 0 240 1
398 0 370 0
236 0 63 2
51 0 156 2
238 2 34 1
107 2 26 2
100 0 362 2
80 1 196 2
124 0 274 2
163 0 230 1
323 0 456 2
116 1 154 2
225 0 414 2
158 1 305 1
90 0 272 2
446 0 306 2
120 0 429 2
156 0 175 1
498 1 425 1
125 0 116 1
348 1 337 1
375 0 403 0
130 1 140 2
273 0 207 2
4 0 369 1
263 1 69 1
180 1 364 1
128 1 353 2
290 0 335 2
314 0 305 2
282 0 438 2
114 0 410 1
259 2 186 2
234 0 337 1
181 0 25 1
28 0 31 1
404 2 34 1
268 0 156 1
197 1 7 1
87 0 99 1
26 1 264 2
234 1 208 1
273 1 363 1
450 0 215 2
171 1 498 2
166 0 245 1
122 0 31 1
427 0 240 2
120 0 24 1
175 2 278 2
464 0 400 2
45 0 277 2
360 0 383 1
451 0 86 2
273 0 434 1
447 2 313 2
81 2 205 1
85 0 91 0
113 0 120 2
287 1 132 2
60 0 70 1
352 0 80 2
181 1 59 2
47 0 284 2
452 1 182 2
396 0 12 1
452 0 256 2
256 0 372 2
333 1 148 2
415 0 425 1
307 0 476 1
137 0 338 1
335 0 6 2
7 1 255 2
108 2 340 2
68 0 56 2
20 0 40 2
498 0 460 1
284 0 390 1
363 0 466 0
367 0 263 2
48 0 286 1
24 2 332 1
139 0 275 1
345 0 325 0
442 1 411 2
400 0 448 0
104 0 400 1
360 2 104 2
57 0 228 2
159 0 199 0
446 0 500 1
274 1 212 2
273 0 63 2
367 0 152 2
15 0 324 1
344 0 452 0
256 1 71 2
327 0 325 1
360 1 22 1
444 2 257 2
135 1 345 2
378 1 415 1
53 0 22 1
34 0 480 1
403 0 222 2
258 0 9 0
369 1 416 2
411 1 17 1
322 0 113 2
345 1 436 2
85 1 226 1
424 0 168 1
57 0 13 2
66 0 3 0
22 0 130 2
29 0 296 1
443 0 291 1
412 0 367 2
9 0 332 1
365 1 416 1
437 1 232 2
300 1 313 2
233 1 476 1
336 1 350 1
158 0 37 1
415 1 313 1
70 0 219 1
385 0 473 2
220 0 341 2
266 0 296 2
158 0 196 1
161 2 140 2
455 2 269 1
335 0 158 1
179 1 10 1
464 1 398 2
371 0 463 1
380 0 1 2
244 0 222 2
387 0 482 2
223 0 322 1
432 2 283 2
71 0 453 2
157 2 110 2
9 0 152 2
270 0 336 2
233 0 477 1
498 1 68 1
148 0 477 1
314 0 331 2
57 0 323 1
333 0 197 1
380 0 278 2
314 0 326 0
410 0 424 0
409 0 153 2
356 0 211 2
355 0 404 1
292 1 148 2
311 1 104 2
158 0 470 1
469 0 282 0
151 2 181 2
427 0 48 1
103 0 98 2
100 0 95 1
95 1 78 2
253 1 126 2
433 0 52 2
43 0 184 2
234 0 444 2
372 2 485 1
191 1 469 2
74 0 124 1
164 0 59 0
16 2 223 2
338 0 188 2
373 0 72 2
90 0 406 1
398 2 122 2
105 0 34 2
370 0 490 0
251 0 388 2
249 0 348 2
21 0 105 1
466 2 185 2
435 1 420 1
381 0 365 1
488 0 437 1
179 0 469 1
91 0 94 1
494 2 361 1
407 0 393 1
190 0 170 1
258 0 20 2
12 0 278 2
38 1 246 1
477 0 35 2
414 1 85 2
34 0 464 1
45 0 62 1
499 0 280 2
352 0 482 1
474 0 318 2
367 0 106 1
36 0 152 2
286 1 354 1
44 1 9 2
181 0 242 2
350 0 54 1
43 1 382 2
294 0 227 1
487 1 113 1
20 1 102 2
111 1 113 1
10 0 133 1
200 2 9 1
499 0 91 2
95 0 116 1
211 0 175 2
243 1 96 2
284 0 242 1
419 1 68 2
254 2 379 2
142 0 413 1
114 0 421 2
332 0 430 2
161 0 187 0
341 0 90 1
279 1 361 1
132 0 346 1
325 0 243 1
441 0 196 1
166 0 252 1
354 0 161 2
413 1 238 1
403 0 23 2
169 0 62 2
212 0 484 1
19 0 377 2
280 0 172 2
30 1 351 2
55 0 435 2
29 0 333 2
12 2 442 2
24 0 259 1
340 0 71 1
35 0 483 0
132 1 142 2
183 1 294 2
27 2 120 2
261 2 452 2
129 0 337 1
75 0 65 2
148 1 411 2
382 1 354 1
86 0 496 2
127 0 444 1
129 0 472 2
377 1 26 2
162 0 105 2
57 0 432 1
287 0 463 1
304 0 52 2
466 0 24 2
97 2 223 1
108 1 338 2
187 0 467 1
330 1 358 2
226 0 441 1
208 0 312 0
452 0 151 2
485 0 2 2
58 0 256 2
74 2 188 2
276 2 332 2
3 2 155 1
461 0 53 1
18 0 260 1
442 0 202 2
429 0 465 1
157 2 179 2
247 0 230 1
249 0 222 2
187 2 494 2
336 0 409 1
353 0 338 0
85 2 340 2
340 0 361 2
246 0 351 1
467 0 457 1
453 0 328 2
465 0 104 2
344 1 176 2
282 0 323 2
83 0 173 0
376 0 385 2
335 0 253 2
94 0 425 2
265 0 214 1
205 2 449 2
259 2 477 2
37 0 122 2
447 0 415 2
46 0 203 1
434 0 466 2
341 0 416 1
498 0 179 1
312 0 55 1
24 2 87 1
303 1 366 2
97 0 484 2
451 0 462 2
278 0 224 1
248 0 452 2
354 0 284 2
265 0 331 0
172 1 379 2
211 1 308 2
390 0 77 2
127 0 337 1
89 1 480 2
164 0 262 2
306 2 272 2
369 0 377 2
11 0 84 1
278 0 41 0
126 0 190 2
405 0 330 2
434 1 270 2
420 0 327 0
134 0 98 2
348 1 302 1
3 0 119 1
243 1 72 1
281 0 269 2
352 0 91 2
99 0 88 2
216 0 45 1
9 0 82 1
303 1 288 2
310 0 327 1
489 0 212 2
60 1 339 2
116 0 146 0
383 0 438 2
193 0 474 2
217 1 353 1
121 0 385 2
189 2 423 2
271 2 37 1
123 0 377 2
74 0 184 2
104 0 53 1
34 0 12 1
190 1 141 2
444 0 126 2
184 1 391 2
138 0 429 2
398 1 449 1
48 1 391 1
165 0 267 2
416 1 151 2
60 0 340 2
461 0 21 1
162 2 239 2
36 0 321 2
67 0 113 0
187 1 341 2
487 1 7 2
42 0 14 0
113 1 100 2
232 1 424 2
128 0 189 1
341 2 427 2
311 0 450 1
308 0 150 0
350 0 485 1
477 0 336 2
279 1 230 2
174 1 112 2
304 0 403 1
191 0 346 2
206 0 377 2
430 0 94 2
374 2 264 2
396 0 223 2
139 0 212 1
120 0 160 2
117 0 20 0
180 0 409 2
266 1 460 2
397 0 430 0
32 1 486 1
73 0 93 0
297 2 490 1
441 1 342 2
342 0 81 2
325 0 464 1
296 0 437 1
483 0 304 2
41 0 75 2
422 0 153 1
243 0 43 1
57 0 248 1
481 1 208 1
434 0 430 0
259 1 342 2
399 0 106 1
425 0 424 1
168 1 325 2
339 0 489 2
318 1 328 2
70 0 165 2
378 0 449 0
485 0 371 2
65 0 459 2
71 1 163 1
404 2 209 1
19 0 416 2
363 0 370 1
14 0 231 2
430 0 377 2
451 0 278 1
204 1 123 1
162 1 323 2
151 0 394 0
94 1 434 2
62 1 431 1
489 0 421 1
136 0 143 1
50 0 357 2
37 0 135 2
102 0 206 1
394 0 359 2
308 1 6 2
251 1 441 1
166 0 408 1
212 0 456 1
254 1 270 1
278 0 24 2
300 0 173 2
166 0 370 2
283 0 66 2
360 0 83 2
128 0 473 1
352 2 231 2
294 0 366 1
205 0 32 1
331 0 275 1
288 0 309 1
274 0 226 2
148 0 285 2
112 0 24 1
460 0 357 1
190 0 357 1
201 0 296 1
284 1 171 1
248 1 88 2
295 0 135 1
338 0 477 0
190 0 146 1
299 1 307 2
145 0 168 1
462 0 453 1
182 0 138 1
194 0 365 2
215 1 432 2
69 0 491 2
323 1 117 2
374 1 157 1
183 0 150 2
434 0 444 1
447 0 107 2
190 0 442 0
309 0 372 2
144 2 16 2
473 1 125 1
325 1 342 2
42 2 423 1
22 0 446 0
219 0 356 2
414 1 78 1
242 0 93 2
10 0 389 1
125 0 412 2
150 0 418 0
29 0 103 2
133 0 228 2
236 0 323 1
9 1 106 2
66 1 186 2
214 1 136 2
75 1 496 2
281 0 483 0
154 0 253 2
187 2 191 2
64 0 403 0
208 0 451 2
53 0 449 2
64 0 469 1
236 1 448 2
114 0 180 2
178 0 172 2
70 0 458 2
1 0 257 2
297 1 138 2
242 0 198 2
317 0 48 2
328 0 213 1
382 0 125 1
203 0 32 2
387 1 439 1
448 0 500 1
266 0 167 2
229 1 434 2
68 0 242 1
337 0 230 1
371 2 168 1
415 1 292 2
462 0 246 0
396 0 192 1
40 0 277 2
11 0 20 1
131 0 306 2
122 1 76 2
207 1 303 1
30 1 61 1
114 0 52 2
317 1 25 2
42 1 189 2
63 2 66 2
349 0 297 2
305 0 496 1
293 0 489 1
198 0 125 0
459 0 37 1
148 0 204 1
438 2 381 2
230 0 356 1
480 1 207 2
134 1 489 2
497 0 197 2
172 0 261 1
119 1 286 1
255 1 477 2
326 0 256 2
428 2 274 2
387 0 33 1
44 0 230 1
188 0 404 2
497 0 130 2
156 0 50 1
84 0 455 2
55 0 26 2
14 0 342 1
421 1 213 2
268 0 47 1
202 0 266 2
475 1 433 2
311 0 245 1
357 0 228 2
133 0 313 2
445 2 375 1
66 0 426 2
231 0 471 2
198 0 422 1
350 0 105 2
497 0 254 2
493 1 11 2
495 0 50 0
301 1 300 2
227 2 477 2
392 0 144 1
493 0 188 2
126 2 443 1
201 0 494 2
496 2 426 2
123 2 231 1
123 0 301 0
17 0 286 1
311 0 455 2
180 2 291 1
173 0 341 1
318 0 460 1
331 1 60 2
118 0 217 2
312 0 165 1
23 1 120 1
121 0 146 2
337 0 134 2
351 0 205 1
308 2 300 2
73 0 321 0
242 2 415 1
112 2 185 2
364 0 259 1
255 0 184 2
476 0 256 1
438 1 391 1
258 1 364 2
307 1 199 2
432 0 67 1
355 1 450 1
103 0 122 2
465 2 168 2
103 0 231 1
398 0 168 0
323 1 352 0
278 0 111 2
130 0 279 0
158 0 371 2
25 0 49 1
481 0 264 2
393 1 74 1
53 1 58 2
410 0 170 0
237 1 147 2
90 0 35 1
71 0 128 2
470 0 304 1
375 0 420 2
108 0 166 1
295 1 309 2
292 0 127 1
329 2 426 2
221 1 102 2
227 2 7 1
354 0 34 1
368 0 496 1
99 0 449 1
364 0 346 1
14 0 187 1
345 0 362 1
285 0 11 1
361 0 229 1
304 0 175 2
59 0 124 2
148 0 46 2
232 0 399 1
139 0 97 2
37 0 461 2
474 1 202 2
474 0 30 1
104 0 294 1
488 0 64 1
436 0 204 0
158 0 485 0
200 1 369 2
51 0 214 2
36 0 57 1
143 0 313 0
83 0 386 1
299 0 203 1
88 0 492 2
303 0 257 2
388 2 442 2
138 0 406 1
335 0 371 2
101 2 358 2
104 0 259 1
91 0 196 1
484 1 157 1
322 2 285 2
216 2 168 1
126 1 181 2
54 0 76 2
117 2 93 2
161 1 237 1
482 0 404 1
93 0 142 1
446 0 218 1
384 0 23 2
468 1 148 0
325 2 403 2
124 0 212 2
229 2 148 1
253 0 352 1
155 0 135 1
126 2 399 2
405 0 101 1
91 0 31 2
437 0 275 2
207 2 460 2
135 1 43 2
413 0 239 0
331 0 371 1
81 2 364 2
390 0 386 2
195 0 31 2
455 0 319 0
479 0 462 1
227 2 210 2
415 0 437 1
35 0 247 2
470 1 364 1
64 0 428 1
21 2 229 1
467 0 334 1
452 0 63 2
302 0 367 2
464 2 421 2
339 0 356 1
66 1 6 2
274 1 102 1
330 0 314 1
250 2 164 2
370 1 118 1
465 0 287 2
33 0 477 2
334 0 200 2
275 1 134 2
72 0 228 2
272 1 319 1
218 0 350 2
92 0 360 0
170 1 121 1
134 0 267 2
448 0 316 0
311 0 169 2
181 0 323 2
250 0 389 1
329 0 189 1
383 1 4 2
304 1 127 2
499 1 160 2
346 0 165 0
59 0 242 2
90 0 372 1
338 1 474 2
242 0 337 2
387 1 410 2
449 0 136 1
382 0 430 1
310 0 238 2
59 0 470 2
144 0 277 1
180 0 444 1
430 0 250 1
57 0 347 2
11 0 389 2
18 1 463 2
83 0 51 2
481 2 449 2
51 0 28 1
110 0 155 2
449 0 242 1
40 0 307 1
220 2 488 2
402 0 356 2
190 0 284 1
412 1 332 0
145 0 75 1
285 1 426 2
169 0 130 1
303 0 365 2
164 0 286 2
354 0 109 2
278 0 387 1
182 1 104 1
68 2 183 2
67 0 189 1
223 0 487 2
205 0 64 2
171 0 47 1
203 0 303 2
405 0 176 2
404 2 13 1
420 0 438 1
342 0 126 1
126 1 246 2
312 0 62 2
413 1 313 1
130 0 32 1
115 0 263 2
