50 98
33 0 5 2
30 2 14 1
38 1 10 1
31 2 23 2
48 0 30 1
4 2 38 1
21 0 9 1
3 0 18 1
31 0 27 1
6 2 20 1
31 2 30 1
15 2 14 1
13 2 40 0
43 0 45 1
34 2 47 1
19 0 27 0
10 2 46 0
44 2 10 2
19 2 5 0
10 2 36 1
15 2 30 1
46 0 18 1
50 2 30 1
49 0 11 2
38 2 21 1
2 0 18 1
35 0 40 1
15 2 8 0
17 1 6 0
14 2 38 2
47 2 29 2
6 2 22 1
43 0 20 1
26 0 11 1
39 0 13 1
40 2 39 1
44 2 5 2
5 2 46 1
12 0 13 1
43 2 37 1
1 2 28 1
46 0 16 1
16 2 10 1
15 2 48 1
41 2 24 1
48 0 14 1
10 2 6 1
44 0 26 2
44 0 6 0
13 2 15 0
41 1 34 2
17 2 16 0
46 0 18 1
3 0 11 1
13 2 45 1
44 2 46 0
35 2 38 0
15 0 17 1
13 2 29 1
20 2 28 1
29 2 13 1
22 2 32 1
39 1 33 1
1 2 31 1
41 2 39 1
42 2 44 2
18 0 19 0
34 2 1 2
38 0 20 2
29 2 11 1
40 2 7 2
11 0 14 1
37 2 17 1
47 0 44 2
3 2 19 1
42 0 48 1
37 2 46 1
9 2 31 0
2 1 7 1
19 0 32 2
49 0 47 1
26 0 34 2
14 1 10 1
7 2 18 1
24 0 33 1
50 0 47 1
45 0 23 1
42 2 12 1
1 2 20 1
19 2 49 0
27 1 30 1
13 2 14 1
49 1 31 1
48 0 27 1
6 0 37 1
5 0 12 1
9 2 47 1
46 2 45 1
