100 1983
39 0 24 1
56 0 2 1
45 2 94 2
65 2 95 1
39 0 40 1
87 0 1 1
30 0 52 2
15 2 82 1
96 0 38 1
27 2 18 1
65 2 29 2
3 2 18 0
21 2 6 1
42 2 14 1
28 2 42 0
9 0 96 1
83 2 75 1
43 0 4 1
83 2 48 1
60 2 84 1
87 0 48 1
99 2 73 2
83 0 78 2
59 2 23 1
16 0 57 0
2 0 21 1
68 2 23 1
41 0 61 1
52 0 83 1
87 0 28 2
71 2 31 1
22 0 50 2
99 2 38 1
7 2 19 2
56 0 27 1
63 2 53 1
17 2 60 2
56 2 77 1
42 0 49 1
18 2 82 1
80 2 42 2
1 0 56 1
79 0 99 0
94 0 87 0
67 0 55 1
49 0 68 2
89 2 61 1
49 2 83 0
21 1 71 1
40 0 36 0
100 1 46 1
20 2 15 0
35 0 79 1
78 0 63 1
97 0 30 1
6 1 34 1
44 2 64 1
9 2 34 0
42 2 73 1
75 2 37 0
35 0 80 1
64 0 2 1
97 0 64 2
90 0 53 1
80 2 56 2
73 2 39 1
52 2 3 1
58 0 77 1
69 1 94 1
16 0 22 2
38 0 31 1
15 0 11 0
94 2 69 1
10 2 63 2
53 0 99 1
100 0 12 2
22 1 69 1
25 0 84 1
6 2 77 1
56 0 66 1
20 0 60 2
8 0 47 1
33 0 25 1
88 0 68 1
44 0 78 1
76 2 6 2
69 0 78 2
38 0 83 2
34 0 14 1
82 0 19 0
41 2 55 1
62 2 34 2
55 2 77 2
81 0 53 1
92 2 100 1
43 0 57 1
95 2 90 1
81 2 100 1
99 2 53 2
11 2 63 1
31 0 64 1
27 0 51 1
22 2 28 1
27 0 70 0
92 2 45 1
6 0 77 2
78 0 20 1
33 2 81 0
91 2 88 1
16 2 67 0
93 0 68 1
52 0 94 1
12 0 97 2
69 0 51 1
30 0 17 1
38 1 85 1
3 1 45 1
25 2 35 1
13 2 1 1
81 0 77 1
38 2 1 0
60 2 22 1
91 0 34 1
72 2 57 0
74 0 16 1
69 2 12 1
40 0 9 1
20 0 87 0
50 2 64 0
56 2 94 1
27 0 60 2
26 0 41 2
19 0 22 1
14 2 13 0
65 0 22 0
59 2 20 1
29 0 69 1
39 2 2 1
52 0 80 1
52 2 79 1
79 2 5 0
63 1 59 1
92 2 21 2
93 2 81 1
96 2 85 1
49 2 73 1
43 0 13 1
24 2 85 1
43 2 100 1
41 0 6 1
34 0 28 0
13 2 24 1
7 2 4 1
87 0 68 1
2 2 78 1
43 0 67 0
25 2 12 1
55 2 74 2
39 0 13 1
38 2 79 1
5 2 58 2
100 2 56 0
13 0 64 0
4 0 32 1
23 0 3 1
93 2 58 1
67 0 33 1
90 0 14 1
22 2 44 1
15 2 93 2
15 2 40 1
11 0 77 1
6 0 66 2
96 2 18 1
87 0 12 1
77 0 76 1
50 0 33 1
10 0 41 2
4 0 65 1
61 2 95 1
66 2 36 1
60 2 23 1
26 2 2 1
88 0 13 1
86 2 24 1
75 0 24 0
18 0 54 1
44 2 79 1
28 2 22 1
77 2 66 2
75 0 9 0
57 2 55 1
32 2 93 2
49 2 29 0
67 0 95 1
30 0 44 0
84 2 59 1
74 2 80 1
25 2 99 1
97 2 61 1
91 0 24 1
55 0 11 1
96 0 99 1
79 1 13 1
47 0 55 1
97 2 6 1
96 0 35 1
30 0 64 0
60 2 2 0
33 2 7 1
30 0 41 0
58 1 42 1
40 2 70 1
82 2 19 1
72 2 85 1
78 0 84 1
83 2 17 1
31 0 99 1
54 2 92 1
88 0 16 1
42 2 77 1
87 1 97 1
82 2 33 1
47 0 72 1
27 2 65 1
36 2 16 1
25 0 36 1
93 2 16 1
21 0 50 1
15 0 81 1
85 0 97 2
56 0 68 1
84 1 67 1
98 0 60 1
66 0 49 1
9 2 43 1
32 0 33 1
94 0 8 2
75 0 18 1
20 0 91 0
51 2 34 2
37 0 25 0
34 0 71 0
69 2 81 2
76 0 100 2
18 2 35 1
29 0 2 0
66 2 20 1
7 0 32 2
92 2 62 1
40 2 96 1
78 0 69 1
29 0 57 1
96 2 70 1
5 0 35 1
55 0 29 2
80 2 85 1
30 0 72 1
24 2 87 0
27 2 12 1
11 0 2 1
7 2 85 1
67 0 47 1
53 2 14 1
1 0 18 0
24 0 99 0
81 0 33 1
60 2 76 1
31 1 44 1
22 2 79 1
37 0 26 1
65 1 16 1
92 2 30 1
67 1 39 1
14 0 37 1
59 2 52 1
90 2 36 1
39 0 35 1
60 0 17 1
66 0 38 1
84 2 100 1
82 2 65 1
19 2 66 1
34 2 21 2
35 0 44 2
65 2 14 1
34 0 75 1
4 0 86 1
23 2 50 2
52 2 91 2
75 2 26 1
12 2 92 1
13 2 97 1
99 1 34 1
19 0 15 1
47 2 37 1
97 0 91 2
5 0 45 1
73 0 34 0
16 1 17 1
36 0 92 1
58 2 87 1
83 1 43 1
17 2 87 0
48 1 98 1
70 2 5 1
45 2 42 1
19 2 93 2
80 2 12 1
3 1 74 1
98 2 50 1
20 0 39 0
31 2 1 1
5 2 59 1
6 2 51 0
13 2 75 1
81 2 54 1
31 2 84 1
64 2 46 1
32 2 11 1
23 0 67 2
92 0 77 2
79 1 66 1
51 2 30 1
2 0 76 1
65 2 11 1
48 2 54 2
78 2 85 1
56 0 80 1
22 0 50 1
89 0 72 1
51 0 95 2
67 2 76 1
3 1 72 1
12 0 70 0
41 2 96 2
44 0 88 1
84 1 38 1
95 0 60 1
80 0 91 1
84 2 99 2
7 0 41 2
97 0 15 1
33 1 7 1
71 2 23 1
3 2 79 1
88 2 76 1
65 0 95 1
78 2 9 1
22 1 55 1
94 0 46 1
84 2 3 0
10 0 45 1
19 2 39 0
41 2 37 1
16 0 33 0
49 1 94 1
42 0 41 1
16 0 99 2
44 2 58 1
10 2 89 1
99 2 1 0
52 2 76 1
6 0 62 2
82 2 77 1
12 0 72 2
27 0 98 1
39 0 87 1
100 0 12 0
47 2 43 2
8 2 80 1
99 0 37 1
81 2 88 1
3 2 90 1
71 2 45 1
79 0 46 1
26 1 2 1
28 0 10 1
48 0 59 2
12 2 51 0
44 2 32 1
9 1 41 1
82 2 77 1
10 2 80 0
56 0 45 1
38 0 37 1
65 0 74 0
60 2 10 1
14 0 13 2
9 2 66 1
80 2 22 1
11 1 43 1
71 0 100 1
13 2 32 0
18 2 34 1
63 0 36 0
33 1 59 1
48 2 74 0
76 2 100 1
77 2 43 2
11 0 56 1
65 2 93 1
40 2 94 1
77 2 72 1
26 2 95 1
63 2 13 1
82 2 49 1
68 1 87 1
18 0 45 1
93 2 7 1
42 0 17 1
43 2 14 1
99 1 15 1
63 2 16 1
87 2 22 1
35 2 64 2
67 2 51 1
61 1 98 1
31 2 30 1
26 1 53 1
79 2 19 2
75 2 76 2
93 2 29 1
76 2 92 2
12 0 49 1
68 0 13 2
40 0 54 2
57 0 34 1
21 0 65 1
26 2 14 1
26 1 50 1
70 0 12 1
22 2 19 1
31 2 21 0
25 2 61 1
24 2 63 0
61 2 72 2
2 1 11 1
89 2 16 1
75 1 17 1
81 0 89 1
67 2 12 1
25 0 5 1
3 0 53 0
15 2 3 1
55 1 40 1
32 0 78 1
15 0 44 0
71 2 64 1
42 0 80 1
22 2 51 0
94 1 67 1
59 2 34 1
73 0 21 2
95 2 60 1
65 2 9 1
26 0 23 1
1 2 75 1
50 2 15 1
31 2 99 1
86 0 26 1
82 2 72 1
47 0 91 2
78 2 25 1
54 0 29 1
57 0 35 1
48 2 52 2
26 2 42 1
34 2 6 1
41 2 33 1
15 2 99 1
94 2 68 1
49 0 55 1
65 0 33 2
96 2 99 1
63 0 26 1
80 0 93 0
50 0 65 1
49 2 1 1
32 2 6 1
71 2 46 1
25 2 88 0
79 0 10 1
8 0 6 1
16 2 61 1
17 0 99 1
100 0 9 1
61 0 86 0
80 2 36 0
74 2 99 1
44 0 68 1
45 2 67 2
20 2 23 1
15 2 90 1
85 2 3 1
87 0 26 1
65 1 32 1
12 2 22 1
87 2 28 1
61 2 4 1
94 0 34 0
33 0 51 1
52 2 26 1
71 2 83 1
55 0 86 1
86 2 87 1
81 2 84 1
72 0 30 1
58 0 46 1
42 2 37 1
45 1 43 1
26 2 27 1
84 0 90 1
28 0 55 1
59 0 79 1
99 2 60 2
60 2 63 1
59 2 56 1
62 0 48 2
32 2 10 1
64 2 78 1
48 0 26 1
19 2 38 1
29 2 5 0
53 2 26 1
47 2 94 2
50 2 12 1
58 2 30 1
28 0 55 1
38 0 79 1
22 0 28 1
45 0 16 1
69 2 88 0
47 0 25 1
28 2 67 0
42 0 65 1
97 2 78 1
86 2 41 0
33 2 35 1
56 0 70 1
73 0 62 1
77 0 92 1
19 2 24 1
71 2 85 1
1 0 67 1
69 2 99 1
87 0 7 0
30 2 97 1
51 2 93 0
65 0 72 0
96 2 81 0
94 2 71 1
31 2 44 1
76 0 4 1
47 0 67 2
46 0 7 0
36 2 1 1
52 0 25 1
18 1 86 1
41 0 90 1
24 0 66 2
91 2 35 1
63 1 50 1
89 2 15 1
61 0 88 1
59 2 94 1
22 2 24 0
6 2 14 1
91 2 31 1
78 0 98 2
38 0 27 2
81 0 95 1
29 2 30 1
90 2 74 0
84 2 78 0
86 1 88 1
83 2 7 2
81 2 97 1
10 2 18 2
100 2 93 1
15 2 83 1
27 2 82 1
45 2 3 1
38 0 34 0
35 0 61 1
45 1 82 1
27 0 68 1
82 0 63 1
52 0 50 1
30 2 50 0
15 0 75 1
11 0 70 1
81 2 7 1
49 2 13 2
97 2 75 1
70 0 45 1
62 0 63 0
4 0 63 2
30 0 64 1
94 0 62 1
80 1 36 1
48 0 68 1
54 0 77 1
65 0 12 0
83 2 42 1
20 2 71 2
99 0 88 2
62 2 68 2
3 1 96 1
33 0 77 1
28 2 13 1
21 0 47 1
44 0 76 1
46 2 6 1
93 2 28 1
91 0 27 1
29 0 55 1
41 0 1 1
78 2 6 1
51 0 13 1
62 0 76 1
93 0 55 1
76 0 90 1
34 1 96 1
74 0 18 1
52 2 6 1
8 2 31 1
4 0 99 1
1 2 47 1
55 2 82 2
41 2 6 1
77 0 30 1
60 2 91 0
85 2 2 2
90 2 35 0
3 1 72 1
28 2 70 1
99 0 53 2
24 1 25 1
34 1 40 1
77 1 11 1
2 2 80 1
28 2 53 1
80 0 62 1
10 0 51 0
72 0 39 0
65 2 31 0
73 0 59 1
30 1 3 1
59 0 37 1
28 0 22 1
85 2 56 0
57 1 50 1
35 0 1 1
6 2 93 0
41 2 99 1
89 2 26 1
79 2 32 0
18 0 67 2
19 1 71 1
54 0 65 1
31 0 19 1
9 0 45 1
76 0 37 1
5 0 24 1
10 0 72 0
34 0 95 2
23 2 2 2
99 0 37 1
21 2 23 1
47 0 71 1
78 0 15 1
82 2 86 0
22 2 24 0
43 0 24 1
88 0 52 1
6 0 14 1
77 0 68 1
43 2 10 1
4 1 87 1
100 2 45 0
41 2 84 1
89 2 1 1
15 2 49 1
90 0 9 1
54 0 36 1
67 2 9 1
82 0 26 1
37 2 32 0
32 2 42 2
36 2 84 1
21 0 43 1
41 2 14 1
86 2 41 0
57 1 2 1
44 0 15 1
83 2 98 2
82 0 6 1
32 0 70 1
15 2 78 0
53 2 86 1
40 0 1 1
30 2 57 0
13 2 92 1
61 2 92 0
89 2 23 1
57 2 45 1
17 2 74 0
1 0 72 1
13 0 63 1
62 2 7 2
49 0 52 2
23 2 48 0
42 2 65 1
29 1 86 1
51 2 93 2
82 0 76 1
29 0 1 0
11 0 23 1
78 2 22 1
39 2 5 1
44 2 69 1
52 0 49 1
31 2 20 1
42 0 72 1
10 2 70 2
11 0 7 1
4 2 97 1
54 2 80 1
25 2 66 0
91 2 4 1
19 0 42 2
42 2 9 1
48 0 25 1
20 2 65 1
9 0 80 0
27 2 93 0
84 0 40 0
78 2 54 1
86 2 67 2
23 2 64 1
13 2 68 1
91 2 82 1
97 0 46 1
43 1 28 1
58 2 99 1
55 1 93 1
4 0 57 0
85 2 61 1
20 2 46 1
32 0 49 1
36 0 74 1
89 2 24 1
8 0 84 1
24 2 80 1
33 0 72 1
64 2 22 1
78 0 20 1
17 2 80 0
35 1 6 1
8 0 95 1
80 1 18 1
22 2 25 2
39 0 82 1
22 2 91 0
38 2 32 1
69 2 35 1
45 2 27 1
16 0 28 1
5 0 59 1
51 2 90 1
6 0 71 1
13 0 14 1
75 1 73 1
33 1 95 1
46 0 49 1
36 0 30 1
86 0 65 1
55 2 70 2
93 0 9 1
75 2 23 1
37 1 15 1
16 2 96 1
83 2 68 1
51 2 5 1
9 2 12 1
94 0 72 1
79 0 32 1
34 2 16 1
17 2 33 2
68 0 93 2
26 2 8 2
54 2 3 1
51 2 42 1
100 1 9 1
18 0 57 1
25 0 99 1
97 2 94 1
19 2 89 0
44 0 78 1
79 0 84 0
37 0 84 1
90 0 51 1
77 0 7 0
89 2 83 1
59 0 32 1
26 0 23 1
34 1 8 1
2 0 12 1
22 0 36 0
7 2 27 1
42 0 52 1
74 0 26 1
29 0 85 0
46 2 41 0
3 2 96 0
94 2 6 1
95 2 4 1
90 2 21 0
50 0 31 2
80 2 82 0
7 2 12 1
11 0 72 1
18 2 100 1
82 2 41 1
76 0 60 2
50 2 80 1
49 2 67 0
47 0 9 1
98 2 45 1
86 0 18 1
50 0 7 1
37 1 27 1
11 0 90 1
35 2 75 1
33 0 38 1
46 2 4 1
75 2 39 2
5 1 59 1
91 0 37 1
27 0 73 1
84 2 12 1
85 0 78 2
61 1 83 1
36 0 7 1
44 0 13 1
92 2 81 1
44 2 40 1
41 0 17 1
15 1 32 1
24 2 17 1
85 0 48 0
30 2 52 1
76 2 45 1
37 0 87 1
78 2 16 1
32 2 50 1
26 2 54 2
4 2 96 2
50 2 77 1
74 2 44 2
78 2 34 1
50 0 82 0
10 2 13 0
94 2 68 1
51 1 80 1
20 2 44 2
45 2 20 1
94 2 55 1
3 2 6 1
64 2 75 1
38 2 58 0
63 0 68 1
27 2 69 1
69 2 80 0
100 2 70 1
51 0 59 1
39 0 33 1
57 0 91 1
44 2 77 1
71 0 33 1
75 0 66 0
27 0 100 1
28 2 26 1
21 0 3 1
46 2 65 1
85 2 39 1
18 2 24 1
71 2 23 1
26 2 67 1
54 0 90 1
6 0 45 1
20 0 76 1
4 2 30 1
19 0 100 1
13 0 60 2
44 0 7 1
87 2 62 1
7 2 14 1
15 2 81 1
90 2 39 1
66 0 27 1
92 2 27 0
25 2 60 0
87 0 16 1
38 2 57 2
10 2 97 0
89 0 20 1
84 0 2 1
74 2 13 1
57 0 73 0
85 2 76 1
93 0 86 1
13 1 71 1
47 2 41 0
66 0 70 1
67 0 96 1
15 0 16 1
19 2 66 1
74 2 57 1
3 2 4 2
66 0 35 1
83 0 46 1
18 0 70 0
1 2 39 1
97 2 82 1
35 0 71 1
16 0 69 0
53 0 33 1
96 2 69 1
4 1 21 1
3 0 64 2
86 0 4 1
100 2 49 0
97 2 26 1
25 2 77 0
48 2 53 0
54 0 49 1
15 0 34 1
48 2 66 0
10 0 79 1
91 0 77 1
19 2 1 1
94 2 61 1
71 2 72 1
40 0 80 1
13 1 32 1
25 2 94 2
58 2 83 1
100 0 60 2
11 0 66 2
79 2 26 1
11 0 39 1
83 2 57 1
44 0 18 1
63 0 75 1
91 0 24 1
22 0 18 0
38 0 22 1
57 2 22 1
22 1 32 1
49 0 22 2
82 2 12 1
36 2 17 1
45 2 15 1
74 0 81 0
54 2 17 1
13 2 9 1
28 2 64 0
4 2 6 1
5 0 29 1
45 2 27 2
71 0 50 1
61 2 83 1
76 0 37 1
9 2 15 0
71 2 83 1
7 1 59 1
54 0 33 1
77 2 99 1
40 2 65 1
10 0 17 1
93 0 6 1
80 2 59 1
85 0 17 2
11 2 93 1
33 2 74 2
98 0 24 1
18 2 31 1
88 0 34 1
64 0 84 1
45 2 16 1
94 2 39 0
77 2 29 1
66 2 63 1
100 2 67 2
79 2 63 2
61 0 38 2
24 2 22 1
51 2 16 1
64 2 88 1
93 0 94 1
16 0 57 2
25 2 94 2
83 0 68 1
96 0 39 1
10 2 89 1
5 0 59 0
73 0 9 1
38 1 98 1
32 0 28 2
53 0 91 0
5 2 64 0
36 0 55 1
37 2 96 1
90 0 96 1
29 2 25 1
32 2 79 1
67 2 73 1
6 2 12 1
63 2 44 1
94 0 51 1
46 2 96 0
68 0 26 1
67 2 97 1
3 0 26 1
33 1 52 1
52 2 61 1
90 2 75 0
63 2 12 1
63 2 9 1
72 2 7 2
17 1 5 1
54 2 12 1
76 0 3 1
99 0 13 2
61 0 19 1
98 2 88 1
16 1 78 1
54 2 46 1
58 0 64 0
64 2 65 1
51 2 80 0
49 0 75 1
70 2 82 1
87 2 85 1
74 0 92 1
54 0 29 1
68 2 4 2
32 0 6 1
44 0 34 1
78 2 28 0
55 0 15 2
21 2 32 1
31 2 74 2
92 2 89 1
10 2 8 1
61 0 12 1
35 2 11 2
91 2 17 1
25 0 58 2
75 1 65 1
37 2 74 2
14 0 13 2
96 2 79 1
48 1 54 1
53 0 100 1
10 0 93 1
65 0 18 2
58 0 23 1
4 0 41 2
57 2 77 1
69 0 71 2
61 0 20 1
6 0 13 2
16 0 55 1
37 2 40 1
24 2 28 0
69 0 23 1
35 2 76 1
65 2 72 0
67 2 39 2
35 0 21 2
56 0 11 0
95 0 19 0
95 0 46 1
7 2 59 1
99 0 37 1
18 1 88 1
80 2 56 1
70 0 23 1
26 1 52 1
59 2 1 1
77 2 71 1
26 0 25 2
36 0 40 1
94 2 52 2
45 0 67 1
82 0 83 1
40 0 20 1
78 0 41 2
91 0 66 1
10 2 39 0
20 2 14 1
100 2 90 1
91 2 66 1
99 2 59 0
7 0 63 1
29 0 33 1
32 0 27 1
84 2 80 2
56 0 16 1
28 2 29 1
41 0 36 1
50 1 8 1
77 0 83 2
91 0 37 1
42 2 25 1
22 2 99 0
72 2 11 2
6 0 9 0
18 0 3 1
8 0 17 1
89 0 92 1
53 0 35 1
30 0 9 0
90 1 47 1
46 2 71 2
70 2 50 1
100 0 78 0
23 2 66 2
36 2 15 1
21 2 32 1
14 0 19 0
36 0 53 1
92 0 45 1
9 2 91 1
42 2 84 1
67 2 11 1
8 0 80 1
26 0 41 2
81 2 26 1
80 2 79 1
79 2 72 2
73 0 78 0
24 0 6 1
45 0 89 0
75 1 28 1
6 1 95 1
49 1 96 1
17 0 15 1
66 2 100 1
83 2 82 1
92 0 72 1
78 0 18 1
17 0 47 0
68 0 62 1
24 0 44 0
91 2 98 1
59 2 11 1
84 1 51 1
74 0 24 1
27 0 58 2
100 1 49 1
41 2 59 0
51 2 5 1
77 0 32 0
27 2 85 1
28 2 69 1
56 0 51 1
78 2 32 1
19 0 96 1
90 2 83 1
65 0 29 2
32 0 71 2
64 2 89 1
53 0 50 1
21 2 15 1
57 0 18 2
91 2 26 1
63 0 35 1
11 2 24 1
40 0 15 1
16 2 29 1
92 0 46 0
31 0 88 2
13 0 45 1
12 2 26 1
58 0 14 1
38 2 68 2
10 0 56 1
73 2 45 1
87 0 69 1
78 2 2 2
17 2 1 1
20 2 53 0
37 0 41 1
14 2 92 2
71 2 65 1
94 0 7 0
17 2 18 2
15 2 68 1
75 0 61 1
46 2 4 1
55 0 8 0
63 0 89 1
21 2 12 1
34 2 9 1
24 0 94 1
19 2 37 1
53 0 92 1
47 2 81 1
52 0 63 1
14 2 89 1
49 1 72 1
52 2 83 1
38 0 58 0
83 0 16 1
97 2 99 1
29 2 12 1
34 0 11 0
62 2 73 1
29 0 68 1
48 2 56 0
89 0 27 0
45 0 8 2
83 0 50 1
47 2 68 1
88 2 97 1
95 0 37 1
38 2 78 1
50 2 60 1
21 0 72 1
19 0 48 1
39 0 50 1
58 2 86 1
15 1 41 1
25 2 67 1
94 1 2 1
64 2 86 1
53 2 13 1
39 0 44 1
59 2 25 1
60 1 19 1
77 0 48 1
78 2 9 1
35 2 84 0
79 2 80 2
5 2 24 1
21 2 32 0
50 2 99 1
46 2 43 0
43 2 81 2
37 2 4 0
42 2 100 1
49 2 15 0
29 2 54 1
78 2 51 1
52 0 28 0
87 2 76 1
7 2 96 0
79 0 60 0
86 2 17 1
26 2 18 2
5 0 38 1
47 2 14 1
27 2 60 0
50 2 98 2
19 2 96 1
83 0 93 1
42 0 5 1
41 2 51 1
20 0 94 2
64 0 86 1
64 0 68 1
78 2 91 0
78 0 94 1
55 1 15 1
72 2 96 0
16 2 4 0
33 0 10 1
98 1 39 1
27 2 6 1
48 2 76 1
92 2 91 0
23 0 39 2
1 1 42 1
84 2 44 0
11 0 47 1
39 0 14 1
16 0 39 2
54 1 28 1
78 2 90 1
12 0 59 0
50 2 20 1
93 0 11 1
81 0 55 1
94 0 39 0
14 2 40 1
56 0 3 1
6 2 77 1
34 0 21 1
64 2 12 1
52 0 35 1
69 1 36 1
2 1 11 1
87 0 17 1
72 0 30 1
32 2 14 1
90 2 73 2
25 0 78 2
4 0 81 0
79 2 28 1
29 1 9 1
72 0 54 2
94 1 27 1
69 0 28 1
5 0 87 1
83 0 100 1
5 2 30 1
60 0 8 1
1 2 57 0
28 0 16 1
1 0 84 1
20 0 70 1
88 2 16 1
77 2 41 1
46 0 62 1
39 0 34 1
30 0 71 1
11 2 27 1
97 0 3 1
12 0 18 0
89 0 31 1
67 0 82 1
52 0 5 1
66 0 59 1
73 0 88 1
22 0 17 0
57 0 56 1
49 2 16 1
62 1 67 1
65 2 18 0
40 0 38 1
66 0 71 1
61 0 54 2
85 1 7 1
20 0 11 0
95 0 90 1
5 2 7 0
41 2 76 1
94 1 67 1
41 0 49 1
89 1 88 1
45 0 83 2
68 0 32 2
47 0 53 1
88 0 19 1
18 2 37 1
84 2 52 2
80 0 39 0
72 0 68 1
68 0 5 0
31 1 7 1
85 2 47 1
56 2 11 2
4 0 22 1
95 0 45 1
23 1 93 1
92 1 2 1
3 2 19 2
50 0 77 1
15 2 74 1
17 0 99 1
20 0 58 1
73 2 75 1
93 2 3 1
39 0 76 1
38 2 41 0
41 0 61 1
59 0 9 1
33 2 1 1
23 2 34 2
16 0 28 0
20 0 22 1
13 2 34 1
35 2 90 1
76 0 80 2
52 0 51 1
100 0 4 1
20 0 63 0
94 0 37 1
46 0 40 2
21 0 45 1
78 2 81 1
51 2 34 0
49 2 84 1
48 2 65 1
35 0 42 2
65 2 5 0
41 0 11 1
32 0 52 1
48 0 6 1
37 2 8 2
79 1 22 1
92 0 26 1
81 0 14 1
34 0 58 1
79 1 44 1
73 0 17 1
94 0 35 1
32 2 77 1
78 0 48 1
1 2 61 1
50 2 46 1
50 0 62 1
21 0 9 1
55 2 25 1
92 0 54 1
73 1 95 1
54 2 78 2
14 2 84 2
26 0 6 1
29 2 67 0
90 2 64 1
85 2 71 2
16 2 36 2
37 2 93 0
26 0 23 1
8 2 6 1
74 0 72 1
16 2 14 1
65 2 87 0
38 2 67 2
83 2 10 1
34 0 1 1
24 0 14 1
33 1 42 1
24 2 33 0
25 0 37 1
63 2 4 1
49 2 92 0
86 0 91 2
18 0 64 2
10 2 31 2
39 0 8 2
6 2 71 1
19 0 3 1
90 0 91 0
27 0 19 2
90 0 76 0
69 0 81 2
18 2 20 1
54 2 72 1
65 0 13 1
54 0 37 1
84 2 18 1
20 2 30 1
91 0 32 1
81 2 92 1
70 0 38 1
44 0 28 1
85 2 91 2
70 2 63 1
23 0 98 2
35 0 99 0
4 1 41 1
31 2 66 0
73 2 2 2
85 2 14 1
96 2 29 1
39 2 76 1
7 2 61 1
75 0 23 0
70 2 76 1
45 0 95 1
58 2 28 0
97 2 11 2
29 2 51 0
89 2 87 1
90 0 67 0
61 1 2 1
63 0 49 1
16 0 39 1
91 0 44 1
49 0 11 1
58 1 16 0
1 0 36 2
19 0 14 1
60 0 74 2
56 0 63 1
86 2 30 1
95 2 48 1
57 0 42 0
55 0 47 1
95 0 2 2
73 0 49 1
91 2 16 1
86 2 25 1
2 1 67 1
63 2 39 0
16 0 87 0
60 2 86 1
33 2 95 0
52 2 4 1
90 2 4 1
8 0 6 1
3 2 35 1
49 1 2 1
46 1 44 1
6 2 59 2
17 1 27 1
7 2 40 1
16 0 70 1
85 2 97 0
44 2 51 1
70 2 91 0
39 0 37 1
32 2 54 1
89 0 12 1
7 2 20 1
30 0 4 0
73 2 69 1
74 2 48 1
81 2 97 1
33 2 76 1
44 0 40 1
13 0 77 1
98 2 80 1
29 0 91 1
23 0 96 0
40 0 56 0
70 1 97 1
28 2 2 1
22 1 46 1
29 0 28 0
72 0 35 1
93 2 7 1
91 2 4 1
84 0 8 1
53 2 41 2
74 2 81 1
82 0 38 1
18 0 65 1
96 0 36 1
47 2 70 1
80 0 45 1
83 0 90 1
55 0 88 1
44 2 56 1
21 0 8 0
50 1 31 1
92 2 10 1
47 0 25 1
85 0 66 1
98 2 40 1
93 2 48 1
96 2 22 1
28 0 85 1
61 0 15 2
25 2 31 2
62 0 76 1
41 2 1 1
27 2 32 0
13 0 24 1
44 2 40 1
43 0 71 0
61 2 80 1
35 0 19 2
78 2 16 1
11 0 69 1
55 2 11 1
9 1 18 1
79 0 96 2
88 0 47 1
24 2 47 2
76 0 25 0
98 0 28 2
20 1 1 1
84 2 76 1
37 2 73 2
5 0 81 1
12 2 52 0
1 2 81 0
40 2 74 0
34 2 35 1
67 2 66 1
24 1 18 1
46 2 35 1
22 2 64 2
29 2 85 2
90 2 46 2
51 2 37 1
55 0 63 0
9 2 14 1
45 1 46 1
79 0 60 0
89 2 73 1
67 2 11 1
61 2 3 1
66 2 76 1
8 0 64 1
17 2 22 1
54 1 74 1
70 2 100 1
12 0 5 2
20 2 14 1
27 0 68 1
80 0 7 2
19 0 70 1
100 0 25 2
13 2 33 2
16 0 98 1
92 2 38 1
50 0 63 1
16 2 52 2
72 0 90 1
94 0 1 1
60 2 66 2
58 0 70 1
2 2 83 1
29 2 75 1
90 0 39 0
31 0 77 1
40 0 90 1
77 0 10 1
33 2 89 2
62 0 12 1
95 2 55 1
12 2 50 0
38 2 81 1
46 1 42 1
75 2 94 2
33 2 8 2
20 0 26 1
45 0 25 2
25 2 69 0
35 1 55 1
98 2 23 1
56 0 55 1
23 2 18 0
38 2 72 0
41 2 14 1
32 0 66 1
22 2 75 1
11 0 48 1
8 0 39 1
93 2 41 1
100 0 7 1
57 0 59 2
82 0 73 1
22 0 21 2
95 2 87 1
72 0 50 1
21 2 59 0
57 0 68 1
60 1 64 1
93 0 39 0
65 2 24 2
41 0 56 1
85 0 65 1
68 0 57 2
61 2 87 2
22 2 48 0
5 0 8 2
80 2 89 2
26 0 36 1
34 2 80 1
56 0 48 1
28 2 40 1
93 0 42 1
29 2 30 1
85 2 62 1
44 2 87 1
55 0 39 2
59 2 63 1
60 0 96 1
34 2 53 1
50 2 59 0
76 1 3 1
54 0 49 1
36 2 51 1
95 0 31 1
7 0 65 1
38 0 15 2
73 0 48 1
80 0 61 1
5 0 69 1
40 2 53 1
46 2 80 1
68 0 10 1
35 2 80 0
88 2 58 1
48 0 30 1
58 2 47 1
77 0 73 1
46 2 8 1
83 2 78 2
95 0 37 1
40 0 94 1
5 2 82 2
30 0 35 1
49 1 56 1
33 0 12 1
19 0 66 1
2 2 83 1
87 0 97 2
78 2 90 1
43 0 90 1
2 2 92 1
70 0 23 1
5 2 10 1
44 0 97 1
34 0 95 1
21 0 42 0
84 2 90 1
89 2 7 1
54 2 35 1
2 0 74 1
75 0 69 1
53 0 57 1
95 2 35 1
31 0 60 1
37 0 68 1
93 0 82 1
75 0 66 2
70 2 79 1
48 0 100 1
31 2 32 2
95 0 29 1
29 2 4 1
9 2 50 1
76 1 63 1
88 0 90 1
25 0 3 1
30 1 73 1
8 0 70 1
81 2 5 1
85 2 18 2
15 2 69 1
48 2 100 1
81 0 34 1
71 2 43 1
53 2 57 1
30 0 92 1
23 2 21 0
56 2 94 1
16 2 7 1
94 2 80 2
49 2 61 1
92 2 22 1
46 0 73 1
78 0 39 1
96 2 84 1
56 0 15 1
13 1 18 1
75 1 85 1
19 2 20 1
89 0 76 1
66 2 19 1
29 2 11 2
59 2 1 1
28 0 10 1
1 1 5 1
24 2 79 1
10 2 95 0
11 2 12 1
45 1 52 1
67 0 49 1
77 2 38 1
56 0 71 1
66 2 10 1
2 0 34 1
17 0 91 2
21 0 9 1
37 0 87 1
11 2 20 1
18 2 72 1
38 0 11 2
84 2 69 2
24 2 27 2
96 2 94 1
7 2 88 2
8 2 81 1
40 2 10 1
92 2 34 1
65 2 81 1
75 0 13 0
61 1 21 1
68 0 67 0
44 0 25 1
69 2 77 2
74 0 29 1
13 2 74 1
76 0 55 2
93 2 25 1
17 0 24 1
89 1 67 1
44 2 16 1
87 0 8 2
54 0 36 1
4 2 55 1
29 1 94 1
1 2 28 2
64 2 56 1
24 0 35 1
61 0 10 0
22 0 48 2
61 0 99 1
72 2 38 1
15 0 58 1
23 2 41 0
90 0 52 2
73 2 23 1
30 0 64 2
19 2 62 1
12 2 92 1
11 2 20 1
100 0 33 2
27 2 37 1
68 0 38 1
43 0 21 1
19 0 64 0
41 2 92 1
32 2 59 1
32 0 79 1
65 2 20 2
10 1 95 1
1 1 91 1
30 2 62 1
91 2 15 1
40 0 92 1
71 0 58 1
23 2 65 1
44 0 64 1
39 2 97 1
83 0 56 1
72 2 18 0
6 2 57 1
59 0 53 1
24 0 98 1
41 0 20 1
47 2 54 0
78 2 43 0
53 1 96 1
75 2 12 2
80 0 62 1
36 0 60 1
78 0 52 1
80 0 6 1
73 0 21 1
32 0 83 1
13 2 33 1
26 0 90 1
35 0 61 1
48 2 26 1
1 1 5 1
57 0 17 1
80 0 26 1
36 2 8 1
8 0 39 1
88 2 80 1
40 0 6 1
69 2 96 1
84 1 82 1
6 0 79 1
42 2 22 1
56 0 91 0
100 2 55 1
98 0 23 1
25 2 2 2
97 2 82 1
95 2 20 1
48 2 87 1
34 0 45 1
80 0 88 1
9 0 65 1
43 0 40 1
25 1 91 1
12 0 88 0
53 0 61 1
60 0 65 1
82 2 65 1
72 0 42 1
86 0 67 0
96 2 5 1
97 0 12 1
1 2 21 1
47 0 79 1
46 1 96 1
75 2 84 0
16 0 35 1
85 0 6 1
89 2 68 1
17 0 36 2
25 2 79 1
51 0 28 1
67 0 65 1
25 2 65 1
54 2 40 2
68 2 17 2
96 2 24 1
69 2 93 1
6 0 92 2
50 0 52 2
48 0 90 1
6 0 93 2
67 0 50 1
58 0 45 1
36 2 19 0
62 2 87 2
33 0 37 1
45 0 75 1
76 0 52 1
1 2 42 0
49 0 33 1
27 2 76 1
50 0 74 1
50 2 70 0
87 0 60 0
1 2 75 1
90 2 43 1
49 0 51 0
92 2 45 1
10 0 1 0
54 0 39 1
25 2 38 1
51 2 56 0
15 1 39 1
39 0 1 1
52 2 77 1
96 0 91 1
53 2 100 1
17 1 58 1
15 0 28 1
53 0 1 1
40 2 14 1
25 0 99 1
97 2 20 1
58 2 92 1
1 0 32 2
27 0 93 2
80 1 36 1
23 2 55 2
46 2 65 1
43 0 63 1
20 2 71 1
64 0 54 1
94 0 25 1
2 2 50 1
39 2 36 1
28 2 26 1
59 2 66 1
63 0 64 2
23 2 32 0
73 2 91 2
2 2 69 1
90 0 65 0
59 0 83 1
26 0 8 1
74 0 10 1
36 2 7 1
40 0 62 1
6 2 65 1
72 2 8 2
37 1 26 1
54 0 64 1
75 0 69 1
32 2 81 2
48 0 46 2
64 2 56 1
12 0 76 1
9 2 85 1
28 0 7 1
33 0 39 1
35 0 56 0
43 0 40 1
10 1 87 1
68 1 51 1
48 2 85 1
23 0 1 0
39 2 71 1
37 0 56 1
