100 4957
8 2 2 2
66 0 82 1
71 2 55 1
15 0 63 2
76 0 70 1
95 2 61 1
37 0 74 2
100 1 72 2
19 0 50 2
28 0 51 1
25 0 35 2
98 0 16 2
72 0 75 2
88 0 50 0
60 0 46 1
29 0 33 0
43 2 50 1
66 1 81 1
52 0 88 1
26 2 42 1
1 0 100 1
32 0 62 1
35 1 16 2
16 0 87 2
54 0 33 1
70 2 74 2
75 0 29 1
47 0 67 1
27 2 14 2
48 0 23 1
64 0 14 2
54 0 28 1
9 1 91 1
90 0 29 1
86 0 14 1
98 0 53 2
14 0 64 1
35 1 52 1
87 2 39 1
64 0 30 0
58 0 88 2
47 0 53 1
71 0 46 1
51 2 7 2
43 0 75 2
45 1 54 1
45 0 77 1
80 0 60 1
7 1 73 1
33 1 17 1
77 1 43 1
50 2 18 1
32 0 53 1
64 1 74 1
93 0 63 2
73 0 75 1
92 0 65 2
95 0 42 0
24 0 71 1
7 2 18 1
63 2 95 1
63 1 7 1
21 0 57 2
37 0 68 0
22 0 78 2
99 0 60 1
1 0 31 2
69 0 59 1
30 0 98 2
64 0 62 1
98 0 61 1
50 0 61 1
71 1 73 2
66 0 94 2
36 2 17 2
36 0 77 2
58 0 6 2
61 2 44 2
55 0 57 2
8 1 60 1
84 2 29 1
49 1 86 1
47 0 9 1
6 0 10 1
12 2 94 1
65 0 55 2
21 0 36 0
51 0 10 2
7 0 60 2
100 0 94 1
60 2 98 1
76 1 62 1
44 0 20 0
81 0 17 1
96 0 70 1
75 0 16 2
1 0 97 2
29 0 17 0
17 0 1 1
38 1 92 2
8 1 98 1
90 0 85 2
41 0 74 0
74 0 65 1
40 1 27 2
75 0 84 2
71 0 44 2
51 1 96 2
37 2 66 1
32 0 100 1
51 0 18 2
93 0 75 1
99 0 82 1
84 1 63 2
66 0 25 2
93 0 34 2
86 0 39 2
75 0 10 2
24 0 6 1
55 1 71 1
17 0 97 2
91 0 65 2
61 2 25 2
82 2 81 2
38 0 79 0
97 0 9 1
62 0 34 1
31 0 91 1
25 0 46 1
28 1 12 1
22 0 50 0
57 0 22 1
3 0 42 2
73 0 32 1
20 0 3 2
31 2 37 1
66 0 14 0
26 2 1 1
87 0 95 1
5 0 72 2
5 0 84 2
86 0 82 1
21 0 46 1
10 0 97 2
3 0 62 2
98 0 14 0
41 2 43 1
37 0 42 0
1 0 68 1
5 0 81 2
16 0 8 2
24 0 85 1
31 0 64 1
32 0 46 1
9 0 69 0
31 0 23 2
93 0 99 1
15 0 43 2
31 2 42 2
15 1 89 2
61 0 29 1
20 0 14 2
1 0 79 1
92 0 80 1
51 1 35 2
73 0 93 2
53 1 15 1
89 0 45 1
25 0 5 2
48 1 17 1
93 2 58 2
35 0 33 1
57 0 30 0
90 0 36 2
8 0 7 1
15 0 98 2
10 2 30 1
28 0 99 0
71 1 43 1
37 0 2 1
37 0 91 1
32 0 18 1
72 0 55 1
33 0 77 1
66 0 87 1
59 0 56 1
52 0 53 2
10 0 2 2
9 2 54 2
85 0 82 1
75 0 84 2
12 0 28 1
65 0 8 2
70 0 93 2
56 0 39 0
45 0 88 1
19 1 86 2
50 0 86 0
4 2 24 2
63 1 49 1
93 2 1 2
54 0 59 2
69 0 34 2
47 0 31 2
95 1 60 1
19 0 97 2
9 2 15 2
48 0 99 2
84 0 66 2
39 0 23 1
34 2 64 1
24 0 98 2
97 1 17 2
39 0 58 1
16 0 41 1
72 0 9 2
75 0 2 1
18 0 79 2
48 2 4 1
99 0 26 1
3 0 4 2
34 2 89 2
47 0 15 1
12 2 42 2
94 0 69 0
26 2 99 1
82 2 3 1
14 0 76 1
89 0 26 2
60 0 29 1
53 0 1 1
1 0 87 2
98 0 95 2
51 1 60 1
16 2 14 2
10 0 23 2
68 0 57 2
57 0 66 2
86 0 26 2
18 0 56 1
18 0 97 2
89 2 58 1
65 0 32 1
28 2 57 1
24 0 48 2
71 0 47 0
4 2 25 2
41 0 64 2
31 0 28 2
25 0 6 1
2 0 56 2
63 0 27 2
69 0 32 1
25 0 90 2
62 0 71 2
45 0 95 1
94 1 57 2
75 0 15 2
51 1 13 2
1 0 30 2
6 0 22 1
5 0 40 2
52 0 61 2
55 2 5 2
14 0 99 2
22 0 86 2
69 0 34 1
4 2 72 2
85 2 58 2
33 2 10 1
81 2 25 1
39 0 74 0
5 0 75 2
72 1 90 2
19 1 9 2
97 1 76 2
96 0 40 2
74 0 75 2
95 0 19 1
37 0 40 1
2 1 86 1
74 0 93 1
5 2 86 1
21 0 97 2
87 0 100 1
4 1 1 1
2 0 77 1
40 2 49 2
11 0 82 1
22 0 5 2
82 1 57 1
68 0 49 1
28 2 14 1
97 0 7 2
74 0 27 0
17 0 2 1
45 2 86 2
2 0 79 2
60 0 79 2
89 0 94 2
28 0 55 0
70 0 17 1
76 0 43 1
35 0 84 2
90 0 5 1
55 2 14 1
42 0 94 2
12 0 26 2
83 0 13 2
29 2 56 2
45 0 13 1
4 2 75 1
9 0 42 0
86 0 1 1
54 0 83 2
88 2 70 2
90 0 36 1
69 2 92 2
27 0 44 1
76 1 16 1
37 0 76 2
13 0 38 2
32 0 85 1
76 0 39 2
7 0 20 2
35 2 2 1
62 0 17 2
86 0 22 1
77 0 48 0
66 2 14 2
17 0 37 2
24 0 97 2
20 1 57 1
33 1 69 1
60 1 50 2
48 0 36 2
73 0 67 1
29 0 16 0
58 0 75 1
20 0 83 2
84 2 12 1
95 1 50 2
36 0 23 2
76 2 22 1
2 0 20 1
67 0 91 0
41 0 26 1
25 0 18 2
82 2 60 2
41 0 65 0
99 2 80 1
67 1 1 1
2 1 73 1
56 1 39 1
18 1 1 1
86 0 64 1
40 0 94 2
5 0 33 1
94 2 20 2
21 0 31 1
94 1 11 1
25 0 27 1
15 0 83 2
33 2 15 1
59 0 18 1
74 0 78 0
100 0 60 0
87 0 15 2
13 0 20 1
83 0 3 2
33 0 64 1
11 0 97 1
79 1 86 1
3 0 33 2
6 0 54 2
16 0 87 2
54 0 96 2
15 0 71 2
77 2 39 1
71 2 68 2
49 0 28 1
76 0 95 2
7 0 99 1
78 0 52 2
88 0 14 1
100 0 49 0
49 1 1 2
10 1 60 1
74 2 87 1
25 0 74 1
40 1 39 1
6 0 44 2
33 2 9 1
14 0 72 1
21 1 8 1
84 0 74 0
62 0 47 1
30 0 41 1
100 0 34 2
47 0 22 1
99 0 32 1
59 1 96 1
7 0 20 2
4 1 47 2
82 2 65 2
12 0 28 1
56 2 30 2
84 2 90 0
100 1 36 2
24 0 15 1
55 0 64 2
86 0 93 1
42 0 88 1
29 1 26 1
38 0 29 2
64 0 9 0
93 0 55 1
13 0 8 1
74 0 20 2
4 0 49 2
55 1 43 1
66 0 48 1
74 2 79 1
14 1 86 1
77 0 57 2
9 0 35 2
98 0 74 1
17 0 74 2
96 0 2 1
8 2 5 1
14 0 84 2
40 0 36 1
88 1 10 2
41 0 39 2
6 0 77 2
16 0 29 1
100 2 10 1
18 0 62 2
55 0 28 2
44 0 42 1
67 2 59 1
51 0 19 2
79 0 19 2
55 0 53 1
81 2 36 1
37 0 59 1
99 2 75 2
86 0 39 2
78 0 72 2
87 2 69 2
59 0 55 0
46 2 64 1
15 0 100 2
23 0 64 2
33 0 85 2
19 0 64 2
51 2 84 1
35 0 48 0
60 1 92 2
90 0 10 1
6 0 8 1
82 2 51 1
37 1 92 2
45 2 66 1
52 2 90 2
88 0 85 2
15 0 76 1
3 1 6 2
78 0 29 1
27 0 34 2
85 0 22 0
14 0 24 2
7 0 86 0
34 0 50 0
37 0 5 1
98 0 23 2
76 0 20 2
22 0 95 1
89 0 2 2
52 0 53 1
48 2 73 1
11 0 48 0
43 0 21 1
85 2 54 1
10 1 60 1
76 0 9 1
45 0 31 2
88 0 87 1
59 1 90 2
98 2 85 1
41 1 50 1
81 2 98 1
29 0 31 0
14 2 89 1
4 0 64 1
32 0 74 2
61 0 73 0
53 1 96 1
1 0 52 1
46 0 92 0
31 2 70 1
68 1 14 2
53 0 83 2
51 2 37 1
48 0 73 1
97 1 92 2
85 1 22 1
55 0 75 0
45 0 52 2
74 0 98 2
19 0 1 1
97 2 32 1
90 0 9 2
11 1 50 1
52 0 26 1
2 0 44 2
55 0 97 1
38 0 90 1
37 1 92 1
11 0 87 0
46 0 10 2
15 2 14 2
88 2 52 2
50 2 5 1
67 1 10 2
10 0 23 2
62 0 88 1
10 0 63 1
8 2 52 1
3 0 46 1
45 1 30 2
36 0 40 1
43 0 10 2
27 0 61 2
81 0 75 1
34 2 4 2
45 0 76 0
19 0 99 1
7 2 39 1
29 1 99 1
38 2 85 1
58 0 56 2
64 1 31 2
94 2 43 2
28 0 84 1
32 1 1 1
90 0 17 1
11 0 27 2
43 0 26 1
37 0 58 2
7 0 77 1
40 0 70 0
81 0 35 2
88 0 24 2
2 2 31 1
30 0 45 2
94 0 50 2
48 0 83 2
61 2 44 2
94 1 30 1
89 0 87 1
48 0 76 1
26 0 51 1
84 2 23 1
70 1 17 1
12 1 79 2
27 0 1 0
46 2 75 1
60 2 25 1
55 0 26 1
19 2 4 1
75 0 18 0
21 2 74 1
50 0 39 1
6 0 8 1
86 0 2 1
43 0 91 2
1 0 51 1
54 0 87 2
39 2 58 1
70 1 7 2
93 2 73 2
16 0 15 2
41 0 8 2
46 0 96 0
50 0 63 2
54 0 73 2
5 0 62 1
76 0 9 1
23 0 19 2
83 0 58 0
72 0 56 2
49 2 25 2
28 0 95 2
89 0 19 2
98 0 5 1
100 2 67 1
13 1 74 1
90 0 98 1
31 0 2 1
72 0 96 2
60 1 62 2
89 0 95 1
78 0 100 1
98 0 44 2
23 1 27 1
58 0 86 0
52 0 59 2
6 0 97 1
30 0 55 2
29 1 34 1
20 1 48 1
44 2 8 1
43 0 97 1
6 0 18 1
76 1 17 2
10 0 29 2
98 0 5 2
46 2 19 1
99 0 56 1
21 0 43 0
57 0 64 1
1 0 16 2
20 2 86 1
67 1 75 2
74 0 82 2
49 0 26 2
46 0 91 0
89 0 15 1
5 0 77 1
68 0 19 2
44 0 99 0
27 2 62 1
99 0 36 1
78 0 63 2
62 0 3 2
87 0 60 1
40 0 63 1
76 0 70 2
76 2 10 1
50 1 92 2
90 0 15 2
1 0 75 2
33 0 37 2
71 0 33 1
83 0 3 2
22 0 64 2
41 0 2 2
60 0 93 2
40 0 92 0
26 0 81 1
14 0 68 2
92 0 60 1
67 0 98 1
40 2 74 2
12 1 79 2
87 0 53 2
56 0 27 2
75 1 24 1
42 0 9 1
51 1 67 1
34 2 85 1
13 1 83 1
55 0 22 1
57 0 64 1
81 0 96 2
35 0 15 2
49 1 24 2
67 2 93 2
75 0 83 2
65 0 62 0
4 0 44 2
64 2 8 2
17 0 87 1
65 0 63 2
85 0 46 2
95 1 68 1
66 1 22 2
72 0 44 1
77 0 21 0
72 0 13 2
76 0 33 2
60 0 83 2
10 0 37 1
27 0 94 1
36 0 63 2
99 2 20 1
34 1 94 2
53 0 98 0
37 2 25 2
92 0 29 1
20 0 16 1
64 2 59 1
66 0 20 2
77 0 98 2
22 0 51 2
94 0 74 0
40 0 28 2
98 2 69 1
38 1 76 2
17 1 6 2
65 0 18 1
91 2 10 1
82 0 4 1
3 2 74 1
53 2 49 1
99 1 78 1
10 1 54 2
95 0 64 1
76 0 34 2
13 0 34 1
32 0 12 1
70 1 11 1
29 2 66 2
36 2 78 2
96 0 25 2
76 0 14 2
85 0 32 1
94 0 89 0
86 0 92 1
74 0 35 1
29 2 84 1
87 1 47 1
98 1 39 2
13 0 33 2
58 0 53 1
64 0 65 2
79 0 28 1
74 0 83 1
97 1 14 1
1 2 90 1
52 0 26 2
92 0 86 2
10 2 1 2
82 2 83 2
12 0 68 2
67 0 22 2
9 0 59 2
56 2 28 1
86 0 84 1
50 0 55 1
89 0 65 1
10 1 87 2
48 2 73 1
39 0 38 1
15 0 60 2
34 0 72 2
60 2 48 2
6 0 99 1
3 0 94 2
43 0 42 2
67 2 82 1
45 1 11 1
61 2 12 1
16 0 2 2
56 0 13 2
28 1 50 1
42 0 89 2
19 2 90 2
70 0 11 0
4 0 83 2
77 2 54 1
21 0 37 2
21 1 99 1
42 0 38 1
87 2 72 1
1 0 92 1
5 0 13 2
47 0 28 2
12 0 84 2
96 2 54 1
35 0 41 1
26 1 95 1
91 1 24 1
93 2 39 2
20 0 3 1
17 0 89 0
9 0 46 2
81 0 35 2
69 0 100 1
17 1 69 1
43 0 48 2
42 0 96 1
76 0 38 2
81 1 7 1
23 0 62 1
12 0 81 1
44 2 28 1
27 0 74 1
34 2 28 1
29 0 47 1
32 1 13 2
18 0 64 1
49 1 65 1
52 0 10 2
62 0 82 2
73 0 27 2
27 0 94 1
30 0 74 1
55 2 1 2
21 1 69 2
63 0 46 2
23 0 85 0
35 0 71 0
17 0 71 2
70 0 71 2
31 2 78 2
88 2 20 2
36 0 12 2
5 0 56 2
25 0 7 1
83 0 44 1
60 1 58 1
14 0 5 1
89 0 36 1
78 0 85 1
22 0 12 1
82 1 9 2
24 0 12 2
45 0 12 2
56 0 31 2
39 0 96 1
64 1 37 1
71 2 86 2
26 2 31 1
29 0 67 2
99 0 32 1
65 0 100 1
97 1 13 2
56 0 90 0
76 0 52 1
56 2 29 1
42 2 27 1
55 0 25 0
19 1 9 2
22 1 92 2
74 1 17 1
19 0 38 2
61 1 83 1
94 0 97 1
69 0 99 2
13 0 87 1
88 1 98 1
88 0 67 2
36 0 90 1
43 1 90 1
32 0 8 2
78 0 13 1
21 2 91 1
39 2 92 1
68 0 38 2
23 2 57 1
23 0 99 2
100 2 18 2
3 0 82 2
79 0 74 2
64 2 2 1
16 1 54 2
79 0 84 1
61 0 94 0
63 0 41 0
35 1 60 2
44 1 22 2
97 0 64 2
13 0 44 1
93 0 55 2
68 1 72 1
60 2 54 2
5 0 20 2
60 0 29 2
84 2 89 1
95 2 89 1
48 0 1 2
39 0 34 1
67 0 87 2
86 0 95 1
90 0 93 1
87 0 53 1
40 1 16 1
63 0 48 1
17 2 1 1
45 0 38 1
32 0 8 0
74 0 13 2
48 0 82 1
69 1 78 1
85 2 89 2
24 0 12 2
77 1 60 1
49 2 83 2
48 0 40 2
12 2 92 2
54 0 46 1
46 0 2 0
93 1 17 2
55 2 44 1
91 2 4 2
66 0 56 1
74 0 33 1
75 0 46 2
32 0 34 2
64 0 53 2
1 0 85 1
44 2 42 1
82 0 33 0
9 2 25 2
6 2 15 1
79 0 35 2
7 2 74 1
72 0 9 1
19 2 60 2
17 0 75 2
68 0 37 1
52 0 49 2
35 2 9 1
42 0 54 1
45 2 9 1
85 0 13 1
98 0 19 2
17 0 3 1
43 0 34 2
12 2 13 1
9 0 52 1
8 2 44 1
23 0 58 1
16 0 46 2
30 0 11 2
63 1 96 2
51 0 89 0
79 0 99 2
66 0 100 2
50 0 48 1
19 0 89 0
1 0 33 1
37 0 25 1
2 0 84 2
56 2 76 2
77 0 81 1
43 0 47 0
37 0 95 2
86 0 93 2
55 0 97 1
11 1 1 1
45 0 32 1
37 0 22 1
66 0 77 2
20 1 57 2
17 0 76 1
13 2 38 2
87 2 6 1
81 1 87 2
52 0 83 2
80 0 59 1
72 0 75 1
54 0 56 1
93 0 21 2
14 0 26 2
31 2 16 2
20 0 40 1
7 0 11 1
13 0 49 1
17 0 78 0
58 0 90 1
26 0 84 1
94 0 31 2
50 0 36 2
47 0 99 1
14 0 18 1
23 0 93 2
66 2 57 1
32 2 39 1
52 0 29 1
83 1 25 1
96 0 40 1
90 2 92 1
27 0 41 2
53 0 71 0
95 2 40 1
57 2 58 2
70 0 7 2
2 0 14 0
46 2 4 1
29 0 55 0
67 0 30 0
83 0 95 2
74 0 56 2
88 0 51 2
35 2 16 1
2 2 22 1
87 0 100 2
26 1 68 1
87 0 9 2
77 0 53 0
39 0 40 2
29 2 48 2
34 2 56 2
28 2 14 1
14 0 42 2
17 0 69 0
71 0 26 2
66 1 87 2
14 0 39 1
25 0 3 1
74 0 68 1
7 0 39 2
2 2 47 1
16 2 73 1
89 1 25 1
67 0 63 1
79 0 15 2
91 1 68 2
36 0 47 0
48 0 28 2
55 0 32 2
4 0 24 0
56 0 68 1
36 0 97 1
12 0 18 2
34 2 46 1
89 0 21 1
45 0 94 2
15 1 1 2
15 0 83 1
36 0 75 1
60 0 26 1
80 0 48 0
25 0 36 2
46 0 54 1
92 0 26 1
32 0 94 1
71 0 85 2
74 0 15 1
54 0 52 1
98 1 1 1
91 0 27 2
97 0 29 1
87 2 69 1
57 2 16 2
55 1 4 1
89 0 83 1
20 0 52 1
54 0 31 1
9 0 58 0
82 2 84 2
90 0 48 1
9 0 83 1
42 0 80 2
90 0 33 2
40 0 1 1
19 0 56 2
48 2 96 1
83 2 12 1
79 0 82 2
80 2 54 2
90 0 81 1
68 0 7 2
83 0 37 2
88 0 67 2
44 0 68 2
86 0 58 2
31 0 33 1
55 0 82 2
51 0 23 1
59 0 77 2
50 0 45 1
89 0 59 1
26 0 76 0
77 1 30 2
22 0 65 0
80 0 59 2
15 0 60 1
59 0 24 1
7 0 2 1
77 0 14 2
82 2 44 1
66 2 36 1
36 0 93 2
71 2 6 2
79 0 57 1
67 0 71 1
92 0 6 2
81 0 14 2
91 0 49 2
67 1 58 1
5 1 57 1
39 2 79 1
25 0 16 1
69 0 41 1
14 0 26 2
74 0 30 0
97 2 79 1
44 0 27 0
72 0 92 2
84 2 14 2
31 2 57 2
29 0 99 1
26 1 2 1
38 0 95 2
49 0 54 2
17 2 89 2
16 0 100 1
63 2 91 2
99 0 93 2
73 0 31 2
65 0 61 2
9 0 61 1
87 0 3 2
25 0 63 1
61 1 44 1
66 2 14 1
46 2 3 1
65 0 94 2
6 0 11 2
50 0 9 1
69 0 67 1
11 0 96 2
81 0 36 1
55 1 25 1
15 0 26 2
30 0 29 1
71 0 59 2
33 1 18 2
15 0 60 2
28 0 70 2
58 0 94 1
54 0 42 1
47 0 77 1
86 0 71 1
19 0 11 2
62 0 45 2
5 1 89 2
80 2 6 1
52 0 60 2
98 2 91 2
52 2 93 1
67 1 52 1
69 0 61 2
81 0 73 2
39 0 22 1
30 0 83 1
45 2 91 1
53 2 36 1
86 0 47 1
30 0 56 1
75 0 74 0
69 0 87 1
21 0 49 1
15 0 97 2
93 0 73 1
7 0 13 2
90 2 86 1
96 0 16 2
95 1 55 1
23 0 100 2
35 2 60 2
8 0 64 1
77 0 41 1
55 0 25 2
78 0 32 2
89 0 33 2
23 2 88 2
80 0 9 1
64 1 50 1
55 0 26 2
24 0 23 2
32 0 23 1
94 0 29 2
63 0 73 2
40 2 90 1
54 0 82 1
31 0 33 2
21 0 59 2
35 1 65 1
11 0 61 1
49 0 37 2
96 0 73 1
73 0 90 0
28 0 33 2
43 0 45 2
96 0 60 1
64 0 6 2
13 2 20 2
87 1 1 1
73 2 14 1
58 0 2 1
62 0 40 1
74 0 5 1
46 1 45 2
24 0 81 1
92 0 85 1
2 0 18 1
74 0 95 1
70 0 77 1
89 0 96 2
96 0 1 0
69 0 94 1
26 1 5 2
39 0 63 1
28 2 4 2
63 2 49 1
96 0 15 1
61 0 51 2
55 0 97 2
44 0 88 1
51 0 67 1
87 0 11 2
15 0 26 2
64 2 39 2
17 0 38 1
34 0 26 2
3 0 59 1
9 0 69 1
81 1 96 1
14 0 71 1
27 0 82 2
92 2 16 1
67 0 100 2
76 2 98 1
87 0 53 1
75 1 11 2
17 0 44 2
91 0 100 1
98 2 7 2
24 0 90 1
22 2 87 1
23 2 33 1
17 0 26 1
77 0 23 1
49 2 24 1
54 0 32 1
34 2 42 2
31 2 92 2
37 0 10 1
76 0 53 2
34 1 48 2
100 0 56 1
28 0 18 0
99 2 41 1
73 0 72 2
79 2 27 1
96 0 10 1
47 0 24 0
59 1 16 2
14 0 97 1
28 2 61 2
80 0 97 2
4 0 75 2
7 0 29 1
19 0 50 2
96 0 1 2
73 0 68 2
42 0 79 1
11 0 45 1
67 0 51 1
45 0 13 2
43 0 32 1
43 0 56 1
64 0 67 2
76 0 32 2
50 2 87 2
40 0 30 0
55 1 76 2
99 1 80 1
86 0 28 1
2 0 74 1
34 0 1 2
88 0 54 2
12 2 3 1
98 0 58 0
23 0 79 0
59 0 22 2
84 1 9 2
11 0 56 1
69 0 38 2
92 0 91 2
79 0 40 1
85 0 39 1
53 2 4 1
88 0 8 2
5 0 88 1
91 0 65 1
36 0 4 0
99 0 15 2
48 0 76 1
16 0 3 2
37 0 77 2
24 0 80 2
20 0 94 1
83 0 64 1
6 0 32 1
44 0 82 1
51 0 18 0
48 0 36 1
15 0 28 2
15 1 79 1
85 0 44 2
63 0 28 1
33 0 42 1
68 0 77 2
79 0 72 2
87 0 26 1
77 2 43 2
58 0 62 2
16 2 58 1
61 0 90 1
21 2 52 2
5 0 53 2
50 1 62 1
79 0 98 1
78 0 19 2
3 1 58 2
92 0 61 1
90 0 37 2
47 0 81 1
49 0 65 2
62 2 47 1
98 1 48 1
71 1 47 1
85 1 17 1
75 0 16 2
5 2 76 1
22 0 98 2
87 0 61 1
33 0 3 0
61 0 22 1
48 0 53 1
19 2 54 2
61 1 76 1
67 1 25 2
41 0 38 0
29 0 65 2
39 1 90 1
81 0 100 2
97 0 45 0
100 0 94 0
45 2 57 2
32 0 86 0
69 0 9 2
53 2 44 2
97 1 79 2
96 0 77 1
42 0 77 1
27 0 80 1
34 0 53 2
86 0 57 2
99 0 67 1
56 2 5 1
61 1 98 1
10 0 99 1
90 0 64 1
30 0 11 2
39 1 62 1
46 0 78 0
14 0 21 2
81 2 1 1
16 0 22 1
57 0 99 1
2 1 54 2
36 0 55 1
19 1 6 2
40 0 17 0
70 0 95 1
84 1 8 2
62 0 34 1
91 0 32 1
91 2 87 2
40 0 39 0
76 0 31 2
3 2 22 1
80 0 21 1
1 0 84 1
31 1 70 1
85 2 11 1
33 0 87 0
83 0 33 2
83 0 85 1
32 0 1 2
31 0 44 2
70 0 77 1
26 2 79 2
71 0 1 1
80 0 51 2
45 2 80 2
46 2 94 1
60 0 10 2
100 2 70 1
13 1 66 1
82 1 70 1
94 1 25 1
34 2 64 1
29 0 65 0
33 2 52 1
94 0 54 1
51 2 80 2
85 2 95 1
28 0 23 2
24 0 66 1
47 0 27 2
11 0 67 1
78 0 2 2
97 0 63 1
23 1 85 1
49 0 8 1
24 0 85 1
89 0 94 2
63 0 24 2
3 2 72 1
65 0 2 1
86 0 34 1
72 0 82 1
39 0 85 1
57 2 62 2
93 0 82 1
90 0 94 1
100 2 6 2
8 0 31 1
44 0 46 1
74 0 49 1
27 0 79 2
84 1 37 2
97 0 40 2
60 1 16 1
69 0 29 1
98 0 30 2
98 0 4 0
53 2 23 1
37 0 28 1
18 0 65 2
18 0 58 2
31 1 70 2
1 0 71 1
35 1 3 2
10 0 38 2
16 0 96 1
69 0 23 2
63 0 29 2
32 2 22 1
27 0 94 1
14 0 73 2
8 0 4 2
62 0 31 2
43 0 94 1
36 2 22 1
80 2 22 2
53 1 92 1
97 2 89 2
11 0 20 1
57 0 76 1
42 0 71 1
92 0 46 2
13 2 81 2
28 0 19 1
33 2 82 1
2 1 74 1
64 1 17 1
60 2 48 1
99 0 19 2
77 2 28 2
65 0 48 1
42 0 72 2
37 0 57 2
60 0 47 1
45 0 82 2
89 0 67 1
71 1 86 1
32 0 59 1
82 0 19 2
87 1 65 1
32 0 51 1
60 2 18 1
10 0 73 0
38 1 45 1
1 0 13 1
49 2 94 1
33 0 82 1
4 0 49 2
55 0 98 2
54 0 36 1
55 2 63 1
40 2 37 2
96 2 73 1
43 0 5 2
17 0 58 0
60 0 95 2
67 0 92 1
18 0 16 1
58 0 57 1
60 0 98 2
37 2 75 2
55 0 14 1
10 2 58 1
74 0 4 2
90 0 5 2
12 0 73 2
14 0 28 1
34 2 44 1
91 0 32 2
59 1 70 1
99 2 7 1
18 0 87 2
74 0 97 1
41 2 2 1
45 0 69 0
65 0 99 2
92 2 30 1
7 0 9 2
43 0 3 2
28 0 96 0
26 2 25 2
44 0 32 2
94 2 21 1
37 0 89 2
53 2 6 1
31 0 9 0
78 0 76 1
36 1 79 1
15 0 86 1
69 0 97 2
24 0 91 1
15 0 65 2
31 0 46 2
1 0 77 1
69 1 78 1
76 0 99 2
84 0 30 1
3 0 49 1
89 0 83 1
10 0 40 2
86 0 12 2
7 0 48 2
85 0 47 2
81 0 99 1
99 2 41 1
87 0 97 2
87 0 59 1
65 0 36 1
17 0 59 2
16 0 8 1
93 0 41 2
11 0 91 2
39 0 26 1
91 0 88 2
12 2 9 2
70 0 44 2
20 0 37 0
38 1 20 1
42 0 47 1
99 1 5 1
70 0 40 1
28 1 96 2
29 0 10 0
3 0 19 1
45 0 93 0
19 2 85 2
96 0 52 1
40 1 68 2
45 0 20 2
73 0 41 2
24 2 89 2
52 0 58 1
20 0 29 2
21 0 20 2
82 2 84 1
71 0 77 1
41 0 1 2
30 0 55 1
64 2 63 2
42 0 33 1
27 0 49 1
49 0 16 1
7 0 12 2
66 0 12 1
72 0 8 1
82 2 7 1
99 1 58 1
9 0 34 2
60 1 5 1
30 0 57 1
40 0 11 0
66 2 60 2
49 0 76 1
41 1 89 1
98 0 59 2
21 2 45 1
2 0 44 1
65 0 44 2
34 2 53 1
99 0 9 0
7 2 1 1
36 0 77 2
53 0 17 2
64 2 23 2
25 0 79 1
34 0 36 2
90 0 30 2
18 1 17 1
44 2 12 2
22 0 56 2
49 2 42 1
82 1 5 2
64 0 7 1
11 1 16 2
87 0 60 2
6 0 19 2
46 2 14 1
59 0 87 1
100 1 97 1
80 0 59 2
23 0 100 2
21 1 43 2
16 0 83 2
31 0 25 2
100 0 82 1
45 2 89 1
79 0 84 1
59 0 23 2
67 0 85 2
81 1 22 2
33 0 17 2
15 0 46 2
55 2 49 2
5 0 73 1
86 0 30 1
70 2 1 1
82 2 29 1
86 0 18 2
34 0 64 2
50 0 85 2
54 0 42 2
89 0 34 2
24 2 47 1
13 2 30 2
38 0 22 1
66 0 72 1
37 1 50 1
39 0 91 2
65 0 28 1
1 0 11 1
62 0 97 1
7 1 47 2
92 2 90 2
42 0 41 1
80 0 53 2
79 1 58 1
34 0 58 0
44 0 91 2
23 0 38 1
98 0 60 0
48 0 62 2
11 0 15 1
59 1 52 1
73 0 66 2
28 0 39 1
2 0 3 2
46 0 39 0
7 0 56 2
89 0 58 1
24 0 33 1
80 2 48 1
51 1 9 1
33 0 14 2
11 0 18 1
49 0 1 2
1 0 31 1
17 0 97 1
90 0 8 2
78 0 100 1
12 0 46 2
16 2 69 2
91 0 42 1
49 0 8 2
28 2 25 1
27 0 81 1
61 0 77 1
60 0 45 2
85 0 67 2
25 0 60 1
23 2 75 1
83 1 93 1
83 0 56 2
63 0 100 2
98 0 63 1
31 0 2 0
99 1 11 1
79 0 24 0
10 1 52 1
76 0 35 1
68 2 43 1
7 0 80 2
32 2 36 1
21 1 68 2
35 1 72 2
100 2 5 2
63 0 31 2
29 2 30 1
21 1 81 2
43 0 55 1
27 0 74 1
56 1 8 1
46 2 69 2
6 0 94 1
43 0 68 1
89 2 58 1
51 0 88 1
13 0 37 0
24 0 65 1
40 0 12 1
48 0 82 2
67 0 85 1
62 0 26 1
24 0 75 2
49 0 70 2
18 0 81 2
75 0 93 1
48 0 80 2
91 0 25 0
77 2 40 2
60 0 49 2
19 0 40 1
9 2 15 2
32 0 58 2
76 0 2 2
76 2 96 2
95 2 15 1
55 0 46 2
53 0 85 2
6 0 8 1
30 0 85 2
46 0 57 0
38 0 60 1
37 2 91 1
56 0 13 1
5 0 2 2
38 0 94 1
49 0 26 1
56 0 7 1
51 0 13 1
50 1 78 2
73 0 70 1
93 2 54 1
51 0 31 0
89 0 39 2
94 0 53 2
99 1 4 2
47 0 13 1
78 0 68 2
57 0 98 2
51 0 72 1
65 0 83 1
67 0 1 1
79 0 9 1
10 1 18 2
13 0 48 2
46 2 23 2
8 2 13 1
96 0 40 1
74 0 4 1
29 2 78 0
44 1 20 2
12 1 25 2
58 0 79 2
54 0 13 1
44 0 46 1
93 1 25 2
62 2 79 1
47 0 38 1
59 2 85 1
69 0 71 1
78 0 62 2
16 2 69 2
37 0 9 1
72 2 96 2
25 0 8 1
39 0 18 1
58 0 66 2
55 2 79 2
100 2 8 2
32 0 56 2
100 0 46 2
39 0 13 1
17 2 48 1
36 2 45 1
2 2 73 2
46 0 81 0
13 2 21 1
23 0 51 2
30 0 18 2
34 1 14 2
70 0 34 1
27 0 65 2
69 0 23 1
81 2 70 1
53 1 78 1
43 0 57 2
99 0 33 2
9 0 97 2
87 0 85 1
1 2 89 1
88 1 49 2
74 0 83 2
84 0 21 0
96 0 33 2
80 0 94 2
57 0 100 1
28 0 42 0
75 0 82 2
87 2 79 2
10 0 14 0
36 0 43 1
20 0 53 2
23 0 67 1
17 1 42 1
96 0 31 1
17 2 24 2
87 0 67 2
17 0 94 2
93 0 33 2
8 0 36 1
34 0 96 1
97 0 96 2
3 0 86 1
12 0 66 0
69 0 94 1
95 1 22 1
85 2 54 1
26 0 76 0
22 2 4 2
94 2 59 1
1 0 4 2
13 0 54 2
15 0 97 1
92 0 4 1
49 0 11 0
60 0 90 1
54 0 60 2
20 0 28 2
93 1 58 2
7 0 56 1
43 0 15 1
100 0 35 2
74 0 64 2
58 0 99 1
23 0 82 2
94 0 42 0
14 0 23 2
40 2 44 1
45 1 69 1
86 0 32 1
5 2 22 2
65 0 62 2
20 0 85 1
70 0 11 1
67 1 22 2
93 0 88 2
81 2 92 2
85 2 68 1
65 0 21 1
26 0 60 2
42 0 64 1
13 0 83 0
29 0 96 2
11 2 50 2
68 0 70 2
47 1 54 1
56 0 24 2
25 0 13 2
9 2 47 2
55 0 95 1
91 1 73 1
65 0 5 1
20 0 56 1
46 2 98 2
53 0 64 2
35 2 12 2
56 0 23 2
1 0 77 1
11 0 61 1
21 0 65 0
42 0 79 1
26 2 38 1
38 0 26 2
63 1 58 2
16 0 81 1
53 2 11 1
61 0 2 0
48 0 33 1
52 0 69 0
62 0 13 2
55 2 6 2
10 2 7 1
14 0 20 1
86 0 81 1
83 1 75 1
27 0 40 2
13 0 38 2
39 0 76 2
3 1 95 1
26 2 71 2
27 0 70 2
32 0 65 2
84 2 68 2
78 0 2 1
97 0 100 2
89 0 78 0
89 0 5 2
80 1 42 1
97 2 78 2
42 0 25 2
59 2 36 2
20 1 42 1
79 2 47 1
73 0 71 2
73 0 82 2
28 2 83 1
85 2 68 1
64 0 6 1
89 0 20 1
43 0 55 1
55 0 2 0
60 0 34 1
64 2 78 2
2 2 86 2
12 1 31 1
91 0 76 2
9 0 68 0
10 1 54 2
44 0 38 1
29 2 26 1
94 2 20 2
86 0 34 1
50 0 13 1
70 0 92 0
78 0 98 1
58 0 16 1
84 2 28 2
45 0 81 2
21 0 55 1
16 0 32 2
28 2 57 2
41 0 21 1
53 2 10 2
15 0 20 2
12 0 16 0
17 0 33 2
14 0 7 2
56 2 7 2
68 0 83 2
50 2 11 1
72 0 33 2
4 0 86 2
41 0 95 2
93 0 22 1
79 0 64 1
90 0 10 2
87 0 46 1
10 0 51 1
28 0 91 2
24 0 79 1
63 0 93 0
91 0 45 1
62 0 34 1
75 0 67 1
3 0 85 1
58 0 38 2
65 0 60 2
9 0 32 1
79 0 44 1
99 0 54 2
93 0 31 1
3 1 72 1
47 0 36 1
46 0 70 1
40 2 83 1
26 0 32 0
84 1 15 2
7 2 69 2
13 0 93 1
21 1 40 2
95 1 6 1
89 0 74 2
26 0 8 0
38 1 11 2
81 0 55 1
74 0 28 1
72 0 15 2
51 0 89 2
65 0 62 2
27 0 44 1
57 0 98 1
74 0 84 1
84 2 54 2
59 2 16 1
67 2 80 1
62 0 95 2
18 1 92 2
90 0 92 2
94 0 56 1
16 0 44 2
61 1 43 1
33 0 68 1
55 2 43 2
86 0 93 2
82 0 53 2
76 0 74 2
60 1 58 1
6 0 27 0
27 2 17 1
42 0 62 2
86 0 71 1
18 0 74 2
55 0 84 2
11 0 50 0
72 0 80 1
47 0 4 1
78 0 100 1
59 0 66 0
51 1 76 1
90 0 97 1
34 2 73 1
91 0 88 1
81 1 2 1
5 0 15 1
18 0 5 1
62 2 39 1
84 2 19 2
31 2 92 1
24 0 8 1
84 1 22 1
94 1 98 1
42 0 35 1
15 0 35 2
4 2 27 2
87 2 11 1
33 2 41 1
42 0 5 2
35 2 2 2
85 0 82 2
10 0 2 2
73 0 90 2
52 0 68 1
55 1 50 1
53 0 71 2
86 0 93 2
71 2 66 1
86 0 19 1
48 2 16 1
67 0 77 1
87 0 79 1
88 2 81 1
59 2 37 1
26 1 62 2
24 0 40 2
6 0 41 1
59 0 35 1
43 0 8 1
41 0 55 2
15 1 14 2
1 0 15 1
35 1 4 2
17 0 16 1
97 0 49 1
65 0 23 2
72 0 10 2
68 2 52 1
76 0 66 1
47 0 50 1
12 0 27 0
69 0 22 1
84 2 34 1
47 0 11 2
49 2 81 2
34 0 51 1
72 0 8 2
32 1 41 2
67 2 50 2
67 2 64 1
47 0 52 1
72 2 52 1
58 0 46 2
51 2 20 1
33 0 12 1
99 0 65 1
5 0 11 2
39 0 38 1
59 0 42 2
93 0 57 0
78 0 1 0
2 2 91 1
25 0 3 1
50 0 38 2
61 1 40 1
32 0 57 1
6 0 82 1
76 0 69 0
33 2 7 1
88 1 81 2
68 2 60 1
40 0 87 1
48 0 71 2
71 0 39 2
18 0 81 1
45 2 60 1
56 1 67 1
78 0 49 1
83 0 100 2
25 0 5 2
45 0 95 1
85 0 77 2
72 0 61 2
93 0 44 1
27 0 41 2
33 0 51 1
79 0 35 2
34 1 11 2
76 2 58 2
91 2 9 1
18 0 54 2
59 2 44 1
78 0 94 2
60 0 95 1
59 2 94 1
30 1 27 1
36 2 24 2
52 2 74 2
32 2 15 1
27 0 79 2
51 1 8 2
13 1 2 2
58 0 16 2
95 0 43 1
75 2 73 2
11 0 56 2
85 0 3 2
73 2 48 1
26 1 68 1
94 0 56 1
23 0 25 0
10 1 30 1
77 1 23 1
88 0 54 0
29 2 8 1
55 1 22 1
38 1 48 2
79 0 58 0
40 2 1 2
19 0 59 0
40 0 67 2
60 0 33 2
32 0 75 2
28 0 65 0
21 0 70 2
39 0 85 1
95 1 6 2
92 0 85 2
91 0 82 1
13 0 4 2
31 0 65 0
89 2 14 2
94 2 16 2
46 0 41 2
55 2 14 1
22 0 73 2
30 0 6 1
52 0 69 1
48 0 17 0
11 0 72 1
67 0 68 2
9 0 40 1
40 0 23 1
6 0 31 2
8 0 49 2
63 0 82 1
66 0 36 2
95 0 62 1
62 0 91 2
14 0 61 1
73 0 97 1
46 2 67 1
52 0 37 2
11 0 56 1
84 1 65 1
97 0 84 2
39 0 95 1
7 0 96 2
19 0 33 1
81 0 82 2
80 0 89 2
67 1 17 2
11 0 31 2
14 0 75 2
79 2 24 2
89 0 47 2
85 0 77 1
54 0 16 1
1 0 45 1
35 0 98 0
36 0 84 2
25 0 29 1
37 0 27 2
9 2 10 1
32 1 24 1
42 0 4 1
70 0 51 2
5 0 44 1
1 0 76 2
77 0 98 1
45 1 47 1
53 2 74 1
10 2 87 2
59 0 33 1
32 0 42 0
15 0 88 2
12 0 82 2
66 0 38 2
64 2 67 1
16 0 81 1
69 0 11 1
45 1 60 1
5 0 91 2
4 0 85 1
61 2 72 2
40 0 22 1
9 0 35 1
22 0 2 2
52 0 89 0
28 2 92 1
97 0 24 1
94 1 27 2
88 0 51 2
91 0 9 2
41 1 75 1
18 2 7 2
38 0 50 0
68 0 74 2
30 0 3 2
64 1 25 2
8 1 48 1
94 0 88 1
21 2 27 1
87 0 8 1
10 0 45 0
64 0 76 2
99 0 47 0
98 1 54 1
23 0 94 0
94 0 74 2
53 0 98 0
82 0 26 0
82 1 39 2
25 0 96 1
1 0 50 2
15 2 27 2
52 0 28 1
84 0 10 1
83 0 89 2
14 0 47 1
99 0 14 0
50 0 55 1
65 0 71 2
79 0 84 2
33 0 99 2
23 0 9 2
100 1 78 1
14 0 68 2
12 0 18 0
25 0 87 2
62 0 33 2
51 2 90 0
11 0 91 1
46 2 89 1
3 0 55 2
11 0 69 2
37 1 78 1
58 0 21 1
50 2 17 2
58 0 74 1
28 0 23 1
80 2 54 1
13 2 69 1
20 0 95 2
19 1 4 1
71 0 97 1
59 1 55 1
80 0 3 1
97 2 4 2
96 0 53 1
20 2 42 1
72 1 25 1
48 0 49 2
43 0 5 1
88 0 82 2
61 0 31 0
81 1 90 1
15 0 13 1
62 0 73 1
21 1 71 1
16 0 32 2
73 0 63 2
11 0 53 1
37 2 93 2
83 0 10 2
10 0 77 1
22 2 45 1
23 0 67 2
71 0 88 1
43 1 90 1
64 2 80 1
13 0 17 1
39 0 51 2
30 0 59 2
20 1 68 1
63 0 34 2
15 2 98 1
49 0 71 1
2 2 1 2
53 1 69 2
16 0 98 2
83 0 30 2
81 0 23 1
38 0 21 2
21 0 77 1
98 0 62 0
38 2 17 2
13 0 29 1
25 0 77 1
98 0 92 0
25 0 94 1
90 0 74 1
18 0 66 1
30 0 84 1
29 0 97 1
15 0 29 1
23 2 44 2
90 0 75 2
90 0 95 1
77 0 60 2
86 0 80 2
81 2 54 1
61 0 89 0
43 0 3 2
46 2 93 2
45 0 24 2
30 1 89 1
22 0 56 1
78 0 4 1
61 0 34 2
13 2 86 1
23 0 4 0
75 2 1 2
15 0 23 2
75 1 69 2
2 2 47 1
7 0 93 2
42 0 24 1
27 0 58 1
16 0 67 1
23 1 97 1
70 0 22 1
91 2 2 1
77 2 92 1
5 2 9 1
21 0 91 2
49 2 93 1
60 0 8 2
28 0 53 1
63 0 2 0
99 2 54 2
63 2 90 2
45 0 19 1
36 0 26 1
32 1 24 2
48 0 9 1
23 2 62 2
57 0 81 2
75 0 13 1
9 2 25 2
41 0 56 1
74 0 37 1
6 0 63 1
1 0 28 1
24 0 4 2
59 0 71 0
26 0 51 1
85 1 65 1
82 2 42 0
31 0 42 1
9 0 12 1
18 0 3 1
97 2 25 2
87 0 60 2
70 0 33 2
100 0 31 2
57 0 34 1
41 0 23 1
32 0 89 2
85 2 93 1
67 1 38 2
59 2 20 2
56 2 95 1
32 0 33 1
98 2 66 1
28 1 92 1
38 0 67 1
87 0 10 1
5 0 64 2
68 0 77 1
28 2 72 2
51 1 56 1
61 0 46 1
30 0 95 2
61 0 90 2
83 1 65 2
19 0 67 2
78 0 34 1
61 0 89 0
3 1 81 1
85 2 54 2
92 0 54 2
51 0 79 2
74 0 50 1
74 0 15 1
94 0 39 0
32 1 43 1
76 0 3 1
51 0 61 2
54 0 97 1
54 0 91 2
97 0 93 1
76 0 97 1
20 0 46 2
62 0 91 1
41 1 58 1
46 0 39 0
17 0 2 1
31 0 74 0
83 0 13 2
87 0 27 2
87 0 97 2
48 0 82 1
74 0 98 2
32 0 9 1
85 0 94 1
62 0 55 1
10 2 93 2
45 0 41 2
96 0 30 2
78 0 93 1
45 1 6 2
19 0 35 1
22 0 7 2
90 0 77 1
93 0 17 0
94 0 8 2
12 0 46 2
74 0 2 1
90 0 29 1
67 2 26 2
75 0 77 1
43 0 28 1
72 0 11 1
10 2 75 2
48 2 79 2
72 0 66 1
25 0 10 1
28 1 27 1
94 1 78 1
8 1 78 2
4 0 92 1
94 0 23 1
59 2 66 2
53 0 41 0
7 0 31 1
3 1 74 1
60 2 66 1
61 2 79 1
97 0 84 2
74 2 58 1
45 0 38 2
41 0 25 1
62 0 92 0
14 0 3 1
15 0 75 1
95 0 45 2
11 0 62 1
51 2 37 2
74 0 93 1
37 0 38 2
81 2 76 1
88 2 19 2
73 0 19 2
92 0 59 2
92 0 73 2
5 0 47 0
96 0 75 1
44 0 93 2
91 2 93 2
60 0 14 0
29 2 45 1
65 0 66 2
66 0 94 2
4 2 92 2
3 0 16 1
95 0 39 0
65 0 100 1
67 2 33 1
74 2 65 1
76 0 35 2
7 0 77 1
8 2 48 2
8 0 97 2
7 0 83 1
56 0 17 2
31 2 79 1
12 0 65 2
38 0 73 2
95 2 19 1
97 0 54 0
37 0 97 2
6 0 64 2
10 0 32 2
30 0 41 2
91 0 68 1
77 0 1 0
16 0 3 2
23 1 21 1
68 0 55 1
80 2 68 1
56 0 99 0
11 0 68 1
83 1 2 1
93 0 53 1
41 2 81 1
61 0 5 2
95 0 28 2
10 2 22 1
42 0 11 2
42 0 16 1
17 0 14 1
66 2 68 1
88 0 76 2
64 0 3 0
75 0 81 2
33 0 10 1
85 0 21 2
17 0 83 1
90 0 49 1
15 0 35 2
51 2 22 1
28 0 67 2
46 2 43 2
72 0 51 1
42 0 69 1
62 0 52 1
71 0 99 2
42 0 21 2
62 0 52 2
52 0 56 2
58 0 39 1
9 0 60 1
38 1 92 1
69 0 39 1
91 0 82 1
3 0 53 1
43 0 81 1
11 0 74 2
66 1 24 2
93 0 11 2
78 0 67 1
59 2 18 1
32 0 11 2
58 0 51 1
68 0 74 1
34 0 74 2
55 2 13 1
1 0 87 1
26 0 11 1
37 0 95 2
61 0 51 2
37 0 88 2
11 0 20 1
51 1 4 1
100 2 55 1
20 1 58 2
22 0 40 2
71 2 99 1
43 0 52 2
62 0 46 1
99 0 91 2
60 0 54 1
93 0 44 2
18 0 76 2
48 0 61 2
74 1 79 1
86 0 15 1
57 0 32 1
74 0 89 1
48 1 89 2
5 2 87 2
23 1 42 1
39 0 66 2
54 0 78 2
8 1 57 2
15 0 33 1
54 0 59 2
39 2 69 1
14 0 38 1
39 0 67 2
54 0 62 2
2 2 39 2
63 0 55 0
79 0 20 1
44 0 89 1
87 0 48 1
16 0 64 2
10 0 14 2
47 0 4 2
21 0 75 2
48 0 30 2
39 0 51 2
84 0 35 1
11 0 10 1
67 2 51 1
97 0 80 1
77 0 66 0
41 0 88 1
6 2 69 1
51 1 46 1
69 0 28 1
40 0 60 2
73 0 94 2
76 2 14 2
44 0 13 2
45 0 31 1
17 0 2 2
38 2 81 1
42 0 44 2
48 0 11 2
33 1 76 2
13 0 27 1
58 0 73 1
89 0 98 1
6 0 61 2
23 1 31 2
43 0 84 1
19 0 35 1
30 0 12 2
67 2 34 1
14 0 21 2
51 2 83 2
10 0 36 2
28 1 85 1
85 0 100 1
6 2 79 2
88 2 11 1
53 0 8 2
17 0 41 1
42 0 11 1
17 0 41 2
42 0 15 1
74 0 97 1
28 1 16 2
70 1 47 1
44 2 86 2
35 2 94 1
33 1 91 2
85 0 66 0
77 1 28 1
2 2 80 1
74 0 94 2
32 1 98 2
14 0 66 1
74 2 7 1
21 2 45 2
18 0 9 1
63 2 49 2
27 0 28 1
92 0 98 1
10 2 7 2
20 0 71 0
67 1 87 1
98 0 80 2
60 0 19 2
41 0 53 2
81 0 28 1
2 2 14 1
49 2 86 1
25 0 22 1
89 0 94 1
70 0 64 2
49 0 55 2
17 0 18 2
39 0 14 0
8 0 62 2
5 0 55 2
19 1 60 2
26 0 70 0
70 0 89 2
79 0 76 2
28 0 90 0
64 0 82 0
52 0 39 0
18 0 84 2
81 0 24 0
87 2 89 2
90 0 74 2
88 0 11 1
61 0 34 2
85 2 89 1
22 0 64 2
36 0 35 2
9 1 4 1
17 0 50 1
47 0 23 2
27 0 53 2
11 0 63 1
34 0 90 2
1 0 30 2
87 0 46 1
22 0 1 1
2 0 44 2
37 0 33 2
30 0 73 1
78 0 100 2
69 0 45 2
32 0 46 2
85 0 8 2
26 0 60 0
47 0 52 2
89 0 97 2
92 0 77 1
89 0 29 1
8 0 76 0
8 1 48 2
15 1 92 2
79 0 13 2
7 2 58 1
64 2 91 1
15 0 46 2
45 0 35 2
92 0 37 2
6 0 19 2
37 0 5 0
92 0 74 2
51 0 8 0
43 1 24 1
62 0 13 1
22 0 89 1
45 2 76 2
40 2 70 1
15 0 94 2
55 0 100 2
88 1 7 2
56 0 17 2
55 0 93 1
74 0 15 2
78 0 80 2
61 0 21 1
92 2 17 1
19 0 13 0
83 0 31 1
85 2 58 2
88 2 75 2
3 0 23 2
36 0 89 2
20 1 37 2
87 0 66 2
52 0 60 1
36 0 37 0
21 0 48 0
51 1 64 1
33 2 48 1
24 0 28 2
8 1 87 2
65 0 35 2
93 0 64 2
13 2 1 2
50 1 17 2
19 0 53 2
66 0 61 2
91 1 57 1
31 0 56 2
89 0 84 1
62 0 45 1
71 1 74 2
5 0 6 2
49 0 74 2
71 0 76 1
59 0 46 1
76 0 96 1
34 0 9 0
36 0 68 2
96 0 85 1
55 0 15 0
19 2 42 2
5 0 29 1
72 0 51 2
31 2 40 1
88 0 18 1
37 0 38 2
85 0 8 2
1 0 11 1
12 0 50 2
36 1 16 2
78 0 50 2
24 0 98 1
30 0 27 2
53 1 33 2
31 2 71 2
30 0 21 1
70 0 25 1
75 0 31 2
45 0 44 2
4 0 83 1
97 0 2 0
52 0 64 1
4 0 73 1
22 0 99 2
55 0 7 2
30 0 23 1
34 0 97 0
5 0 91 2
97 0 27 2
92 0 23 1
84 1 81 1
24 0 34 1
8 0 68 1
84 1 74 2
17 0 4 2
29 2 36 2
29 1 57 1
99 0 78 1
81 0 48 2
61 1 75 1
77 0 100 2
7 0 97 1
35 0 84 1
13 0 31 2
27 0 39 2
10 0 40 2
70 0 45 2
86 0 38 1
4 0 26 2
88 0 37 2
68 0 41 1
80 0 41 1
24 0 23 2
28 0 13 1
43 0 51 2
35 1 74 1
99 0 68 1
65 2 73 1
7 0 31 2
12 2 38 1
100 2 95 2
68 0 100 2
16 0 86 1
49 0 51 2
51 1 38 2
67 0 69 0
79 0 59 1
40 0 7 2
70 1 18 1
10 0 97 1
63 0 62 1
14 1 90 1
41 1 20 1
48 0 68 2
52 0 68 1
23 0 88 2
47 0 94 2
29 2 51 1
39 0 92 0
77 0 46 2
82 0 94 0
19 1 73 1
17 0 68 1
20 2 45 2
71 2 41 1
17 0 70 1
41 0 19 1
42 0 34 1
8 0 21 2
8 0 22 0
58 0 73 1
11 0 8 1
50 0 51 2
5 2 80 1
67 0 30 1
73 1 65 1
5 1 27 1
76 1 72 2
21 0 26 1
85 0 37 0
59 1 89 2
94 1 91 2
49 0 64 2
56 0 62 1
33 0 92 0
60 0 52 2
69 0 65 2
37 1 74 2
75 0 95 1
98 0 19 2
21 1 98 1
33 0 86 0
14 0 57 1
87 1 47 1
64 2 52 1
12 1 6 2
24 0 84 2
21 2 22 2
24 0 41 1
22 0 95 1
21 2 11 1
86 0 15 1
16 0 41 1
6 0 98 2
95 2 91 1
54 0 48 2
1 0 13 2
6 0 60 2
88 0 77 2
64 0 66 0
92 0 72 2
99 0 21 2
54 0 65 2
21 0 62 1
81 0 3 2
99 0 21 2
62 0 90 2
27 0 83 1
11 2 69 2
74 0 51 2
35 0 30 2
45 0 85 1
80 2 42 1
85 0 51 1
77 2 90 0
78 0 51 1
74 0 35 2
19 0 62 1
74 0 60 2
22 0 42 1
58 0 34 1
28 0 21 2
19 0 67 2
75 0 77 2
38 1 66 1
87 0 90 1
11 0 8 2
93 0 30 0
53 1 50 1
12 0 94 2
84 0 51 2
28 2 37 2
44 0 100 1
87 0 76 1
5 1 96 2
14 0 56 1
49 0 28 2
86 0 81 2
57 0 72 2
14 0 55 2
9 2 30 2
40 0 2 0
48 1 7 1
77 1 58 1
25 0 40 2
16 0 63 1
45 0 84 2
73 0 85 1
49 0 8 1
25 0 56 1
13 0 15 0
2 0 25 2
25 0 67 1
86 0 11 1
34 1 98 2
4 0 84 1
8 2 85 1
78 2 86 1
83 0 8 1
20 2 79 1
43 0 68 2
8 0 55 2
87 0 3 1
21 0 46 1
48 2 43 2
48 2 4 1
38 2 81 1
33 2 84 1
18 1 65 1
2 0 87 1
18 2 68 1
29 0 10 0
76 0 40 1
57 0 49 1
95 0 26 2
73 0 53 1
41 0 26 2
89 0 83 1
7 0 81 2
54 0 55 1
65 0 87 1
64 0 34 2
41 0 32 2
8 0 64 1
99 2 17 2
20 0 38 1
73 1 79 2
12 0 97 1
16 2 30 1
75 0 100 1
94 0 51 2
86 0 98 1
19 2 92 2
70 0 59 2
68 0 2 1
33 2 92 1
66 0 79 0
53 0 34 0
62 0 34 2
84 0 6 2
30 0 74 2
27 0 4 1
11 0 73 2
99 0 98 1
8 0 28 2
84 1 71 1
90 0 55 2
97 2 94 2
20 2 89 2
44 2 78 2
24 0 29 1
20 1 57 1
7 0 3 1
95 0 64 2
38 0 31 1
8 0 60 0
43 0 20 2
86 0 100 1
67 0 95 1
42 0 25 2
23 0 57 2
76 1 87 1
23 0 43 0
32 2 3 1
91 2 54 2
35 2 2 2
30 0 32 2
88 1 95 1
16 2 73 1
78 0 75 1
73 0 13 2
41 1 31 1
27 0 3 2
81 0 60 0
90 0 64 1
48 0 99 1
14 0 71 1
3 2 66 1
56 1 81 1
88 0 59 0
48 0 88 1
63 2 98 1
12 0 55 2
23 0 19 2
55 0 69 1
34 0 41 0
67 0 3 0
64 1 36 2
31 0 46 1
59 0 77 2
45 1 24 1
2 0 56 2
55 1 7 2
70 0 3 1
67 0 58 2
13 0 80 0
86 0 38 1
70 0 44 2
53 0 14 2
49 2 48 1
94 0 27 1
100 0 3 2
59 0 97 2
67 0 64 2
83 1 92 1
47 0 6 2
65 0 91 1
77 0 27 0
72 1 54 1
9 1 83 1
63 0 64 2
26 0 77 1
63 0 41 1
71 2 78 1
38 0 19 1
14 0 56 1
90 0 9 1
63 2 38 1
84 0 35 1
75 1 57 2
43 0 13 2
59 0 55 2
71 2 90 1
75 0 50 2
45 0 71 1
23 2 63 2
33 0 87 1
99 0 50 0
30 0 37 1
21 2 3 2
98 0 29 1
59 1 62 1
11 0 47 0
23 2 33 1
30 0 21 2
16 0 65 2
11 1 17 1
74 0 10 2
95 0 1 2
62 0 15 2
96 0 49 2
51 0 76 2
6 0 94 1
81 0 100 1
77 2 85 1
46 0 27 2
76 0 49 1
67 0 33 1
39 0 61 1
57 0 31 1
22 0 35 1
92 0 31 2
3 2 95 2
48 0 3 1
73 0 12 1
35 0 47 0
65 0 73 1
57 0 69 0
60 2 42 1
51 2 29 1
6 0 69 2
27 0 44 1
37 0 32 2
25 0 94 1
57 0 21 2
40 0 15 1
77 0 27 0
14 0 37 2
90 0 7 2
59 0 33 2
78 0 28 1
39 0 75 1
27 0 43 1
83 0 82 1
37 1 90 1
78 0 65 1
67 0 72 0
62 0 55 2
28 0 69 1
8 2 7 1
39 1 78 1
77 1 64 1
87 0 75 2
67 0 1 2
13 1 48 1
87 0 66 2
99 0 21 1
32 1 54 2
5 2 96 2
86 0 36 1
40 0 99 2
2 0 81 2
61 0 26 1
39 0 34 2
92 0 18 2
8 2 91 1
24 0 45 2
14 0 55 2
50 0 30 2
97 2 54 2
82 0 75 2
66 0 62 1
59 2 96 2
28 0 55 0
13 0 46 2
8 0 4 0
12 0 35 1
3 0 68 2
37 0 29 1
64 2 24 1
20 0 14 2
93 0 99 2
81 0 98 1
76 0 15 0
84 0 14 0
47 0 84 2
17 2 58 1
41 1 15 2
37 0 66 2
31 0 23 2
67 0 26 0
99 2 48 1
80 1 57 1
12 0 86 1
87 0 70 1
28 2 15 2
63 0 41 0
65 0 23 1
62 0 93 1
30 2 39 1
95 0 26 1
20 0 1 2
19 0 100 2
100 0 14 0
28 2 20 2
14 0 95 1
74 0 5 2
86 0 98 1
80 0 25 1
2 0 16 2
57 0 18 1
24 0 4 2
46 0 38 0
51 0 89 2
99 2 31 2
52 0 21 1
14 0 73 2
60 0 99 1
22 0 27 0
88 1 9 2
9 0 31 1
95 0 77 1
6 1 90 1
45 0 13 1
40 0 46 2
86 0 64 1
82 0 24 2
88 2 8 2
88 2 59 2
18 0 38 2
72 1 58 1
22 0 12 2
78 0 37 1
63 2 86 1
23 0 99 1
68 0 38 1
16 0 97 2
27 0 87 1
90 0 60 1
36 0 17 2
32 2 52 2
43 0 100 2
100 0 57 2
7 0 64 2
30 0 1 1
18 0 35 1
50 0 12 1
73 0 36 2
56 0 84 2
77 0 64 2
25 0 16 2
93 0 29 2
28 2 97 1
26 1 62 2
18 0 8 2
14 0 90 2
51 1 46 1
29 0 6 2
36 0 9 2
50 0 87 0
67 2 37 1
100 2 18 1
76 0 36 2
37 2 1 2
22 0 49 2
77 0 43 2
73 0 45 2
56 0 60 1
30 2 89 2
49 2 17 2
66 2 55 1
2 1 48 1
26 2 57 1
10 0 79 1
52 0 35 1
63 1 16 1
2 0 34 2
93 0 3 1
52 0 63 1
64 0 57 1
87 0 68 2
91 0 23 1
78 0 21 1
38 0 44 2
9 0 89 2
53 0 29 1
79 0 38 1
78 0 13 2
93 2 27 1
61 0 100 1
91 2 76 2
50 0 62 0
40 0 64 1
9 2 10 1
77 1 74 2
67 2 75 2
50 0 93 2
27 0 61 2
87 0 48 1
6 0 64 2
49 0 85 1
42 0 33 1
96 0 23 2
92 0 93 1
72 0 50 2
37 2 93 2
19 1 96 1
85 0 56 1
36 0 83 1
61 0 64 2
69 0 89 0
4 0 93 1
77 0 29 1
83 0 9 2
21 0 94 2
67 0 99 2
53 2 37 1
20 2 87 2
16 0 9 1
96 0 29 1
58 0 45 2
2 2 48 1
62 0 94 2
43 2 39 2
82 1 60 2
17 2 79 1
95 2 25 1
40 1 37 2
41 2 31 2
96 0 68 2
66 0 71 2
3 0 82 1
90 0 76 1
70 0 35 1
15 1 27 1
64 0 12 0
59 2 44 1
42 0 84 1
33 2 44 2
23 0 63 1
20 0 65 0
17 0 13 1
94 0 53 1
62 0 63 1
20 0 88 1
53 2 93 2
9 0 28 1
71 0 37 0
40 2 58 1
26 2 67 1
8 1 11 1
64 0 95 0
45 1 7 1
70 2 36 1
83 2 6 2
4 0 73 1
46 1 70 2
35 0 84 1
42 0 31 2
51 1 9 1
1 0 64 1
63 1 87 2
20 0 87 1
53 0 1 1
11 1 62 1
24 0 52 2
59 2 38 2
34 1 26 1
55 2 71 2
72 0 12 2
100 1 72 1
73 0 49 2
76 0 38 1
98 0 70 1
88 2 54 2
87 0 12 2
98 0 83 2
90 0 42 1
63 0 46 1
45 0 81 1
92 0 61 1
98 0 56 2
35 2 71 1
53 2 14 0
18 0 94 1
49 1 89 1
17 0 28 2
60 0 59 1
27 0 81 1
33 2 54 2
97 0 81 2
45 0 49 1
12 1 2 2
47 0 92 1
11 0 74 0
97 0 26 2
9 2 47 1
5 0 88 1
81 0 94 1
1 0 13 2
12 1 37 1
63 0 46 1
8 0 56 1
1 0 40 1
91 1 22 1
80 0 98 2
12 0 99 2
53 0 19 2
44 0 6 1
5 0 81 1
12 0 96 2
29 2 53 2
53 1 96 1
21 0 60 0
41 0 35 2
51 2 26 2
95 0 88 2
45 0 56 2
53 2 51 1
66 0 38 1
16 0 80 2
48 0 97 2
82 1 47 2
85 0 38 1
16 0 31 1
79 0 88 2
71 0 19 2
29 2 48 1
59 0 40 2
4 1 87 2
47 0 96 1
92 0 7 1
3 2 90 2
33 0 55 2
19 2 9 1
31 0 91 2
75 2 72 1
1 0 40 1
66 0 26 1
57 2 65 2
85 2 15 2
28 0 31 2
93 0 31 2
92 0 48 1
76 0 67 2
44 0 100 1
2 2 10 1
91 0 49 1
66 2 12 1
14 0 16 1
90 0 30 2
15 0 11 2
85 2 91 2
27 0 61 1
85 2 80 1
8 1 96 2
17 0 50 1
57 0 29 2
53 0 7 1
58 0 51 1
17 0 61 2
64 1 59 1
21 0 61 0
74 0 70 1
2 0 66 2
99 2 30 2
100 0 15 2
27 0 77 1
100 0 60 2
25 0 77 1
99 2 69 1
72 0 48 0
79 0 31 1
73 0 48 2
13 0 87 1
26 2 84 1
53 2 12 2
39 1 62 1
93 0 41 1
28 0 66 0
94 1 27 1
14 0 36 2
31 1 75 1
42 0 39 1
86 0 67 1
9 0 13 1
98 0 8 2
34 0 2 1
98 0 84 2
39 0 55 2
30 0 93 1
12 2 94 1
80 2 76 1
34 2 73 1
16 0 88 2
67 1 100 1
33 0 66 2
14 0 20 1
19 0 53 1
98 0 79 2
1 0 96 1
40 2 62 1
81 0 51 2
81 0 33 1
4 0 86 1
82 1 27 1
48 2 73 2
76 1 79 1
80 0 55 1
69 0 9 2
58 1 78 1
10 0 5 1
68 1 62 1
97 1 11 1
31 0 59 1
77 0 19 1
99 2 91 2
2 0 21 2
10 0 19 1
45 1 74 2
61 1 9 2
81 0 29 2
25 0 10 2
40 0 64 1
15 2 18 2
42 0 28 1
35 0 13 0
16 0 66 1
59 0 47 0
88 2 3 1
13 2 75 2
16 0 25 1
15 1 92 1
62 2 86 1
16 0 90 0
11 2 79 1
29 0 90 1
2 0 81 1
91 1 78 1
19 0 83 1
76 0 62 0
56 0 8 0
39 0 95 2
33 2 73 2
77 0 54 0
60 1 79 1
34 0 52 1
53 1 48 1
24 2 92 2
80 0 34 2
78 0 58 2
36 0 33 1
56 2 70 1
88 1 10 2
16 0 85 1
15 0 51 2
33 0 76 1
78 0 100 1
26 1 98 1
58 0 87 2
78 0 30 1
25 0 29 1
48 1 24 1
2 0 96 0
65 0 95 1
54 0 62 2
20 0 29 2
22 0 9 1
38 1 39 1
79 0 91 2
57 0 13 2
86 0 62 1
63 0 42 1
68 0 2 2
47 0 28 2
99 2 25 2
88 0 31 2
78 0 30 2
73 0 6 1
2 0 78 0
57 0 16 0
47 0 81 1
19 0 97 2
11 2 30 2
77 0 67 2
41 2 70 1
84 1 14 2
18 0 82 2
70 0 93 2
36 0 100 2
14 0 72 1
85 0 21 2
76 1 52 1
75 0 95 1
6 0 76 1
71 0 7 2
39 0 27 0
90 0 64 1
62 2 39 1
13 2 87 1
45 0 64 1
2 2 49 1
12 2 30 2
78 2 27 1
89 0 68 1
95 0 96 0
37 0 3 2
59 0 58 1
51 2 56 1
41 0 71 0
75 0 46 2
71 2 72 1
50 0 94 1
43 0 6 1
23 0 93 0
62 0 98 1
42 0 95 1
75 0 34 1
56 1 42 2
47 0 84 2
32 0 57 1
59 0 1 2
11 2 68 1
56 0 93 1
68 0 72 0
14 0 36 1
78 0 27 2
19 0 27 1
21 0 84 1
16 0 100 2
16 0 81 2
67 2 85 2
57 0 41 1
61 0 43 0
74 0 13 1
9 1 91 1
47 0 41 1
7 0 44 1
72 0 29 1
36 0 20 1
61 0 94 1
66 0 95 2
75 0 13 2
14 0 88 1
79 0 8 2
55 0 56 1
75 0 17 0
53 2 84 1
74 0 41 1
65 0 44 1
46 2 79 1
14 0 28 1
82 1 65 2
38 1 18 2
19 2 25 2
4 0 79 0
86 0 95 1
39 0 13 1
70 0 94 1
47 0 57 2
76 0 56 1
18 0 8 1
81 2 58 2
49 0 100 1
4 0 52 2
14 0 26 1
22 1 58 2
10 1 39 1
43 0 72 2
56 1 37 2
99 0 20 1
77 1 5 1
33 2 76 2
82 1 50 1
40 0 76 0
90 0 85 1
71 2 68 2
34 0 28 2
71 0 38 2
96 0 2 2
48 0 45 1
52 2 6 2
29 1 3 1
29 1 4 1
33 0 52 1
18 0 1 1
40 2 27 2
73 0 35 1
89 0 86 0
90 0 9 2
47 1 24 1
63 1 5 1
18 0 80 1
6 0 35 2
63 0 4 1
98 1 80 1
17 0 53 2
68 0 37 1
30 0 81 2
83 0 38 1
85 1 43 2
5 0 44 2
37 0 98 1
5 0 20 2
53 2 82 1
46 0 24 0
53 2 34 2
38 0 27 2
87 0 37 1
69 0 79 1
24 0 19 2
46 0 26 0
81 0 83 2
75 0 46 2
59 0 23 1
20 0 57 0
91 1 1 2
80 1 50 1
32 2 78 2
94 2 57 1
79 0 22 1
85 2 22 2
69 0 46 2
51 2 41 2
21 2 41 2
68 1 92 2
96 0 39 0
46 0 32 0
6 2 92 2
53 1 12 2
57 0 51 1
100 1 11 1
62 0 63 1
12 1 75 2
41 0 97 2
90 0 78 2
41 1 15 1
95 0 71 2
19 1 73 1
96 0 94 2
79 0 29 2
44 1 73 1
10 0 46 2
95 2 38 1
51 1 72 2
18 0 7 1
57 0 46 1
56 2 9 2
51 0 100 0
21 0 43 1
5 0 8 1
7 0 49 1
87 0 83 2
62 0 9 1
22 0 53 2
13 2 28 1
39 0 85 2
10 2 11 2
42 0 27 2
81 1 42 2
83 0 23 2
55 0 49 0
25 0 6 2
37 0 75 0
58 0 69 1
30 0 70 1
81 0 64 1
54 0 13 2
20 2 90 2
88 2 62 2
99 1 74 2
55 0 35 1
35 0 47 0
97 1 98 1
47 0 82 1
71 1 68 1
36 2 69 2
17 0 23 1
28 0 33 2
56 1 8 1
60 0 73 2
67 0 40 2
21 0 77 1
98 0 29 2
96 0 57 1
98 1 36 1
49 1 92 1
45 0 72 0
10 1 16 2
91 0 3 1
51 0 94 1
28 0 34 2
100 0 51 1
98 0 6 2
91 1 93 1
76 0 99 2
98 0 23 2
98 0 2 2
11 0 75 2
16 0 2 1
81 0 83 1
43 0 34 2
40 0 16 2
43 0 15 2
58 0 34 1
50 0 2 2
7 0 29 2
72 0 37 2
85 0 45 1
19 1 72 2
41 0 88 1
41 0 3 1
87 0 59 1
6 0 95 2
2 2 47 2
85 0 56 1
84 2 34 1
71 2 2 2
59 0 76 0
39 0 85 2
23 0 73 0
64 1 25 1
8 1 62 2
55 2 69 2
58 0 69 1
46 1 4 2
79 0 96 2
31 0 77 1
90 0 77 1
78 0 38 1
24 0 84 2
72 0 28 1
36 0 71 1
68 0 54 2
56 0 19 2
87 0 29 1
62 0 72 1
99 2 17 1
88 0 16 1
90 0 83 1
20 2 27 1
67 2 34 1
55 1 72 2
78 0 2 1
23 0 21 1
77 0 88 1
58 0 34 1
53 1 65 1
61 1 45 2
59 0 83 1
21 0 19 1
43 0 31 2
34 0 29 1
5 0 70 0
78 0 61 2
61 0 54 1
48 0 77 2
81 0 56 1
36 2 25 1
3 0 33 1
92 0 44 1
20 1 80 1
50 1 47 2
40 0 19 1
44 0 81 1
90 0 60 1
39 0 2 2
50 1 14 2
24 0 94 2
30 2 17 1
52 0 84 2
36 0 99 1
8 1 85 2
5 0 59 2
52 0 44 2
91 0 13 1
9 0 36 1
81 0 46 1
59 0 32 2
57 1 89 1
44 0 63 0
39 0 10 2
43 0 3 1
28 0 25 2
96 0 98 2
58 0 23 2
85 0 56 1
13 0 88 2
46 2 69 2
40 1 47 1
70 2 48 2
49 0 46 1
64 0 23 1
62 0 72 2
81 0 67 1
6 2 90 1
49 0 59 2
66 0 56 2
72 0 32 2
14 0 22 2
98 0 49 2
64 1 95 2
67 0 21 0
60 0 2 1
52 0 89 1
12 1 1 2
88 1 2 1
59 1 54 1
48 1 79 1
63 1 13 1
87 0 13 2
67 0 4 1
11 2 54 1
9 1 39 1
92 0 15 2
79 0 70 1
14 0 42 1
2 0 15 1
60 0 29 2
88 2 8 1
60 1 92 2
78 0 90 0
95 2 85 1
19 0 10 1
89 0 23 2
54 0 66 1
2 2 38 1
57 0 96 0
68 1 24 2
68 0 16 0
62 0 59 2
3 2 65 1
45 2 48 2
77 1 19 2
88 1 41 2
8 0 78 0
21 1 55 1
49 0 48 2
50 0 28 1
11 2 22 1
65 0 26 1
39 0 59 2
57 0 59 1
58 0 51 1
3 0 39 2
17 0 83 1
59 0 97 1
86 0 33 2
50 0 72 2
86 0 90 2
93 0 3 1
77 0 91 0
40 1 96 1
21 2 6 2
5 1 47 1
7 2 24 1
58 0 10 2
34 2 31 2
55 0 18 2
87 0 21 2
68 0 49 1
30 2 1 2
62 0 81 1
35 2 93 2
78 0 16 1
8 0 48 0
47 0 59 2
92 0 86 1
38 0 21 2
83 0 14 1
72 0 97 1
86 0 71 2
26 2 68 1
90 0 70 1
73 0 51 1
60 0 8 2
40 2 5 2
46 0 14 1
33 0 37 2
43 0 32 2
62 0 34 1
1 0 8 2
77 2 2 2
98 2 2 1
23 1 4 2
95 2 48 2
36 0 95 1
66 2 10 1
89 0 85 1
3 2 92 2
33 0 7 0
6 0 44 2
64 1 52 2
89 0 33 2
77 0 58 2
46 1 52 2
68 0 98 2
79 0 100 2
44 0 48 1
71 0 100 1
9 0 56 1
91 1 68 1
100 1 91 1
37 2 30 2
57 1 16 1
21 0 93 2
82 1 66 1
44 1 78 2
26 0 50 2
25 0 26 2
22 0 2 1
99 0 30 0
20 2 98 2
79 0 26 2
26 0 38 0
58 0 76 2
13 2 92 2
71 1 74 2
98 0 85 2
5 0 97 2
50 0 49 1
32 0 53 1
5 2 68 2
24 2 47 1
25 0 16 1
22 0 77 1
10 0 68 0
9 1 1 1
66 2 89 2
93 0 41 2
91 2 14 1
76 2 71 1
5 0 33 2
60 0 2 1
96 0 35 1
91 2 57 2
2 0 11 0
13 0 18 1
31 0 27 0
37 0 52 2
98 0 44 1
51 0 58 2
79 0 83 2
12 0 56 1
80 0 25 1
86 0 22 1
8 0 27 1
12 0 100 1
43 0 2 2
59 2 72 1
62 0 50 1
28 2 20 1
87 0 38 1
92 0 83 1
66 2 11 1
100 0 28 2
91 0 73 0
66 2 76 1
21 0 11 2
85 0 14 0
70 0 21 1
39 0 14 1
2 0 35 2
55 0 43 2
38 0 44 1
84 0 25 1
86 0 28 1
48 0 89 0
23 0 100 1
100 0 32 2
52 0 17 2
3 0 72 1
57 2 79 1
23 2 89 1
76 0 63 1
65 2 87 1
75 0 11 1
75 0 42 1
54 0 62 1
16 0 28 1
18 0 47 0
90 0 74 1
83 0 2 1
72 2 58 1
28 1 96 1
18 0 80 2
17 0 7 2
80 2 78 1
95 0 51 2
65 2 7 1
64 2 3 1
95 0 67 1
46 1 8 2
34 1 40 1
7 0 50 2
31 0 60 0
52 0 21 2
41 2 95 1
58 0 61 1
22 0 88 1
55 0 61 2
69 0 21 2
73 0 85 2
79 1 92 1
1 0 16 1
47 2 16 2
26 0 50 0
4 2 54 1
93 2 71 1
95 2 63 1
88 0 17 1
8 2 65 1
70 2 47 2
37 0 82 1
38 0 48 2
6 0 93 1
79 0 99 2
48 0 69 1
24 0 54 2
82 1 44 1
72 0 77 2
25 0 28 1
77 0 19 2
3 0 33 2
82 2 44 1
82 0 74 1
8 0 62 0
95 0 16 2
28 0 40 2
46 0 17 1
69 0 12 1
73 0 53 1
64 1 78 2
19 1 90 2
51 1 32 1
24 0 29 1
70 0 95 2
8 2 91 2
27 0 42 1
19 0 36 0
64 1 72 2
53 1 52 2
83 0 30 2
79 0 45 1
85 0 29 2
58 0 3 1
11 0 66 2
44 2 74 1
39 0 43 2
81 0 52 2
62 0 7 1
10 0 97 1
38 0 56 1
83 1 48 2
96 0 50 2
61 1 57 2
9 0 71 1
19 1 37 2
34 1 80 1
12 0 72 2
74 1 79 1
2 2 17 2
59 0 90 1
59 0 53 2
52 0 95 1
26 0 99 0
47 0 12 1
8 2 85 1
53 0 45 2
72 0 53 1
24 0 16 2
92 0 73 2
66 0 95 1
65 2 17 2
88 1 60 2
44 0 37 1
85 2 37 1
97 0 66 0
7 0 60 2
55 0 34 1
25 0 38 2
90 0 27 2
17 0 77 1
100 0 74 0
71 2 43 1
53 0 9 2
62 0 13 2
26 2 57 2
72 0 31 1
47 0 100 1
55 0 100 1
98 1 52 2
79 0 46 1
58 0 74 1
84 0 91 2
47 2 25 2
97 0 82 2
4 0 53 2
34 0 69 1
11 0 66 1
66 0 64 1
100 2 71 2
50 0 16 2
66 0 13 1
45 0 96 2
57 0 95 2
38 2 12 1
3 0 20 2
35 0 20 2
10 0 38 2
35 0 84 1
38 1 15 2
76 0 82 2
44 2 98 2
58 2 14 1
44 2 57 2
59 0 40 0
72 0 93 2
42 0 81 2
70 0 40 1
76 0 21 2
91 0 95 2
69 0 68 1
88 1 36 1
41 0 34 1
26 2 52 2
99 0 51 2
96 0 33 1
39 0 18 2
88 0 13 0
88 0 84 2
28 0 62 1
42 0 31 1
65 0 59 2
27 0 44 1
31 0 41 2
91 0 79 2
11 2 30 2
32 0 9 1
90 0 80 2
53 1 55 1
21 2 40 2
81 0 72 2
82 2 83 1
48 0 64 2
49 1 86 2
40 0 85 1
84 1 32 1
4 0 3 2
39 0 34 2
65 0 37 1
64 1 15 1
5 0 86 2
51 1 97 2
10 0 63 2
83 0 41 1
60 0 24 2
28 0 12 1
8 0 19 1
92 0 10 2
17 0 49 2
91 2 43 1
11 0 32 2
63 2 45 2
77 0 63 0
2 0 95 1
17 0 21 2
77 0 73 2
46 0 5 0
41 0 22 1
82 1 89 1
52 0 20 2
70 0 62 1
78 2 92 1
50 0 92 1
70 0 21 2
31 1 99 1
79 0 5 1
71 0 31 1
62 0 88 1
12 0 90 1
37 0 26 1
36 0 71 2
35 2 21 2
20 0 93 0
19 1 50 2
3 1 47 1
15 2 93 1
87 2 27 2
61 0 81 2
52 1 69 2
43 0 66 2
1 0 6 1
65 0 25 1
4 0 60 1
76 0 37 1
95 0 56 1
43 0 35 2
34 0 3 0
65 0 49 2
43 0 74 2
43 0 52 2
62 0 22 2
93 0 26 1
3 0 54 1
4 0 28 1
49 0 41 1
29 1 81 1
72 2 7 1
35 0 41 2
3 0 13 1
98 0 36 0
93 2 90 1
73 0 88 2
84 2 58 2
93 2 90 1
19 0 91 2
30 0 92 1
8 0 34 2
27 0 12 1
85 0 8 1
100 2 98 1
91 2 50 1
93 0 9 1
90 0 56 1
69 0 45 2
78 0 3 1
13 0 17 0
60 0 83 1
32 0 47 0
34 1 72 2
31 1 52 1
81 0 32 2
51 0 94 2
65 0 86 2
85 2 52 1
6 0 64 1
40 0 17 0
97 0 38 0
78 0 28 1
92 0 63 2
43 0 60 1
29 1 66 2
98 0 85 1
10 2 76 1
11 0 66 2
22 1 72 1
54 0 71 1
85 0 88 1
4 0 81 2
35 0 53 1
55 0 80 1
9 0 77 2
72 0 54 1
85 1 27 1
28 0 34 1
43 0 19 2
49 1 11 2
34 1 24 1
56 0 38 1
38 0 51 1
44 2 71 1
68 0 36 1
14 0 75 1
30 0 19 2
56 0 24 1
8 0 40 2
1 0 52 2
62 0 19 2
17 1 1 1
74 0 23 1
6 0 2 2
8 2 59 2
39 0 12 1
91 0 66 2
35 1 50 2
57 0 63 2
83 1 42 2
39 0 59 2
20 0 29 2
47 0 5 1
43 0 2 2
46 1 76 1
44 0 46 2
26 2 81 2
72 1 42 2
20 0 67 2
31 2 89 1
73 0 31 1
33 2 70 1
14 0 9 2
12 0 11 1
97 1 83 2
21 2 63 2
60 1 22 1
84 1 20 2
80 0 44 1
52 0 9 2
74 0 75 1
46 0 3 0
80 2 45 1
7 0 99 1
17 0 62 0
66 2 2 1
89 0 37 1
52 0 37 2
96 0 97 1
21 0 45 2
72 1 96 1
33 1 58 2
4 0 29 1
18 0 21 1
10 0 81 1
70 0 36 1
43 0 22 2
65 0 21 1
84 1 99 2
16 0 52 2
71 0 53 1
72 0 98 2
25 0 42 2
97 1 95 2
1 0 10 2
15 2 25 2
85 2 93 2
58 0 63 2
6 0 7 0
35 1 25 1
94 1 91 2
42 0 99 2
44 0 66 2
40 0 85 0
69 2 1 2
66 1 7 1
95 2 11 2
41 2 57 1
5 0 18 0
65 0 29 1
21 0 38 2
65 0 83 2
83 0 99 2
3 0 83 2
53 1 69 2
68 0 81 2
85 1 17 2
46 1 33 1
94 0 77 1
87 0 14 0
50 0 71 2
13 0 70 2
71 0 44 1
48 2 89 2
17 0 79 0
34 1 8 2
8 0 47 0
54 0 71 1
39 2 79 2
32 0 23 1
96 0 53 2
40 0 99 2
79 0 62 0
19 1 59 1
42 0 48 1
6 0 70 1
28 0 71 1
59 0 95 1
94 0 12 0
16 0 82 2
13 1 99 2
68 0 6 2
8 0 12 1
56 2 23 1
92 0 13 1
46 0 34 1
78 0 96 1
9 2 90 2
1 0 84 1
89 0 94 2
60 0 99 2
87 0 93 1
92 0 4 1
60 2 10 1
57 0 60 1
74 0 20 1
51 2 65 2
92 0 66 2
97 0 53 2
15 0 32 1
42 0 16 2
13 2 16 2
10 2 15 1
93 0 15 1
59 0 68 1
48 2 18 1
10 0 61 1
1 0 44 1
4 2 62 2
2 0 66 2
77 0 26 2
28 0 77 1
45 0 19 2
54 0 26 1
57 0 13 1
88 0 51 2
78 0 18 1
63 2 17 2
9 0 71 1
60 2 11 2
83 1 92 1
18 0 71 2
11 2 27 1
51 0 88 2
43 0 24 0
21 2 12 2
97 2 41 1
96 0 51 1
93 0 58 1
89 0 41 1
21 2 44 2
45 0 42 2
80 0 48 1
96 2 7 1
64 0 74 1
61 2 97 1
69 0 30 1
71 2 75 2
53 0 71 0
19 0 100 2
75 0 2 2
91 1 69 2
6 2 62 2
73 2 11 1
59 0 77 2
93 0 60 1
65 2 39 2
45 0 80 2
97 0 92 0
85 2 69 1
80 0 4 2
94 0 70 0
72 0 55 1
36 1 11 1
95 0 23 2
44 0 89 0
39 0 66 1
78 0 77 1
50 1 62 2
51 0 43 1
91 1 18 2
37 0 27 0
46 0 53 1
11 0 29 2
60 2 83 1
10 0 37 2
97 1 88 1
91 0 63 1
48 0 35 1
23 0 88 0
45 2 78 1
62 0 67 1
53 1 1 1
7 0 16 1
22 0 91 2
97 2 78 1
42 0 2 2
47 0 41 1
49 1 78 1
81 0 53 1
38 0 45 1
14 0 57 2
12 2 86 2
98 0 35 1
47 0 92 0
21 1 11 2
23 0 24 1
31 0 45 2
23 0 5 2
2 1 6 2
70 0 10 2
40 0 44 1
58 0 34 1
28 2 66 2
14 0 74 1
36 0 49 2
93 0 62 1
99 2 66 2
66 2 4 2
86 0 25 1
31 0 32 1
47 0 8 1
41 0 39 0
70 0 95 2
76 0 52 2
14 0 33 1
86 0 99 2
34 1 6 2
81 0 30 2
8 0 61 2
26 1 89 2
93 0 81 1
4 0 59 2
86 0 40 1
76 0 42 0
100 1 97 1
35 1 16 1
80 1 25 2
53 2 56 2
19 1 74 2
3 0 37 1
39 0 44 1
58 0 97 1
22 2 25 2
46 2 17 1
44 0 53 2
49 2 17 2
60 0 84 1
65 0 85 1
4 0 61 1
20 2 71 1
9 0 99 2
93 0 46 1
85 0 87 0
42 0 99 1
78 0 86 1
42 0 32 1
48 0 61 2
84 0 89 1
38 0 64 2
56 1 6 1
97 0 77 2
89 0 34 1
15 2 62 2
7 0 54 2
86 0 5 1
35 0 1 0
22 0 94 2
85 2 81 1
92 0 13 2
79 0 15 2
62 0 85 1
61 2 69 1
15 2 71 1
30 0 7 2
83 0 3 2
93 1 65 2
99 2 70 2
75 0 21 2
15 0 63 2
75 0 99 1
17 0 72 2
24 0 22 2
27 0 10 1
54 0 100 1
50 0 2 1
15 0 58 1
80 2 93 1
53 2 72 1
2 2 80 2
92 0 25 0
82 2 68 2
62 0 83 2
44 1 72 1
48 0 93 2
99 2 10 1
56 1 73 2
27 0 73 1
45 0 23 2
66 2 72 1
84 1 50 1
45 2 36 1
59 2 48 2
29 0 10 1
17 1 78 1
53 0 75 1
10 1 48 2
62 0 91 2
87 0 9 1
33 2 86 2
30 0 28 1
73 0 58 0
29 0 4 1
66 0 59 2
77 0 33 0
44 1 6 2
30 0 99 1
36 0 1 0
71 1 68 1
63 0 14 0
99 0 45 2
15 0 63 1
19 2 16 2
22 2 6 2
48 0 87 2
65 1 89 2
43 2 54 2
6 0 76 1
34 1 23 2
20 2 5 2
47 0 36 2
26 2 99 2
30 0 29 1
74 0 11 2
4 0 55 2
35 2 22 2
48 0 38 1
98 2 69 1
45 0 32 1
96 0 44 1
20 2 2 2
11 0 97 1
88 0 63 0
26 2 23 1
25 0 11 1
56 0 2 1
48 0 53 1
7 0 48 1
59 1 68 1
93 0 100 1
12 0 79 0
90 0 21 2
65 2 6 1
77 2 3 2
76 0 80 1
10 0 51 2
97 0 13 2
48 0 3 2
51 1 68 1
90 0 35 2
64 1 42 2
78 0 74 1
16 0 54 2
41 2 52 2
57 0 26 1
46 1 9 2
90 0 53 1
83 0 26 2
65 0 95 1
7 0 16 0
43 0 41 2
62 0 71 1
8 1 65 1
92 0 85 2
89 0 22 2
6 2 22 1
26 0 44 0
98 0 19 1
85 0 100 2
100 0 9 1
74 0 21 2
81 0 33 1
56 0 37 1
74 0 94 1
59 2 10 1
67 2 72 2
91 2 71 1
21 1 54 2
66 1 30 2
27 0 20 2
7 0 70 1
46 1 8 2
21 0 19 0
30 0 21 1
41 2 40 1
71 0 59 2
18 0 12 1
76 0 13 1
90 0 28 2
44 1 47 2
62 0 79 1
46 2 45 2
59 1 62 2
74 0 3 1
92 0 82 2
62 0 87 2
19 0 80 2
70 0 46 1
9 0 100 2
3 2 16 1
42 0 25 2
60 2 99 1
57 0 94 2
71 2 92 1
45 0 25 0
42 0 50 1
81 1 4 1
98 0 46 2
70 0 64 2
53 2 27 2
9 0 82 1
5 2 6 1
88 0 30 0
71 2 85 1
3 0 82 2
71 0 56 1
10 1 52 1
14 0 28 1
67 0 48 1
78 0 24 2
1 0 73 2
40 0 6 1
79 1 25 2
80 2 69 2
11 0 61 1
59 0 20 2
42 0 17 1
20 0 23 1
55 0 21 1
2 0 63 2
79 0 13 2
96 0 33 1
93 1 17 2
65 0 24 2
61 0 64 1
91 1 52 1
48 2 17 1
40 2 16 2
84 0 36 1
39 0 2 2
80 0 12 2
49 2 86 1
99 0 26 1
51 2 79 1
43 0 4 2
42 0 59 1
10 2 71 1
38 0 3 2
48 2 57 1
12 0 29 1
78 0 61 1
69 0 90 1
8 0 20 2
48 0 27 1
86 2 1 1
17 0 56 2
53 0 6 0
9 1 17 1
60 0 30 2
22 0 83 1
45 0 44 1
31 2 22 1
36 2 10 1
64 2 34 2
99 0 41 2
10 2 43 2
31 0 46 2
1 0 14 2
50 0 91 2
7 0 64 2
77 2 44 1
13 0 95 2
94 0 51 1
48 0 88 1
44 0 97 2
86 0 3 2
59 1 93 2
44 0 70 1
91 0 37 1
100 1 62 1
5 0 86 1
79 0 65 2
20 0 8 2
83 0 76 2
41 0 85 2
77 0 44 0
54 0 38 2
17 0 37 2
50 2 48 1
23 2 69 1
20 0 67 1
91 0 31 1
74 0 41 2
66 2 98 1
40 0 83 2
55 0 35 2
38 0 20 2
90 0 80 2
36 0 68 0
64 0 81 2
78 0 99 2
86 0 27 1
77 2 39 2
4 0 63 1
41 1 98 1
7 0 77 1
68 2 25 1
79 0 31 2
77 0 63 1
83 0 31 1
44 0 51 2
53 2 99 1
74 0 44 2
32 0 72 2
37 0 3 2
24 0 64 2
87 0 55 2
34 0 58 1
8 0 51 1
32 1 39 1
12 0 78 2
92 0 74 2
25 0 19 2
65 0 63 1
81 1 74 2
1 2 25 1
78 0 98 2
99 1 31 1
83 0 94 2
90 0 64 1
94 0 3 1
28 0 1 2
80 2 4 1
18 0 57 0
60 1 25 1
81 2 85 1
53 1 21 2
24 0 64 1
24 0 9 1
49 0 16 0
41 0 32 2
13 0 49 2
59 2 41 1
23 0 47 1
93 0 86 0
20 0 63 1
57 0 33 2
12 2 72 1
31 0 22 1
5 0 95 1
19 0 85 2
92 0 15 1
39 0 100 1
89 0 19 1
77 0 94 1
37 2 45 1
61 1 37 2
44 0 97 1
24 0 49 1
50 0 56 1
85 0 23 2
41 1 90 1
24 0 65 2
25 0 57 2
41 0 40 2
9 2 79 2
