50 988
31 0 30 1
31 2 2 1
11 0 44 2
34 2 41 0
26 0 47 2
16 0 2 1
20 0 28 2
2 2 41 2
25 0 29 1
11 0 10 2
9 2 1 2
21 0 27 0
41 2 19 1
10 0 16 0
13 2 23 1
3 2 46 1
25 2 24 1
36 2 6 2
6 0 42 2
44 0 38 1
13 2 43 2
32 0 23 2
32 2 37 1
7 0 13 1
5 1 24 1
7 0 11 1
10 1 38 1
48 2 4 1
15 2 35 1
22 0 39 2
46 2 6 1
36 0 20 0
9 1 23 1
19 2 14 2
16 2 35 1
31 1 47 1
36 0 29 2
5 0 3 1
36 2 50 0
17 2 21 1
42 0 34 1
45 0 27 2
48 2 1 0
9 0 41 1
41 2 27 1
20 2 16 1
25 0 14 1
15 1 7 1
43 2 1 2
30 2 45 0
29 0 31 1
13 2 12 2
18 2 13 1
11 2 43 1
7 0 5 1
11 1 41 1
16 0 46 2
22 0 47 2
11 0 26 1
32 1 22 1
5 2 10 1
35 0 8 2
40 2 32 2
32 2 10 1
34 2 4 1
14 0 36 1
31 0 30 1
17 2 24 2
20 0 35 1
16 2 3 0
28 2 10 1
4 0 35 1
25 0 11 0
16 0 3 2
23 0 17 1
2 2 33 1
36 2 39 1
12 0 48 1
13 2 28 1
11 1 15 1
35 1 6 1
15 2 10 1
10 0 36 2
11 0 48 2
41 2 24 1
32 2 33 2
34 0 7 2
35 2 11 2
42 0 17 1
7 2 15 1
19 2 7 2
30 0 2 1
21 2 10 2
46 0 10 2
1 1 3 1
4 0 23 1
28 0 30 1
45 0 17 2
12 0 18 1
6 0 23 2
50 2 35 1
28 0 31 1
11 2 5 1
32 0 41 2
18 0 27 2
37 2 34 1
20 0 47 2
42 2 16 1
19 0 26 1
33 0 22 1
41 0 7 2
15 0 4 2
37 2 14 1
11 0 29 2
16 0 17 1
20 2 26 1
6 2 15 1
45 0 47 1
13 1 38 1
23 0 20 2
17 2 45 2
45 0 9 1
49 0 14 1
43 1 5 1
46 0 6 2
22 2 17 1
37 0 26 1
12 0 49 1
24 0 17 1
45 2 12 1
13 2 16 1
14 0 11 1
45 2 21 1
35 0 48 0
15 2 37 2
7 0 11 1
33 2 7 1
6 0 25 1
1 0 7 2
4 0 36 1
14 2 39 1
25 2 4 2
35 2 1 2
37 0 4 0
6 2 44 0
27 0 9 2
24 0 29 1
11 0 29 1
12 0 4 2
50 2 19 1
4 0 25 1
15 2 32 1
42 0 8 2
34 0 21 2
39 2 2 1
39 0 6 2
45 2 14 0
7 0 1 1
36 2 29 1
2 1 4 1
21 0 33 0
7 0 5 1
22 2 26 1
28 1 39 1
10 0 41 2
19 2 26 1
17 2 10 1
29 2 42 2
3 0 29 1
26 0 16 2
35 2 10 2
17 0 35 2
7 0 4 2
11 2 7 0
15 2 4 1
1 0 43 1
6 0 38 2
33 0 18 1
40 2 43 1
41 2 3 1
2 2 40 0
46 2 22 1
41 0 18 1
30 2 14 2
24 2 43 1
2 0 32 2
16 1 4 1
18 0 3 2
40 0 46 2
14 0 15 2
8 2 36 1
18 0 45 0
18 2 45 0
28 0 9 2
6 2 11 1
25 1 39 1
35 2 38 1
5 2 50 1
36 1 34 1
9 0 41 1
32 2 14 2
23 0 28 1
10 2 7 2
36 0 1 0
24 0 2 1
33 0 43 2
37 2 29 1
27 2 35 1
22 2 1 2
36 0 13 2
45 2 1 0
3 0 31 1
20 0 8 1
39 0 8 2
36 2 14 1
25 0 16 1
48 0 47 1
37 2 43 1
33 0 4 1
21 0 27 0
29 2 31 2
30 1 24 1
20 0 16 1
48 0 23 1
43 2 6 2
37 1 50 1
28 0 34 2
4 0 45 2
33 0 28 2
45 2 28 1
44 0 38 1
40 0 18 1
48 1 16 1
9 1 24 1
39 0 15 1
34 0 32 1
37 0 47 1
40 0 41 1
10 0 48 0
14 0 12 1
23 0 30 1
16 0 14 0
31 0 42 1
5 0 8 2
41 0 48 2
30 0 46 1
32 0 5 2
19 0 28 1
33 0 48 2
17 2 22 2
16 1 40 1
20 0 12 2
13 0 41 1
20 0 5 1
28 0 12 2
34 1 3 1
42 2 19 1
8 2 39 1
34 0 47 0
14 2 21 1
12 0 11 2
15 0 40 1
16 2 50 2
2 2 26 1
28 0 33 2
50 0 44 1
38 1 46 1
36 2 44 2
14 0 26 1
37 2 50 2
2 2 17 1
48 0 43 1
28 2 26 1
44 1 24 1
16 0 26 2
29 0 27 2
35 1 6 1
5 2 34 1
36 0 43 2
5 2 7 2
3 2 9 1
38 2 50 0
12 0 48 1
14 0 20 1
21 1 4 1
16 2 49 1
24 2 7 2
7 2 2 1
13 2 5 2
17 0 26 1
3 0 26 1
27 0 10 2
21 0 40 1
13 0 4 0
12 0 30 2
32 2 20 1
33 1 39 1
10 2 44 0
22 0 41 1
39 1 4 1
40 2 43 1
4 2 30 1
36 1 18 1
4 0 47 1
1 0 5 2
49 1 37 1
15 0 26 2
14 2 43 1
32 0 13 1
16 0 6 1
29 1 12 1
29 0 1 1
16 2 23 1
50 0 26 1
4 2 48 1
38 2 42 0
39 2 14 2
23 2 5 2
42 0 38 1
1 0 3 0
9 1 17 1
20 0 27 1
16 0 33 1
2 0 50 0
8 2 46 1
33 2 50 1
12 0 33 2
5 2 27 1
43 0 25 1
44 2 45 1
3 2 36 1
33 0 28 1
22 2 10 1
29 0 43 1
35 0 26 0
7 0 30 1
43 2 27 1
8 0 4 1
12 2 1 2
10 1 46 1
12 0 36 2
47 0 41 0
45 2 33 2
16 0 15 1
43 2 34 1
40 0 35 1
17 2 23 1
8 0 50 1
9 2 23 2
28 1 16 1
39 2 1 1
47 0 28 1
35 0 22 1
15 2 44 2
8 1 42 1
17 1 31 1
46 0 35 2
34 0 41 0
5 2 37 2
31 2 19 2
18 2 29 1
24 2 9 1
50 2 39 1
17 0 30 1
40 1 44 1
38 0 35 2
50 2 14 1
9 2 33 0
2 2 8 0
13 0 28 2
36 0 45 0
13 2 29 1
4 2 26 1
8 0 20 1
9 1 15 1
47 0 21 2
22 0 7 1
11 2 14 0
16 0 1 0
13 0 15 0
14 2 46 1
4 2 24 1
22 2 16 1
48 2 25 2
46 1 16 1
31 0 1 2
26 0 34 2
5 0 16 1
49 2 44 0
9 1 28 1
17 0 36 2
2 2 44 1
11 2 42 1
22 0 49 1
21 0 40 2
10 0 25 2
14 2 16 1
30 1 6 1
23 2 47 1
26 2 38 1
49 1 48 1
47 0 13 1
18 0 25 2
38 0 6 0
29 2 16 2
18 2 40 2
26 2 20 0
28 2 23 1
49 2 39 0
26 0 20 2
32 0 38 2
21 0 35 1
7 0 11 1
24 2 26 1
29 1 9 1
19 2 41 1
37 0 27 1
36 0 31 1
30 0 50 2
35 0 26 1
14 0 12 2
48 0 41 2
21 0 19 1
29 0 37 0
38 2 39 1
28 0 21 1
4 0 13 1
38 0 12 1
34 2 30 1
21 0 44 0
15 2 5 2
14 0 13 1
13 0 39 2
44 2 13 1
10 2 37 0
18 2 29 1
27 0 21 1
14 2 4 2
40 0 36 1
27 2 21 1
45 2 35 1
47 2 35 1
32 0 30 1
37 0 27 1
41 2 32 1
34 0 1 1
42 0 21 1
50 0 27 1
34 1 42 1
29 2 22 2
1 2 25 1
38 0 42 2
43 0 45 1
20 2 44 2
23 0 44 2
45 0 28 1
45 2 41 1
39 0 12 2
9 2 1 0
41 1 24 1
41 0 50 2
15 0 9 1
50 2 18 1
3 0 18 1
33 0 26 2
43 1 24 1
23 0 30 2
17 0 27 2
39 0 49 1
7 2 23 1
48 0 19 0
3 2 11 1
26 2 45 2
40 1 45 1
14 0 40 1
21 1 22 1
30 2 39 2
10 0 38 2
11 0 39 2
47 0 36 1
20 2 35 1
36 2 45 0
48 1 32 1
17 2 43 1
23 0 25 2
10 1 46 1
29 2 26 1
49 2 38 2
6 1 42 1
9 0 22 2
27 2 40 0
43 0 6 1
25 1 15 1
37 0 31 1
13 0 18 1
5 0 40 2
43 0 45 1
7 2 13 1
43 2 7 1
5 0 44 0
16 0 35 1
4 2 12 1
41 2 30 1
1 0 40 1
17 0 15 2
35 0 8 1
9 2 33 1
44 0 2 1
17 0 11 2
50 2 21 1
32 2 33 1
3 0 35 1
43 0 27 1
43 0 3 1
8 2 21 1
22 0 29 1
19 0 25 2
29 1 37 1
12 2 26 1
34 0 2 1
7 0 33 1
41 0 7 1
17 2 4 2
8 0 9 1
47 0 34 1
45 0 20 1
4 2 11 1
22 0 19 1
41 2 16 1
49 0 14 0
42 0 19 2
29 0 37 2
6 1 15 1
16 2 31 1
2 0 36 1
6 2 1 1
5 2 48 1
46 0 10 2
11 0 9 2
16 2 15 2
14 2 50 2
2 2 14 2
29 2 15 2
6 0 11 0
4 2 29 1
12 0 26 1
47 2 33 1
40 2 10 1
8 2 19 1
18 0 1 2
40 0 42 1
17 2 14 0
24 0 31 1
15 0 6 1
38 0 6 2
10 0 32 2
25 2 49 1
1 0 27 1
22 0 35 1
28 2 21 1
2 2 16 0
3 2 46 1
45 0 34 2
46 1 20 1
20 0 15 1
38 0 37 2
16 2 50 2
34 2 2 1
29 2 21 2
14 2 33 1
12 2 31 1
43 2 49 1
29 0 43 0
35 2 32 1
1 0 7 1
42 2 25 1
28 0 40 2
33 2 28 1
50 0 4 2
18 0 35 1
45 2 23 1
9 0 29 1
47 2 14 1
3 0 35 1
21 0 30 2
6 0 49 1
45 0 29 1
33 0 13 1
23 1 1 1
19 1 42 1
1 0 14 1
5 0 25 1
11 0 41 2
34 1 44 1
36 2 39 1
24 0 16 2
37 0 45 1
36 2 1 2
4 2 49 1
45 0 17 1
23 0 30 1
33 0 46 1
49 2 13 1
1 0 43 1
26 0 22 2
15 2 45 1
48 2 18 1
40 2 29 1
15 0 42 0
20 0 50 1
49 2 36 2
41 0 20 2
40 2 14 1
29 0 26 0
40 0 49 2
15 2 35 1
21 0 35 1
35 1 9 1
37 0 42 2
13 2 49 1
40 2 28 1
42 0 46 1
7 0 23 1
42 0 20 2
38 1 22 1
12 0 49 2
45 0 25 2
15 2 42 1
42 2 14 1
15 2 7 1
26 0 18 2
16 2 23 1
37 0 20 2
1 2 25 1
36 0 7 2
17 2 21 1
7 2 43 1
28 2 24 1
15 0 40 1
3 2 49 1
6 0 38 2
43 0 42 0
9 2 38 1
30 1 8 1
8 0 49 1
9 0 25 2
13 2 30 1
40 1 22 1
29 0 46 1
47 2 32 2
30 2 47 1
40 0 41 0
10 1 20 1
15 0 36 1
30 0 19 0
49 0 42 0
18 0 2 1
33 0 3 2
5 2 19 2
28 2 7 2
21 0 29 2
46 0 14 2
36 0 19 1
2 0 26 2
49 0 40 2
33 0 24 2
31 2 46 1
45 0 33 2
30 2 40 0
46 0 24 0
40 0 20 1
46 0 20 2
15 2 43 1
27 2 44 2
11 1 44 1
43 0 33 0
19 2 11 1
18 2 4 0
14 0 24 1
47 0 13 2
50 2 46 1
32 0 47 1
42 0 36 1
17 2 19 1
1 0 45 1
4 0 31 1
21 2 22 2
40 0 43 2
16 0 38 1
41 0 50 0
26 2 40 2
20 2 21 1
21 2 24 0
39 0 38 1
24 0 20 2
2 1 24 1
36 1 42 1
40 0 35 1
10 2 26 1
22 2 46 1
25 0 11 2
48 0 23 2
13 2 38 2
23 0 7 1
33 1 19 1
34 1 24 1
19 2 16 1
16 0 40 1
27 2 50 0
36 0 34 2
4 0 40 2
17 0 5 0
39 2 26 1
42 0 24 2
37 2 42 1
49 0 4 1
12 0 18 2
17 2 14 0
17 2 6 1
7 0 12 2
31 2 8 1
37 1 4 1
18 2 44 2
30 2 13 1
22 2 6 1
28 0 35 1
11 0 8 1
19 0 46 2
14 0 9 1
21 0 24 2
33 2 43 1
49 1 17 1
11 2 27 1
11 0 48 2
35 1 10 1
12 0 11 1
9 2 45 0
23 0 35 1
46 0 50 2
24 0 45 1
21 0 35 1
44 2 22 1
15 0 38 1
25 0 49 1
37 2 25 1
45 2 46 1
13 0 12 2
15 0 44 2
49 0 48 0
12 0 16 0
20 2 36 1
11 0 42 1
13 2 24 1
38 2 12 0
13 0 5 2
10 1 45 1
2 2 33 1
39 0 47 1
10 0 3 1
14 0 1 1
46 0 16 2
35 2 40 2
5 0 44 1
30 2 3 0
33 2 34 1
41 0 44 1
10 2 29 2
38 2 43 2
28 0 41 1
46 0 44 2
13 0 49 0
26 0 2 2
23 0 31 0
30 2 49 1
28 0 23 2
40 2 47 1
43 0 8 1
5 2 38 1
45 2 27 1
15 1 19 1
16 1 7 1
34 0 23 2
47 2 17 1
46 0 37 2
38 0 5 0
15 2 16 1
4 0 19 2
5 0 29 1
43 2 23 1
35 2 3 1
37 2 25 1
6 0 25 2
44 0 18 1
42 0 3 1
27 2 2 1
28 0 48 1
41 2 40 1
39 2 30 1
40 0 43 2
36 2 15 1
10 0 4 0
24 0 36 1
24 2 44 1
14 0 22 1
49 1 3 1
5 0 44 2
22 2 20 1
29 2 8 2
49 2 36 2
31 0 44 2
17 2 49 1
45 2 37 2
39 0 4 1
36 2 48 1
18 2 16 0
44 0 9 1
27 0 23 2
22 2 5 1
34 1 23 1
32 0 7 0
40 2 4 1
13 0 47 1
40 0 47 2
31 0 13 2
50 2 44 1
27 0 11 0
27 2 12 1
42 0 5 1
2 2 23 2
28 2 4 0
10 2 48 2
2 1 38 1
7 1 24 1
12 0 40 1
34 0 37 2
22 1 1 1
18 0 25 1
29 1 46 1
24 0 48 1
43 0 34 2
46 0 47 2
19 0 44 0
9 2 5 1
45 2 9 1
3 0 39 1
1 2 35 1
17 0 22 2
28 0 34 1
22 2 20 1
9 0 21 1
45 0 4 1
49 2 32 2
18 0 15 0
22 2 48 1
5 2 29 1
31 2 36 1
16 0 9 2
14 0 49 1
50 2 46 1
46 0 37 2
31 0 5 1
3 0 7 1
28 1 4 1
2 0 4 2
16 0 18 2
6 2 2 1
8 0 26 1
8 2 1 2
10 0 30 0
22 0 41 1
9 2 32 2
48 0 38 2
4 2 34 1
34 0 18 0
31 2 33 2
34 0 4 2
15 2 30 1
14 2 28 1
8 0 47 1
17 2 35 1
38 0 7 2
26 2 12 1
29 2 4 0
9 1 30 1
23 2 14 0
24 0 46 1
16 0 23 2
10 0 16 1
13 1 6 1
41 2 33 1
14 0 33 2
16 0 45 2
5 0 33 2
38 2 48 2
44 0 11 2
48 2 36 1
18 0 29 2
31 2 48 1
14 2 46 1
11 2 16 1
32 0 7 1
22 2 3 2
19 0 5 1
4 2 47 1
35 0 30 1
9 0 1 2
8 0 18 1
47 2 36 1
17 0 1 0
23 0 8 1
25 2 50 0
21 2 33 0
22 2 12 1
10 0 21 0
20 0 9 1
41 2 28 1
44 0 34 1
3 0 14 2
8 0 42 1
29 1 48 1
14 2 35 1
2 1 9 1
14 0 20 1
17 0 36 2
13 2 2 2
50 0 46 1
23 0 39 0
24 2 10 1
28 0 21 2
18 0 38 1
27 1 26 1
30 2 1 2
11 2 13 1
17 2 26 1
46 2 43 1
3 0 34 1
12 2 5 1
34 2 32 2
20 2 21 1
48 0 22 1
12 0 6 1
40 2 14 0
22 0 26 1
40 0 46 1
30 1 34 1
39 2 10 1
12 0 16 2
42 0 16 1
3 2 23 1
3 0 41 2
49 0 6 2
49 0 21 1
24 0 4 2
18 0 33 0
42 0 28 1
21 2 14 1
22 2 6 1
38 0 49 1
30 0 37 0
19 0 6 1
44 0 2 1
47 2 14 0
37 2 43 1
44 2 49 1
41 2 14 2
30 2 4 2
34 0 50 0
29 2 26 2
21 0 1 1
24 0 37 2
8 2 28 1
38 2 32 2
36 0 47 2
7 2 24 2
25 2 27 1
3 0 41 1
7 2 41 1
21 2 33 2
44 0 33 2
27 1 18 1
48 2 38 1
48 2 26 2
14 2 27 1
18 2 42 1
28 1 33 1
33 2 47 1
3 2 28 1
23 0 15 2
