100 7931
72 0 66 0
68 0 82 2
46 0 70 1
57 0 100 1
6 0 61 1
25 0 67 1
29 1 27 2
22 0 92 1
46 0 51 0
6 0 67 2
100 2 12 2
52 0 54 1
29 2 50 1
80 1 28 1
27 2 62 2
7 0 95 2
27 2 9 2
7 2 46 1
77 0 21 1
73 2 21 1
9 0 44 2
83 1 47 2
42 0 83 1
12 0 21 1
53 0 95 0
76 0 72 2
64 0 66 2
49 0 84 1
70 1 5 2
64 0 55 2
66 2 63 2
82 2 93 1
55 2 7 1
45 0 46 1
16 0 72 1
66 1 36 1
85 0 82 1
33 0 97 1
53 0 62 1
57 2 60 1
63 0 73 0
87 2 28 2
86 0 38 2
25 0 24 1
88 0 4 1
48 0 6 0
54 0 65 1
92 1 76 2
89 1 75 1
2 1 73 1
57 0 3 2
46 2 66 1
9 0 24 1
100 1 97 2
48 0 93 2
19 0 95 0
1 0 63 2
75 0 44 2
68 0 47 2
35 0 19 2
50 0 7 1
60 1 31 1
19 1 99 1
33 2 71 1
66 1 52 2
59 2 78 1
97 2 40 1
72 1 38 1
72 0 24 2
47 0 88 2
6 0 19 2
10 2 15 1
88 0 10 1
17 0 59 1
56 0 1 0
81 0 94 1
68 0 40 1
74 0 18 0
68 1 9 1
46 0 98 1
10 0 18 1
46 0 43 2
64 0 7 1
13 0 95 2
46 1 51 2
59 1 13 2
84 0 59 0
17 2 77 1
43 0 99 1
66 2 11 1
89 0 69 1
61 2 45 2
34 2 76 1
1 1 54 1
1 1 91 2
42 0 2 2
83 0 3 2
44 0 53 1
79 2 31 2
4 0 83 2
96 0 26 1
84 1 94 1
94 1 17 2
34 2 18 1
51 1 34 1
10 0 46 2
17 0 97 2
44 1 60 1
18 0 77 0
44 1 8 1
84 2 71 1
47 0 33 1
25 2 18 2
56 1 20 1
67 2 89 1
54 2 37 1
74 2 20 1
7 0 5 0
58 2 45 1
18 0 23 1
74 0 29 1
29 1 11 1
5 0 23 2
57 0 7 2
98 0 53 1
9 0 59 2
77 0 85 1
26 0 86 0
32 0 90 2
4 0 100 2
54 1 16 2
16 0 46 1
81 0 97 1
14 2 73 2
8 1 13 2
93 0 33 2
54 0 56 2
52 0 26 1
18 1 15 1
91 0 12 2
82 1 14 1
7 2 78 2
63 0 20 1
97 0 59 2
19 0 69 1
15 0 3 2
54 0 94 1
29 2 26 2
12 0 46 1
90 1 91 2
52 0 44 2
41 0 59 0
95 0 59 2
22 0 69 2
52 0 69 1
59 1 13 1
17 0 98 2
81 0 46 1
5 0 37 2
69 0 17 2
35 0 22 2
14 2 49 2
9 0 37 1
90 0 81 2
100 0 85 2
37 0 100 1
9 0 2 1
78 0 23 2
96 0 3 1
57 0 30 1
53 1 91 2
76 0 38 1
74 1 11 2
40 2 68 1
31 0 28 1
89 0 87 2
100 0 3 1
68 0 72 1
9 0 31 0
26 2 32 1
87 0 85 2
29 2 45 1
16 0 3 2
4 0 39 2
59 2 44 2
34 0 87 2
36 0 55 2
39 0 78 1
68 0 19 1
87 0 68 0
84 0 39 2
74 0 42 2
83 0 24 1
32 0 85 1
92 1 86 1
33 2 12 2
82 1 31 1
59 2 27 2
59 2 47 2
42 1 18 2
13 0 20 1
15 0 68 2
94 0 38 1
72 0 44 0
29 0 16 0
36 0 64 1
25 0 78 2
56 1 68 1
31 0 8 2
93 2 67 2
26 0 2 1
40 0 39 2
5 0 34 0
81 0 55 2
80 0 68 0
100 1 30 2
74 1 32 2
32 0 41 1
14 0 19 2
83 0 100 1
61 0 53 2
91 0 86 1
87 0 43 1
24 2 95 1
44 0 66 1
58 0 80 0
83 0 80 1
1 1 62 2
69 2 50 2
85 0 30 1
71 0 36 2
71 0 82 1
97 1 16 2
26 2 80 2
55 0 37 2
41 0 38 2
39 0 17 1
39 0 46 2
72 0 29 0
34 0 80 1
8 0 29 1
39 0 30 2
75 0 13 1
32 1 11 1
16 0 100 1
2 0 25 2
19 0 82 2
28 1 10 1
98 0 45 1
62 2 9 1
52 0 39 1
46 0 67 1
24 2 95 2
35 1 50 2
34 0 24 1
71 0 84 1
9 0 44 2
22 0 12 1
2 0 28 0
100 0 22 2
69 0 68 0
28 0 100 1
65 0 30 0
44 0 17 0
26 2 79 2
81 0 6 2
11 0 21 2
28 0 80 2
80 0 24 2
52 0 22 2
30 0 74 2
9 0 97 1
43 0 36 1
22 0 60 2
50 2 43 1
95 2 99 1
79 0 55 2
87 0 14 1
88 1 18 1
77 0 32 1
20 0 92 1
49 0 33 2
98 0 4 1
18 0 75 1
77 0 62 1
73 0 63 2
51 2 30 1
3 0 90 2
94 1 51 1
62 2 76 2
18 0 26 1
23 1 61 2
20 0 53 1
24 2 49 2
60 2 79 2
49 0 92 2
48 0 9 1
48 0 82 2
59 0 33 1
97 0 65 1
15 0 25 2
52 2 17 2
4 0 60 1
93 1 91 1
53 0 70 2
87 0 72 1
44 0 36 1
61 2 22 1
69 0 68 1
19 0 6 2
41 2 5 1
62 0 35 1
10 0 61 1
10 0 62 2
74 1 84 1
26 1 67 1
45 2 12 1
98 0 8 2
50 0 29 2
74 0 36 1
27 0 94 1
55 0 93 1
68 0 2 1
75 0 30 2
91 0 71 2
2 0 19 2
11 0 37 2
66 1 17 1
3 1 30 1
2 0 24 1
48 0 26 1
85 0 46 2
16 0 3 2
64 0 95 1
84 0 70 2
51 1 52 2
74 0 2 0
50 0 52 1
75 0 71 1
56 2 75 1
66 0 81 2
24 0 51 1
42 0 48 1
2 0 86 0
5 0 22 2
1 1 18 1
41 2 71 2
60 0 87 1
28 0 90 1
22 0 83 1
96 2 11 2
79 0 62 1
99 0 90 2
62 0 3 2
50 0 26 2
80 0 16 0
12 0 82 2
36 1 97 1
10 2 31 1
5 0 6 1
69 0 57 2
19 1 61 1
86 0 58 2
100 1 57 1
5 1 71 1
54 2 98 1
51 0 100 2
85 1 1 2
8 0 34 1
92 2 17 2
57 0 11 2
97 0 21 2
22 0 98 2
54 0 29 1
13 0 23 1
90 0 14 1
81 0 83 1
19 2 16 2
59 1 77 2
44 0 93 2
91 2 52 2
21 2 89 2
88 0 46 2
96 0 27 2
29 2 58 1
96 2 18 1
8 0 43 2
70 1 37 1
55 2 71 2
15 0 28 1
91 0 66 1
17 0 90 1
5 0 53 1
11 2 28 1
95 0 78 2
58 0 56 2
88 1 18 2
56 0 70 0
29 0 33 1
96 0 41 2
8 0 51 2
20 1 86 2
63 0 74 1
59 0 13 0
48 1 8 1
17 0 22 2
40 0 85 1
71 0 48 1
75 0 12 1
49 2 96 1
53 0 85 2
15 0 96 2
33 0 78 1
73 2 95 2
98 0 72 2
88 0 71 2
99 0 64 1
54 2 77 2
99 0 94 1
88 0 94 1
23 0 18 0
11 0 6 1
83 0 56 2
62 0 9 1
95 0 72 2
8 0 51 1
25 2 22 1
5 0 6 2
55 0 25 0
45 0 70 1
53 2 38 1
28 0 47 2
60 0 21 1
40 0 42 0
99 0 39 1
93 0 58 1
99 0 55 1
83 0 76 2
95 0 5 1
19 0 5 2
39 1 11 2
43 1 50 1
62 2 69 1
74 1 66 2
40 0 57 1
25 1 67 1
55 1 91 2
21 0 33 2
48 0 85 1
91 0 64 2
44 0 31 0
82 1 43 2
81 2 22 1
18 0 16 2
58 1 9 2
80 0 26 2
58 0 42 0
65 2 39 1
8 0 43 1
76 0 18 2
36 0 70 2
37 0 54 1
27 0 3 2
46 0 36 0
74 0 37 1
90 0 4 1
78 1 89 2
46 0 89 0
62 1 31 1
31 0 64 2
63 0 93 1
53 1 98 1
37 0 65 2
10 0 60 1
31 0 18 1
56 2 20 2
67 0 18 1
20 0 3 1
21 2 76 1
36 0 6 0
48 0 26 2
44 0 19 2
53 2 64 2
83 0 18 1
41 2 28 2
91 0 27 2
65 0 4 0
69 0 73 1
26 1 31 1
17 0 70 1
30 1 96 1
43 1 99 2
59 0 58 2
12 0 21 2
29 2 8 2
33 2 52 1
58 0 44 1
86 1 52 1
20 2 100 1
89 0 71 1
83 2 62 2
43 0 78 1
54 0 88 0
50 2 22 2
3 1 28 1
65 0 62 1
38 0 10 1
86 0 3 1
18 0 69 1
67 0 65 1
90 2 86 1
42 0 14 2
46 2 4 2
46 2 3 1
85 2 95 1
23 0 80 1
74 2 45 2
53 2 90 2
93 0 34 1
36 0 6 1
40 0 46 1
60 1 9 2
30 0 10 2
45 0 74 2
28 0 6 2
27 1 68 2
24 2 17 2
75 0 53 2
15 0 86 1
76 1 67 2
5 0 27 2
77 0 96 1
41 1 55 1
100 0 22 0
35 1 97 2
84 0 33 0
83 2 87 2
5 0 71 1
64 2 21 2
75 0 22 1
12 2 10 1
95 0 92 2
100 2 30 2
76 0 64 2
59 0 85 2
97 0 29 2
3 0 82 2
73 0 66 1
76 0 43 1
50 0 67 0
40 0 24 2
12 0 48 1
61 1 13 2
13 0 51 2
96 0 29 2
46 1 41 1
47 0 2 1
89 2 67 1
55 0 15 1
85 0 46 0
88 0 86 1
87 0 96 0
14 2 73 2
67 0 40 2
29 2 69 1
97 1 22 1
18 0 42 1
70 0 80 0
72 0 4 1
54 0 30 1
41 0 18 2
40 1 11 1
3 2 45 2
51 0 100 2
58 0 85 2
77 0 86 2
69 0 77 0
80 0 63 2
33 0 85 2
82 0 29 0
24 0 82 1
28 0 6 1
48 0 51 0
15 0 49 1
35 1 39 1
47 0 25 2
68 0 78 2
2 0 84 1
5 0 63 1
92 1 88 2
47 0 42 1
96 0 46 1
49 0 93 1
42 0 3 1
19 0 92 1
79 0 37 1
41 1 63 2
35 0 26 2
88 0 7 2
8 0 16 2
20 2 18 1
85 1 69 2
51 1 80 1
24 1 61 1
31 0 89 1
51 0 98 1
53 2 85 2
68 0 32 1
85 0 31 1
38 0 56 2
13 0 46 2
35 0 8 0
81 0 7 2
40 1 77 2
46 1 34 1
30 1 27 1
77 0 64 2
91 0 51 1
72 2 64 1
99 2 17 2
4 0 44 1
86 0 82 2
41 0 83 2
59 1 18 1
42 1 17 2
84 1 30 2
42 0 23 2
44 2 5 2
57 1 12 1
69 2 86 1
60 0 96 1
79 0 70 1
69 0 89 2
61 0 96 2
71 0 55 2
32 0 6 1
12 2 10 1
52 0 27 2
51 2 37 1
76 0 96 1
27 2 80 1
67 0 9 1
94 1 61 1
96 0 35 1
93 2 59 1
49 1 45 1
28 0 47 1
48 1 44 1
82 1 55 1
62 0 66 2
59 0 86 0
7 0 71 2
98 0 100 2
7 0 29 2
75 0 99 2
89 0 80 2
98 0 75 2
24 0 84 1
57 1 4 1
41 0 3 2
10 0 39 1
3 0 62 1
8 2 77 2
79 0 82 2
94 0 44 0
92 0 33 0
83 0 12 2
67 0 84 2
23 1 78 1
33 0 95 1
26 0 66 1
100 0 8 1
78 2 90 1
77 0 22 2
75 0 92 1
68 0 73 2
18 0 85 1
66 0 93 2
90 2 14 1
5 0 92 2
81 0 80 2
12 0 7 2
75 0 57 1
54 0 2 1
32 0 8 2
62 0 6 2
71 0 85 2
45 0 75 0
41 0 22 2
92 2 37 2
27 0 11 1
72 0 24 0
54 0 17 2
67 0 69 1
35 2 9 1
93 1 54 2
36 0 71 2
39 1 18 1
28 0 17 1
38 0 2 0
30 2 11 1
24 2 47 1
11 0 41 2
23 0 47 2
28 0 57 1
32 0 18 1
61 0 32 1
95 0 92 1
68 0 17 0
49 0 81 0
38 2 22 2
19 0 3 2
47 1 28 1
87 2 52 2
81 0 70 2
25 2 15 1
16 0 25 1
68 0 35 1
70 0 12 1
17 0 25 1
69 0 90 1
86 0 2 2
74 0 2 2
65 1 6 2
32 0 38 2
2 1 61 1
32 0 20 2
51 2 76 1
77 0 65 1
6 1 45 1
97 0 83 1
64 1 31 1
23 0 80 1
13 0 24 1
86 0 85 1
19 2 30 1
81 0 44 1
29 0 100 0
36 2 49 2
62 2 18 1
70 2 28 1
86 2 52 1
51 0 100 2
5 0 84 1
51 0 55 2
9 0 47 2
98 0 22 1
46 1 10 1
93 0 85 0
49 0 57 1
42 0 41 1
18 0 81 1
8 0 97 1
94 0 41 1
34 0 26 1
12 0 31 0
72 1 71 1
39 0 38 2
4 0 72 2
60 0 2 1
29 1 62 1
84 0 76 2
79 0 64 2
45 2 76 1
83 0 28 1
20 0 92 2
100 2 77 2
63 1 10 2
97 0 35 2
13 0 59 1
63 0 84 1
60 0 11 2
41 1 28 1
30 0 72 1
64 2 27 2
50 1 75 2
51 0 38 1
71 2 11 2
48 0 54 2
56 0 5 0
70 1 9 2
22 0 27 1
58 2 61 2
84 0 34 0
5 0 89 0
33 1 54 2
6 0 26 1
94 1 60 1
18 0 31 1
97 0 15 0
43 0 82 1
61 2 31 2
22 0 90 1
91 0 65 2
57 0 50 1
50 0 17 1
52 0 86 2
15 0 8 1
56 1 10 2
42 0 48 1
44 0 13 1
45 0 96 1
96 0 14 2
69 0 37 2
89 2 25 1
87 0 37 1
13 0 93 2
54 2 5 1
81 0 47 2
85 0 65 2
84 2 32 2
89 0 22 2
22 0 93 1
12 2 91 1
73 1 9 2
60 0 33 1
49 0 88 2
70 0 78 2
38 0 1 0
83 0 74 1
51 0 88 0
85 0 31 1
32 1 95 1
52 0 86 1
64 1 98 1
19 1 38 1
38 1 15 1
70 0 87 0
26 0 72 1
86 0 80 1
95 1 10 1
91 0 49 1
4 0 100 2
25 2 99 1
82 0 19 0
8 0 65 2
31 0 85 1
28 0 80 2
53 0 70 1
69 0 27 1
61 0 32 1
50 0 41 1
68 0 31 1
86 0 24 2
49 0 9 1
12 0 39 1
66 0 33 2
17 0 85 2
96 0 66 1
88 0 15 0
75 0 39 1
93 0 14 2
83 0 59 2
34 0 40 1
24 0 63 2
94 0 46 2
14 0 35 1
53 0 59 2
59 0 35 1
35 0 72 1
32 0 3 1
53 0 41 1
28 0 59 1
89 0 91 1
90 2 13 2
12 0 5 2
52 0 12 1
94 1 21 2
98 0 39 1
33 0 79 2
23 2 94 2
31 0 85 2
39 1 61 2
39 0 56 1
89 0 44 1
15 2 75 1
92 1 78 2
97 0 100 1
36 2 55 1
64 0 67 0
24 0 70 2
39 0 47 1
58 1 40 1
1 1 97 1
83 2 39 1
11 0 30 2
88 2 43 1
34 0 68 2
33 1 61 2
51 2 60 2
42 2 86 1
87 0 92 1
8 0 83 1
95 0 76 1
94 0 29 1
42 0 38 2
11 0 3 1
24 0 70 2
97 0 48 1
19 0 60 1
44 1 4 1
55 1 50 2
45 0 68 2
15 0 73 1
64 0 72 1
78 0 94 2
92 1 30 1
51 0 30 1
98 0 27 2
4 0 54 2
77 0 22 2
98 0 2 2
60 2 71 1
70 1 31 1
92 1 61 1
86 0 59 2
84 0 68 1
92 1 20 2
75 0 94 2
8 0 42 1
93 0 18 2
27 0 17 2
35 0 92 0
26 0 15 1
1 1 13 2
72 1 94 1
39 0 84 2
46 0 56 1
66 0 37 1
8 0 76 1
68 0 54 2
45 0 51 2
97 0 2 2
39 0 94 2
14 0 40 1
55 2 14 1
6 0 74 2
78 0 48 2
14 1 61 1
94 0 33 2
56 0 41 0
57 0 36 1
62 2 47 1
3 0 30 2
57 2 21 1
27 0 84 2
31 0 10 2
72 0 8 1
73 0 87 2
10 0 65 1
66 0 99 1
32 0 37 2
83 0 84 2
20 0 17 1
25 0 24 1
73 0 33 2
58 0 14 2
59 2 86 1
25 0 70 2
66 2 90 1
52 0 94 2
45 0 76 2
68 0 59 1
68 0 1 1
90 2 68 1
12 0 18 2
3 1 79 1
36 1 27 1
2 1 89 1
34 0 87 1
71 1 95 1
65 1 95 2
63 0 8 0
16 1 52 1
15 0 65 1
69 0 58 1
17 0 39 2
8 0 51 2
3 1 74 1
84 0 15 1
92 2 15 1
56 1 62 2
70 1 63 2
90 0 38 2
87 0 90 0
61 0 52 1
72 1 43 1
10 0 32 1
87 2 79 2
42 0 5 1
81 0 54 1
34 0 41 1
47 1 11 1
31 0 73 2
19 1 18 1
84 1 10 1
30 0 51 1
10 0 94 2
14 0 82 2
8 0 66 2
45 0 5 2
97 0 57 2
80 2 50 2
13 0 73 2
44 1 76 1
28 0 90 2
87 0 26 2
67 0 57 1
84 0 93 2
65 0 46 1
78 2 40 1
17 0 34 1
21 1 88 2
48 0 50 1
40 1 9 1
39 0 80 0
33 0 53 2
31 0 99 2
6 2 52 1
7 0 27 1
58 2 27 2
83 0 86 0
31 0 82 2
13 0 54 1
1 0 84 2
13 0 74 2
51 2 6 1
3 0 5 0
98 0 35 1
13 0 29 1
77 0 23 2
18 0 75 2
8 0 96 2
84 0 73 0
1 0 7 1
63 0 100 1
66 0 71 1
73 2 15 2
35 1 19 2
65 1 71 2
19 0 93 1
17 0 52 1
40 0 85 2
59 2 51 1
22 2 42 1
94 2 97 2
80 2 69 1
2 0 55 1
11 0 88 1
48 1 15 1
52 0 54 2
52 0 47 2
29 0 94 0
23 0 43 0
48 1 68 1
10 2 15 1
29 2 69 2
36 0 94 1
84 0 65 1
31 0 21 1
1 0 46 1
49 0 31 2
27 0 50 1
39 1 69 1
88 2 77 2
100 0 62 0
25 0 52 2
48 0 85 1
45 1 10 1
1 0 20 1
45 0 51 1
82 2 78 1
2 0 65 2
43 0 25 0
73 0 60 1
65 1 91 1
2 2 18 2
66 0 46 2
79 2 52 2
52 0 55 1
6 1 12 1
5 0 20 2
96 0 90 2
47 0 54 2
70 2 32 2
21 0 75 2
59 1 76 2
9 2 31 2
21 1 76 2
28 0 92 1
14 0 38 2
99 0 2 2
69 0 70 1
35 2 96 1
76 0 42 1
42 2 97 1
94 0 73 2
91 0 21 1
37 0 87 2
22 0 90 1
53 2 94 2
39 2 14 1
4 0 84 1
39 2 69 2
87 2 32 1
46 2 36 2
15 2 79 1
67 0 80 1
55 2 60 2
5 2 76 1
28 0 100 2
66 0 33 2
14 0 19 2
54 1 67 2
75 0 81 2
27 0 94 2
53 2 19 1
48 2 11 2
99 0 82 2
73 0 52 2
86 0 84 1
39 0 63 2
7 0 53 2
77 0 80 2
77 0 62 1
20 1 14 1
77 0 38 1
12 2 97 1
29 1 47 2
39 0 49 0
23 2 11 2
82 0 49 2
10 0 67 2
38 2 15 2
7 2 23 1
93 1 22 1
43 0 41 2
50 0 92 1
45 0 59 1
13 0 97 1
58 1 31 1
29 0 23 1
99 0 42 1
94 2 100 1
35 2 80 2
13 0 86 2
32 0 23 2
21 0 41 1
25 0 50 2
90 2 11 1
67 0 23 2
33 0 97 2
32 1 89 2
3 1 73 2
12 1 42 1
45 0 84 1
10 0 2 1
82 1 96 2
28 0 14 2
21 0 34 0
46 0 14 0
54 0 80 1
85 1 66 1
85 2 93 1
88 0 46 1
80 0 46 1
49 0 25 2
51 1 21 2
84 0 17 2
10 0 64 2
66 2 9 1
55 2 5 2
58 0 50 1
37 1 34 2
81 0 10 1
87 0 32 2
21 1 98 2
41 2 87 2
18 0 84 2
18 0 12 1
12 0 70 2
13 0 62 2
11 2 67 1
29 1 33 1
100 1 54 2
3 1 91 2
25 1 79 1
8 0 75 2
54 0 2 2
91 0 37 1
13 0 36 1
27 1 47 2
93 2 39 2
15 0 8 2
73 0 53 2
85 1 98 1
81 0 67 1
77 0 99 1
17 0 42 2
82 0 34 2
34 0 62 2
69 0 14 2
91 0 51 1
88 2 25 1
27 0 83 2
56 0 67 2
59 0 85 1
55 0 56 1
31 0 72 2
5 0 16 0
61 0 100 2
28 0 61 2
62 0 66 1
95 0 32 1
89 0 49 2
75 0 1 2
96 0 16 0
13 0 26 2
63 0 90 2
20 2 40 2
44 1 97 2
100 1 59 1
26 0 18 2
75 0 2 2
77 0 40 1
32 0 23 1
55 0 58 1
29 0 23 2
2 0 87 1
80 0 51 2
2 0 67 2
99 0 40 2
42 0 94 2
32 0 44 2
54 0 21 1
23 0 78 2
89 0 5 1
74 0 37 1
33 2 55 1
3 2 88 1
44 0 27 1
49 0 39 1
68 0 75 1
43 2 31 1
49 0 24 2
10 0 6 2
22 0 68 2
40 0 99 2
41 2 13 2
75 0 12 2
7 0 56 1
55 0 43 2
26 1 55 2
67 0 95 2
51 1 97 2
75 0 54 2
4 0 65 1
52 0 6 1
42 2 34 1
19 2 86 1
19 0 81 0
36 0 6 0
51 0 70 2
65 0 4 1
25 0 37 2
68 2 50 1
75 0 29 1
16 0 54 1
44 0 82 2
97 0 36 1
81 0 13 0
67 0 86 2
20 1 57 1
82 2 38 1
11 0 33 2
83 0 68 2
12 0 48 1
16 0 49 2
61 2 45 2
78 1 51 1
84 2 73 2
82 1 52 2
72 2 59 2
78 0 99 0
69 2 50 2
32 1 79 2
89 0 47 2
93 2 97 1
31 0 36 1
46 1 15 1
71 0 21 1
24 0 7 1
82 1 15 2
97 0 51 1
14 0 90 1
89 0 80 1
57 1 4 1
12 0 66 1
98 0 25 1
9 1 98 1
82 0 7 0
61 2 77 2
87 0 65 1
64 0 56 2
14 0 55 1
92 1 94 2
92 0 63 1
98 0 55 2
18 0 3 1
70 2 27 1
50 0 14 1
1 0 70 1
2 0 63 2
39 0 78 1
49 0 33 2
81 0 8 2
66 0 74 1
92 0 54 1
85 0 76 1
44 2 98 2
97 1 25 2
20 1 64 2
90 2 49 1
24 1 32 1
61 0 65 1
34 0 23 2
61 1 75 1
77 0 19 2
47 2 45 2
11 1 79 1
87 0 83 1
35 0 85 1
75 0 41 2
81 0 55 1
66 0 85 1
16 0 17 1
28 0 96 2
50 0 73 2
90 0 33 1
44 0 78 1
81 2 91 2
97 0 52 0
88 0 94 2
34 0 9 0
22 0 41 1
74 0 33 2
100 0 36 2
56 0 71 0
54 0 1 1
90 0 26 2
33 0 87 0
15 0 59 2
89 0 64 1
13 0 44 2
90 1 64 1
23 0 34 2
89 0 87 1
89 0 68 1
2 0 17 2
94 2 51 1
9 0 97 1
21 2 81 2
96 0 38 1
50 2 60 1
26 2 69 2
19 2 91 2
32 0 14 1
17 0 85 1
12 1 28 1
21 0 56 2
96 0 63 2
6 2 12 1
63 2 14 1
99 0 2 1
37 1 61 2
71 2 68 1
68 0 64 2
57 0 58 2
96 0 41 2
91 1 10 2
77 0 86 2
96 2 52 1
85 0 90 0
81 1 77 2
8 0 39 1
35 2 49 1
82 1 90 2
72 2 68 2
100 1 99 1
49 1 76 2
59 0 95 2
14 1 77 1
93 2 52 1
60 0 34 2
11 0 41 2
78 2 31 2
1 0 20 1
69 2 16 2
56 2 55 2
31 0 6 1
70 0 98 1
61 1 95 2
24 0 51 1
73 0 90 2
28 0 84 2
99 0 40 1
24 0 84 2
38 0 17 1
65 0 29 1
45 2 76 1
1 0 86 0
76 0 40 1
86 0 18 0
3 1 99 1
66 0 53 2
46 1 83 1
92 0 56 1
96 0 46 1
40 0 86 0
66 1 11 1
34 0 95 1
84 2 100 1
25 0 89 2
57 2 61 2
8 0 19 1
88 0 64 1
33 0 41 2
38 0 60 1
84 2 19 2
24 0 48 2
98 0 26 2
79 0 70 1
58 0 96 2
34 0 9 0
37 1 60 1
9 0 81 1
79 0 100 2
33 0 51 1
30 2 16 1
14 0 92 2
69 0 44 1
90 0 75 0
19 0 32 2
17 0 35 2
71 0 57 1
83 0 78 2
13 0 90 2
61 1 11 1
35 0 74 0
96 2 89 1
46 0 77 0
43 0 53 1
14 0 100 2
91 0 94 1
66 1 79 2
12 0 23 2
74 2 18 2
85 0 20 2
65 0 40 0
98 0 44 1
46 0 19 1
4 0 46 2
1 0 45 2
18 0 84 2
35 2 93 1
21 0 78 2
32 1 89 2
24 0 58 1
24 0 87 2
25 0 72 2
65 1 43 2
64 0 95 0
16 0 83 2
95 0 45 2
61 2 4 1
41 1 17 2
86 0 6 1
88 0 25 1
21 1 97 2
96 0 81 1
37 0 21 1
16 0 59 1
75 0 78 2
14 0 62 1
42 0 29 1
79 0 73 2
50 0 40 1
37 0 48 2
15 0 95 2
20 1 13 1
92 0 84 1
79 0 92 2
95 0 28 2
6 0 81 1
67 0 89 1
22 2 4 2
70 1 98 2
39 2 99 1
76 0 95 0
93 0 5 0
13 0 33 2
3 2 47 1
4 0 52 1
92 0 62 1
57 0 86 0
95 0 39 1
18 0 21 1
95 0 96 2
23 0 63 1
20 2 89 1
22 0 21 1
44 2 2 1
82 1 39 2
15 2 99 1
54 0 93 1
55 2 97 1
68 1 95 1
81 0 96 1
79 0 46 1
64 0 4 2
100 1 77 1
67 0 74 1
36 2 65 1
89 0 2 2
7 2 43 1
24 0 14 0
96 0 71 2
70 0 1 1
1 2 40 2
56 0 69 0
37 1 10 1
74 0 21 1
38 0 35 2
68 0 84 2
42 0 94 2
49 0 94 1
65 1 17 2
32 0 11 0
37 0 1 2
95 2 67 1
15 0 88 1
27 1 43 2
90 0 69 1
74 1 16 1
87 0 38 0
40 0 64 2
80 0 78 2
100 2 73 1
81 0 75 1
88 0 6 2
14 1 8 2
42 0 79 1
69 1 31 1
3 2 68 1
38 2 45 2
77 0 83 1
58 0 26 2
64 0 33 2
81 0 30 2
8 0 57 2
69 1 45 2
47 2 62 1
48 0 93 1
62 0 10 2
70 0 91 0
95 2 11 1
68 2 5 2
83 0 37 2
98 0 93 1
60 2 25 1
39 2 4 1
47 0 73 2
67 0 87 2
92 0 35 2
83 0 74 2
29 1 95 1
25 2 77 2
1 0 49 2
95 0 29 2
61 0 56 1
47 0 36 1
18 0 89 0
94 0 78 0
48 2 80 1
78 2 39 2
29 0 89 2
79 0 42 1
50 0 64 2
78 0 23 1
95 0 76 1
54 0 14 2
42 0 13 2
2 0 48 2
74 1 69 1
42 1 8 2
43 0 64 2
45 0 65 1
100 1 75 1
21 0 23 1
12 0 93 1
78 0 81 1
75 0 53 1
91 0 28 1
16 0 86 1
73 2 86 2
6 1 97 2
7 2 19 1
18 0 63 1
83 0 82 2
96 0 31 2
41 0 5 0
63 1 25 2
57 0 58 2
24 0 35 1
25 0 41 1
41 0 1 2
97 0 30 1
26 1 25 1
85 0 10 0
3 2 39 1
93 0 11 1
81 0 29 2
35 0 95 1
98 0 63 1
62 0 96 2
44 0 27 2
83 2 87 1
67 0 86 2
33 1 98 1
67 0 14 2
64 0 21 1
3 2 85 1
72 0 90 0
79 0 90 1
99 0 72 1
48 0 25 1
64 2 67 1
70 2 38 2
28 0 80 2
92 0 13 1
8 0 72 2
64 1 71 2
65 0 23 2
57 0 24 2
5 0 24 1
75 0 49 1
1 0 3 1
71 0 19 1
43 0 83 1
20 1 61 1
19 0 10 0
37 0 24 1
91 1 17 2
19 0 11 1
3 1 50 1
85 0 93 2
98 0 43 2
11 0 27 2
86 0 78 1
36 0 32 1
8 0 19 2
85 1 36 2
43 0 77 2
42 0 83 1
95 0 92 1
7 2 47 1
46 1 52 2
11 0 35 1
56 1 22 2
88 0 60 1
15 0 7 2
28 1 16 2
32 0 87 2
90 0 32 1
13 0 7 1
33 1 69 2
43 0 16 0
87 1 2 1
90 2 76 2
18 0 90 1
84 0 10 2
88 2 80 2
2 0 56 2
66 0 93 2
35 0 81 1
4 0 60 1
7 0 100 2
73 0 83 2
98 0 83 2
58 0 38 1
33 1 18 1
76 0 12 2
98 0 85 2
9 0 100 1
65 0 69 1
32 0 71 1
1 0 86 1
92 0 61 1
55 1 68 2
27 0 2 2
11 0 35 1
73 0 65 2
45 0 67 2
68 0 41 1
26 2 38 2
9 0 23 1
52 0 66 2
98 0 84 2
48 2 65 1
42 0 41 2
15 0 82 2
83 0 54 0
100 1 99 2
12 0 23 1
32 0 7 2
17 0 91 1
61 0 7 2
94 2 11 1
66 1 45 1
100 0 72 1
40 2 61 1
80 1 77 1
89 0 72 2
69 0 2 1
6 0 80 0
30 0 10 1
89 0 39 1
15 0 51 1
65 2 87 1
76 0 88 1
77 0 45 1
37 0 29 2
97 0 20 2
85 2 61 1
68 0 9 1
73 2 81 1
22 0 12 2
96 0 92 2
24 0 74 2
19 1 50 1
33 0 95 0
10 0 28 2
92 0 57 0
68 2 60 1
1 0 57 0
34 0 14 2
72 0 90 2
1 2 45 1
89 0 95 2
42 0 4 0
3 0 83 0
26 2 13 2
37 2 40 2
74 1 4 2
28 0 71 2
24 0 74 1
80 0 94 1
70 0 99 2
73 0 53 1
43 0 29 1
87 2 7 1
11 0 62 1
43 0 28 1
78 1 14 1
36 1 89 2
54 1 42 2
16 0 31 1
52 0 10 2
15 0 50 2
69 0 60 2
51 1 15 2
8 0 23 1
45 0 2 1
100 2 79 2
77 0 31 1
88 2 67 1
41 2 71 1
99 0 80 1
100 0 72 2
93 2 27 1
69 0 66 1
70 0 68 2
36 2 89 1
42 0 85 1
40 0 66 2
38 2 34 2
70 0 9 1
8 0 9 0
68 0 44 1
78 2 9 1
3 0 57 2
85 0 33 0
73 2 50 2
65 0 50 2
66 0 58 2
1 0 11 0
42 2 79 2
10 0 38 2
27 2 45 1
36 1 43 1
51 2 98 1
86 0 95 0
87 0 35 2
68 1 95 1
29 1 44 2
6 0 37 0
3 2 83 2
40 0 69 2
81 2 61 1
37 0 4 0
77 0 85 1
21 2 32 2
41 1 60 2
94 0 54 1
72 0 70 1
36 2 75 1
70 0 47 1
30 1 91 1
61 0 71 2
55 2 69 2
96 0 44 2
98 0 78 1
85 0 12 1
84 0 11 1
35 0 19 2
33 0 5 1
62 2 69 1
61 0 35 1
92 2 62 1
67 0 8 1
65 1 76 1
65 0 39 2
52 0 69 2
19 1 81 1
61 0 74 2
68 0 90 2
79 0 23 2
36 2 52 2
1 2 62 1
85 0 60 0
49 0 14 1
12 0 55 1
62 0 16 1
100 1 8 2
18 1 77 1
52 0 55 2
23 1 16 2
63 1 42 2
83 0 15 0
79 0 78 2
80 0 6 1
86 0 96 1
59 0 2 2
72 2 24 2
54 0 48 1
95 0 66 2
66 2 40 2
83 0 27 2
57 0 26 1
58 1 13 1
85 0 41 0
64 0 58 2
70 2 7 2
25 0 95 0
43 0 29 2
7 2 84 1
48 0 47 0
20 0 14 0
88 0 15 0
95 0 94 2
53 2 35 2
98 0 63 2
51 0 58 1
62 2 77 1
65 1 48 1
1 0 78 1
63 1 91 1
33 0 18 2
100 2 26 1
65 2 99 2
52 0 14 2
62 0 45 1
12 0 26 1
97 2 42 1
98 0 65 2
28 0 36 1
70 1 44 1
53 0 37 2
3 0 34 2
28 2 12 1
79 0 18 2
44 0 84 2
1 0 100 1
84 2 57 1
72 0 47 0
17 0 93 2
57 2 62 2
40 1 86 1
55 1 75 1
57 0 11 1
38 0 82 2
54 1 47 1
55 0 74 1
58 0 20 0
30 2 9 2
26 2 49 2
87 1 14 2
45 0 41 2
52 0 62 1
57 0 48 1
65 0 72 1
14 0 44 2
69 0 87 2
26 0 2 0
12 0 63 2
73 2 47 1
60 0 1 1
26 1 71 1
60 0 31 0
45 2 52 2
77 0 46 2
69 0 45 2
36 2 58 1
6 0 41 1
71 0 16 0
33 1 38 1
12 1 77 1
76 0 64 2
90 0 52 1
29 2 40 1
66 2 68 1
85 1 2 2
9 0 69 2
51 0 79 1
97 0 39 2
25 0 47 1
95 0 40 1
86 0 22 1
12 0 3 2
80 1 10 2
27 0 32 1
43 2 28 1
91 0 85 2
19 2 13 1
1 2 44 2
93 0 30 2
15 0 28 1
78 0 85 2
91 2 86 1
70 0 37 1
64 0 88 0
22 0 74 1
100 0 38 1
7 0 89 1
98 0 1 1
86 1 52 2
87 2 58 1
93 0 86 1
26 0 56 2
89 0 87 1
44 0 17 0
57 0 46 2
31 0 90 2
11 1 98 2
10 0 72 1
52 0 44 2
83 0 46 1
95 0 56 2
25 2 16 2
88 0 38 1
97 0 2 1
74 1 32 1
56 0 70 2
20 2 75 1
22 1 52 1
60 0 2 2
55 0 27 0
1 0 53 1
45 0 65 2
76 0 64 2
95 0 3 2
23 0 2 0
28 0 26 2
70 1 81 1
37 2 79 2
38 2 65 1
7 0 99 2
10 0 48 2
20 0 33 1
17 0 39 1
56 2 64 2
98 0 57 2
5 0 48 1
20 0 26 1
29 0 46 2
73 0 20 2
2 0 13 2
59 2 12 1
4 0 55 1
74 0 32 2
53 0 16 0
87 2 57 2
43 0 68 1
19 1 27 2
24 0 92 1
64 0 74 1
100 0 93 1
13 0 84 1
100 0 31 2
69 0 26 1
14 0 46 1
40 1 25 2
10 0 58 2
56 1 90 2
3 1 87 2
88 0 69 2
56 2 16 1
61 1 11 1
23 1 96 1
28 0 33 1
61 1 52 2
31 0 81 2
74 1 97 1
23 0 79 2
65 0 22 1
30 0 68 2
19 1 30 1
32 0 33 1
69 0 19 2
93 0 87 2
73 0 80 0
63 0 84 2
1 2 25 1
46 0 87 1
27 0 73 0
40 0 75 2
89 0 32 1
54 1 28 2
60 0 72 2
59 2 9 1
87 0 59 2
31 0 81 2
21 0 94 2
25 0 93 2
51 1 15 1
53 2 40 1
57 0 1 1
95 0 100 1
43 0 65 1
36 2 52 2
98 0 43 1
20 2 32 2
65 0 81 1
42 0 27 1
22 0 92 1
54 1 91 1
69 2 34 1
20 0 63 0
4 0 42 1
80 0 84 2
30 0 53 2
33 2 86 1
43 0 51 2
3 1 79 2
76 0 68 1
9 0 90 2
95 0 70 1
60 2 76 1
60 1 67 2
63 0 93 1
33 2 10 1
9 2 31 1
15 0 20 1
27 0 12 2
91 0 20 1
48 2 59 1
16 0 63 1
37 0 94 1
55 0 20 2
7 1 89 2
85 0 71 2
94 2 38 2
51 0 72 1
52 0 18 2
64 0 48 1
68 0 78 1
34 0 47 1
47 0 97 1
71 1 31 1
42 0 64 2
24 0 46 1
74 0 75 0
48 1 89 2
22 0 94 2
73 0 38 1
79 0 69 2
33 0 75 0
22 0 56 1
88 1 5 1
22 0 98 2
66 2 45 2
46 1 15 1
7 2 41 2
5 0 97 2
21 0 30 1
22 0 40 2
7 0 84 2
6 0 76 2
46 2 49 1
9 0 86 1
87 0 41 2
65 0 41 2
3 0 47 2
96 0 86 0
7 0 81 1
93 1 27 1
78 0 46 1
70 0 57 1
99 0 19 2
89 0 68 2
49 0 6 2
91 0 28 2
74 0 23 1
37 0 56 2
2 1 44 1
84 2 1 2
1 0 43 0
78 0 47 0
61 0 11 0
33 1 10 1
82 0 32 0
10 0 37 1
73 0 71 1
83 0 72 2
37 0 2 1
79 0 30 2
94 0 51 1
46 0 80 2
83 0 12 1
57 0 41 2
70 0 78 2
76 0 72 2
100 2 27 2
75 0 48 2
93 0 100 2
36 0 38 2
30 0 58 2
31 0 73 1
5 0 98 1
29 1 16 1
86 0 12 2
45 0 26 2
22 0 19 2
7 2 20 2
45 0 58 2
11 2 17 2
78 0 98 0
93 2 64 2
68 0 7 2
3 1 84 2
70 0 99 2
7 1 9 2
26 2 83 2
31 0 37 1
30 2 52 2
97 0 51 1
97 0 73 2
44 0 26 1
51 0 27 1
62 0 51 2
59 1 80 1
51 0 92 2
18 0 83 2
13 0 41 2
47 0 30 1
12 1 31 1
48 0 57 0
62 0 58 2
36 0 70 2
35 1 23 2
66 0 34 0
28 0 8 0
12 2 62 1
63 0 84 1
5 1 12 1
66 0 4 1
46 2 28 2
61 0 28 0
100 0 44 0
35 2 34 2
6 0 17 0
31 0 19 2
64 0 34 0
78 0 63 0
12 0 54 1
68 2 45 2
92 1 2 2
48 0 76 2
80 0 27 2
42 0 68 2
82 1 95 2
23 0 57 0
4 0 87 1
14 1 5 2
71 0 99 2
98 0 95 1
82 1 49 1
6 2 80 1
90 1 18 2
98 0 94 1
64 0 34 1
47 0 94 2
13 0 46 2
63 0 17 2
26 2 5 1
84 0 92 2
56 1 77 2
60 1 77 1
95 0 99 1
19 0 83 2
13 1 31 1
88 1 50 2
46 0 42 1
18 0 84 1
91 0 14 1
93 0 97 0
19 0 73 2
47 0 82 2
57 2 52 1
42 0 83 1
40 0 46 2
63 0 44 1
34 0 96 1
53 2 77 1
44 0 75 1
86 0 28 2
30 0 23 2
5 2 67 2
96 0 51 2
95 0 96 2
33 2 4 2
24 2 69 2
18 0 100 2
20 0 5 0
6 0 58 2
86 0 82 2
96 2 77 1
4 0 84 1
25 0 18 1
63 0 70 2
43 1 91 1
11 0 56 2
97 0 76 1
45 0 14 1
100 1 18 2
3 1 75 1
76 0 54 2
78 0 38 1
82 1 60 1
50 0 72 2
6 0 18 1
40 2 75 2
33 2 9 2
97 0 29 2
80 1 86 1
56 0 88 2
98 0 11 1
17 0 3 1
9 0 85 2
42 2 11 1
62 0 37 1
76 0 1 1
19 0 81 0
55 0 64 2
26 0 1 2
96 1 76 2
62 0 35 1
52 0 26 2
77 0 21 1
47 0 38 1
21 0 39 2
93 1 44 1
77 0 84 2
33 0 80 1
7 0 54 1
26 2 85 1
11 0 32 2
41 0 35 1
98 0 37 2
60 0 36 2
93 0 27 2
98 0 30 2
51 2 25 2
75 0 30 2
16 2 67 1
31 0 63 2
98 0 68 2
8 0 69 1
32 1 25 2
5 0 50 1
49 0 23 2
34 0 39 2
18 0 66 1
40 0 78 1
17 0 66 1
94 0 78 0
45 0 83 1
62 0 29 1
19 1 76 1
30 1 96 1
49 0 53 2
3 2 47 2
44 2 1 1
13 0 28 1
50 0 76 2
39 0 5 0
100 2 86 2
60 0 45 0
54 1 15 2
97 1 5 1
78 0 6 2
28 0 80 2
28 0 83 1
72 0 13 2
20 2 98 1
34 0 80 2
59 1 21 1
81 0 83 2
51 2 8 1
84 1 65 2
100 2 49 1
13 0 89 2
91 0 94 1
28 0 89 2
49 0 25 0
71 0 56 2
91 0 43 1
63 0 21 0
62 1 91 1
42 1 9 2
15 0 38 1
21 2 12 1
82 2 1 2
13 0 94 1
36 0 12 2
27 1 34 2
76 2 81 1
28 0 20 2
1 1 9 2
27 0 25 0
19 1 97 1
69 0 93 2
90 0 72 1
62 0 72 1
34 0 73 1
46 1 94 1
84 0 34 2
34 0 89 1
100 1 55 1
27 0 40 0
22 1 75 2
86 0 6 1
22 0 44 2
16 0 97 1
29 2 70 1
89 0 92 1
5 1 77 2
60 1 95 1
59 0 66 2
26 1 42 2
67 0 71 1
8 0 56 2
27 0 3 1
83 1 63 2
66 1 83 1
16 2 99 1
93 2 57 2
34 0 43 1
83 1 98 2
74 0 63 2
95 0 56 1
7 2 54 2
99 0 93 1
77 0 4 1
39 0 35 1
55 2 58 1
61 0 65 2
94 2 47 1
16 0 29 1
76 0 55 1
13 0 7 1
66 0 8 2
73 1 62 1
33 1 62 2
18 0 70 1
73 2 22 2
17 0 49 1
21 2 54 1
62 0 78 1
56 2 83 1
15 0 96 2
16 0 60 1
27 0 93 1
75 0 27 1
31 0 85 2
41 2 87 1
12 1 50 1
15 0 79 2
19 0 20 1
23 2 6 2
19 2 21 1
35 0 82 0
35 1 47 2
18 0 33 2
88 0 56 2
46 2 42 2
48 0 61 1
8 0 29 2
18 2 13 1
97 0 24 2
62 0 93 2
33 0 34 2
70 1 2 1
68 1 18 1
36 0 90 1
71 0 97 1
63 1 79 2
72 0 29 0
55 0 34 0
40 0 49 0
60 0 58 1
68 2 95 1
22 0 4 2
8 0 54 1
26 0 57 1
79 0 43 2
83 1 87 1
32 0 33 2
73 0 26 2
3 1 14 1
45 2 28 1
68 0 46 1
85 0 25 0
17 0 49 1
4 0 42 1
24 2 67 2
47 1 11 1
36 0 51 2
86 0 20 2
72 0 60 2
96 0 23 1
39 0 30 1
7 1 37 2
36 1 89 1
85 1 75 2
20 0 29 2
80 0 12 0
7 0 96 1
49 0 89 2
49 2 86 2
10 0 79 0
11 0 85 2
19 0 59 2
24 0 71 2
41 2 48 1
19 0 42 2
74 0 43 1
4 0 97 2
48 0 45 2
18 0 39 1
54 2 21 1
44 0 82 1
54 1 98 2
99 0 11 2
59 0 66 1
21 1 76 2
9 0 7 2
67 0 21 1
91 0 10 1
98 0 32 1
12 2 28 1
41 0 50 0
53 1 10 1
79 0 92 1
43 0 28 0
90 2 36 1
94 0 29 1
42 0 61 0
75 0 27 2
62 0 27 2
63 0 23 2
65 0 51 2
34 0 64 1
6 0 73 1
23 2 64 2
97 1 43 1
62 0 52 1
65 0 78 2
38 0 5 0
49 2 40 1
78 2 75 1
91 0 68 1
61 0 7 2
53 1 40 2
28 0 32 2
36 0 7 2
81 0 57 2
54 0 69 0
15 0 68 2
4 1 77 2
60 0 21 1
52 1 98 1
38 0 92 2
55 0 25 2
77 0 74 2
44 2 9 1
38 0 31 2
11 2 9 1
70 1 49 1
38 2 87 1
47 0 54 1
35 0 75 1
100 1 95 2
34 0 38 1
92 2 13 1
85 0 48 0
50 0 22 2
31 2 16 1
42 2 95 1
3 0 59 2
44 0 3 2
15 0 35 2
74 2 18 2
93 1 81 1
93 2 89 2
32 0 29 2
14 2 34 1
2 0 77 0
4 0 46 2
69 0 71 2
53 2 44 1
29 2 9 2
55 1 19 1
5 0 20 1
31 0 61 1
64 1 79 2
14 0 73 2
5 0 55 2
56 0 60 1
22 0 30 2
32 0 64 1
15 0 62 2
1 0 66 1
70 2 17 2
59 0 12 1
91 0 38 1
93 1 73 2
87 0 41 2
67 0 19 1
27 0 53 1
5 0 57 1
36 0 19 2
79 0 73 2
47 1 89 1
55 0 48 1
84 1 90 1
82 0 11 0
73 2 14 1
2 0 65 1
61 0 44 1
24 0 56 1
42 0 66 1
58 0 63 2
35 2 56 1
97 2 11 2
11 0 41 2
52 0 5 2
32 0 65 1
55 2 25 2
54 2 28 2
53 2 59 2
44 0 73 0
85 0 53 2
98 0 59 2
7 2 51 2
90 0 31 0
60 0 4 1
89 0 20 1
3 2 10 1
78 0 25 1
42 0 26 2
97 0 23 2
38 0 58 2
84 0 21 2
9 2 76 1
72 0 49 2
25 0 68 1
9 0 92 2
27 0 35 1
10 0 51 2
78 1 67 1
66 2 26 1
57 1 43 1
32 0 2 2
31 0 73 1
90 1 79 1
60 0 42 0
8 0 40 1
24 1 71 2
40 0 13 2
76 2 77 2
1 0 85 2
48 1 90 1
14 0 59 1
40 0 90 2
72 1 88 2
49 2 25 2
54 0 31 2
45 0 20 2
80 0 65 1
67 0 88 2
79 0 58 1
24 0 82 1
41 0 42 1
53 1 64 2
11 0 86 2
25 0 50 2
42 0 68 1
38 0 54 2
26 2 80 2
88 0 27 1
8 0 68 1
82 0 10 1
17 0 39 1
100 0 44 1
29 1 80 1
91 0 98 0
82 0 26 0
73 1 89 2
60 1 16 2
89 0 8 2
1 2 47 1
89 0 23 2
25 0 9 1
34 0 54 2
35 2 9 1
22 0 70 2
5 0 49 0
65 0 83 2
12 0 35 2
99 0 86 1
50 1 99 2
42 0 7 1
44 0 49 0
7 2 55 1
61 0 43 1
48 2 11 2
27 1 68 2
81 0 40 2
33 1 5 1
73 0 28 2
3 2 14 1
58 2 83 1
36 2 50 1
15 0 91 1
17 0 92 2
43 0 68 2
23 1 21 1
11 0 67 2
64 2 22 2
52 0 86 2
56 0 43 0
68 0 74 1
79 0 2 2
98 0 85 1
99 0 16 1
7 0 79 0
6 0 86 0
44 1 96 2
78 2 40 2
29 2 24 2
36 2 79 1
43 0 50 0
41 0 60 1
34 0 30 1
49 0 12 1
24 2 32 1
5 2 37 1
57 0 83 2
79 0 60 2
4 0 48 1
50 0 86 1
5 2 4 2
66 0 20 1
85 2 6 1
71 0 39 2
44 2 79 2
37 0 97 0
25 0 23 2
42 0 61 2
91 0 58 2
66 2 2 2
9 0 91 2
62 0 42 2
37 0 63 1
79 0 13 1
65 2 28 1
5 0 38 2
3 2 1 1
17 0 12 1
10 0 19 2
27 0 70 1
71 0 84 1
28 2 34 2
8 0 39 1
100 0 5 0
57 0 23 2
54 0 83 1
60 0 70 1
85 2 24 1
71 0 57 1
44 0 70 2
8 0 50 2
74 1 16 2
89 0 42 1
84 0 90 2
36 0 47 2
11 0 27 1
58 0 53 2
63 0 53 1
37 2 16 1
76 2 95 2
48 0 52 2
13 0 74 1
44 1 14 1
9 0 72 1
71 0 90 2
25 0 53 2
8 1 17 1
73 2 43 1
54 0 66 1
89 0 37 1
89 0 28 2
88 0 44 1
20 0 33 2
94 2 39 2
13 0 15 1
44 0 95 0
78 2 36 1
4 1 31 2
90 0 76 0
63 0 53 2
40 1 18 1
52 1 77 1
9 0 53 1
14 1 95 1
2 2 32 1
82 0 80 2
79 2 99 1
51 1 40 1
41 1 86 1
72 1 10 1
11 0 63 2
48 1 81 2
46 0 1 0
41 0 82 2
2 0 87 2
40 0 12 0
59 2 47 2
25 0 64 2
42 2 43 1
24 0 41 0
79 0 91 1
5 0 83 1
24 0 19 1
32 0 73 1
13 0 20 1
33 2 41 2
93 2 75 2
57 0 5 2
96 0 4 0
33 1 47 1
41 0 11 0
91 0 35 1
94 2 13 1
71 0 1 1
13 0 49 2
30 1 80 2
12 0 25 0
23 0 26 1
40 2 28 2
24 1 60 2
29 0 68 0
14 0 84 1
8 0 17 0
40 2 31 2
41 0 74 2
28 1 4 1
50 2 8 1
41 0 4 0
53 0 83 2
9 0 26 2
52 0 81 2
90 1 99 2
73 0 29 2
84 0 74 2
36 0 34 0
88 0 29 1
58 0 62 2
25 0 90 1
87 2 18 1
48 0 50 2
86 0 72 2
26 0 48 0
100 0 79 0
15 0 84 1
3 0 78 1
53 0 97 0
16 0 34 1
71 0 88 1
34 0 49 1
7 2 22 2
11 0 96 2
47 0 20 1
18 0 60 1
88 2 15 2
48 2 34 1
52 0 23 2
77 0 39 2
49 2 31 1
94 1 91 1
89 0 14 2
42 0 36 1
59 0 71 1
87 0 58 2
93 0 10 1
40 0 95 0
33 2 29 1
64 1 57 1
40 2 13 1
43 0 76 1
76 0 39 2
100 0 71 2
57 0 50 2
85 0 45 2
63 1 91 2
81 0 97 2
88 0 82 1
68 0 41 1
22 0 80 1
41 1 16 1
20 1 6 2
85 2 73 2
20 1 60 2
97 2 18 1
31 0 92 2
15 0 94 2
31 0 61 2
44 0 18 0
55 0 72 2
65 2 36 1
70 2 29 1
17 2 67 1
13 0 76 1
31 0 18 1
12 0 41 1
97 0 93 2
50 0 35 1
81 2 50 1
14 0 22 1
58 2 80 2
17 0 14 2
48 0 82 2
90 1 91 1
20 1 10 1
94 2 97 2
85 0 46 0
67 0 42 2
62 0 20 1
28 0 18 1
54 1 32 1
98 0 17 2
74 2 62 2
63 1 11 2
94 2 52 1
96 1 60 1
98 0 56 1
65 0 56 1
66 0 15 2
19 0 96 0
66 0 1 1
86 0 23 2
29 0 39 0
52 0 68 1
96 2 98 2
16 0 84 1
81 0 69 1
79 1 15 1
37 1 91 2
21 0 92 1
69 0 58 2
20 2 90 2
83 0 97 2
16 0 73 2
63 0 56 2
2 0 49 2
64 1 21 1
37 0 32 0
88 0 94 2
63 2 57 2
78 0 92 2
55 1 51 1
78 2 16 1
42 0 29 2
72 0 54 2
11 0 16 2
71 0 86 2
60 0 53 1
78 1 24 1
41 2 44 1
25 0 96 1
25 0 51 2
9 0 20 1
24 2 48 1
12 0 20 2
18 0 51 2
16 2 79 2
74 0 72 2
79 0 72 2
62 1 16 2
94 0 65 1
68 0 55 1
32 0 74 1
86 1 52 2
57 0 16 2
53 0 5 2
23 0 3 2
77 0 11 2
10 0 80 1
25 0 72 2
44 2 86 2
59 2 10 2
56 0 38 0
46 2 50 2
78 2 97 2
94 0 93 1
10 0 5 1
12 0 71 2
5 1 8 2
64 0 90 1
61 0 36 1
4 0 43 2
38 0 51 0
25 0 30 2
34 0 60 1
50 0 57 2
96 0 38 1
79 0 76 2
25 2 67 2
87 2 73 1
79 0 93 1
78 0 36 2
20 2 41 1
18 0 20 1
55 0 97 0
4 0 86 2
58 1 6 2
98 0 6 1
39 0 83 2
16 0 86 2
6 0 42 0
4 0 68 1
47 1 91 2
49 0 60 1
37 0 99 0
26 1 89 2
42 2 12 1
28 0 71 1
87 0 23 1
22 0 36 2
13 0 92 1
97 2 73 1
98 0 3 1
87 2 50 1
45 0 63 1
35 0 17 2
7 1 52 2
51 0 77 0
61 0 73 2
32 0 33 2
49 0 20 1
84 1 16 2
76 0 66 2
45 0 25 1
25 0 30 1
52 0 3 1
39 0 48 2
76 0 97 2
20 0 70 2
92 1 44 2
8 0 97 1
6 0 93 1
16 0 90 2
25 0 39 2
53 1 77 1
96 2 68 1
56 1 75 1
49 0 41 1
2 2 40 1
9 0 81 1
33 0 93 2
93 1 44 2
6 0 81 2
78 0 88 0
52 2 98 1
16 0 81 2
4 0 70 2
35 0 61 0
19 1 22 2
6 0 4 2
78 0 79 2
48 1 2 1
46 0 1 2
3 1 93 1
60 0 38 2
3 2 58 2
45 0 21 1
11 0 94 1
94 0 72 1
59 2 54 2
88 0 99 2
29 0 80 2
49 0 51 2
42 0 34 1
65 0 61 0
7 0 65 2
89 0 7 1
76 0 36 1
97 1 49 1
68 0 44 2
44 0 19 1
68 0 24 2
28 0 84 1
12 0 83 1
86 0 84 1
58 1 25 1
98 0 30 1
14 0 7 1
72 0 16 1
21 0 67 0
9 0 89 1
36 1 68 1
34 0 63 1
70 0 71 0
18 0 86 1
37 0 85 1
62 0 29 2
44 0 95 1
13 0 81 1
7 0 93 1
74 1 100 1
28 0 52 2
70 0 95 2
55 2 54 2
28 2 86 2
31 0 11 1
23 2 55 2
80 2 68 2
9 0 73 2
87 1 39 1
59 2 38 2
68 0 43 1
21 0 67 0
80 0 68 2
43 0 29 2
54 1 79 2
41 0 83 0
85 2 91 2
17 0 14 2
50 1 17 1
74 0 27 1
64 2 27 2
97 2 62 2
91 0 39 1
9 2 31 2
84 0 50 2
85 2 3 1
7 0 53 1
77 0 75 2
93 1 42 2
89 0 80 2
28 0 37 2
50 0 84 2
82 2 97 1
72 2 46 1
2 0 69 1
3 0 7 0
97 0 90 2
39 1 22 2
7 2 26 1
78 2 96 1
30 0 74 2
74 2 2 2
67 0 57 2
83 0 23 1
67 0 74 1
10 0 36 2
76 2 17 2
58 1 83 1
63 2 13 1
1 2 38 1
69 0 85 2
54 0 16 1
51 0 41 1
91 0 8 1
39 1 88 1
43 0 56 1
23 2 25 2
63 0 50 2
24 0 49 2
12 0 90 1
11 0 77 2
94 0 29 2
96 2 45 1
48 0 18 1
6 2 59 1
29 0 5 2
24 2 45 2
41 2 71 2
20 2 77 1
68 0 51 1
8 0 24 2
38 0 74 2
44 0 65 2
89 0 59 1
51 2 59 1
92 0 90 0
72 0 54 1
75 0 20 2
18 0 30 2
1 0 60 2
74 1 21 1
90 1 16 2
38 1 96 1
65 0 70 2
69 0 65 2
6 0 94 1
92 1 23 1
85 0 29 2
70 0 83 1
35 0 46 2
54 0 29 1
22 0 25 1
31 0 64 2
16 0 23 1
17 0 82 1
97 1 67 2
81 2 76 2
57 0 31 0
72 1 18 1
96 0 93 1
5 2 97 1
38 1 88 2
99 0 30 1
40 0 29 2
31 0 25 2
66 1 22 2
59 1 42 1
45 0 37 1
40 0 30 1
45 2 43 1
26 0 24 0
34 0 94 2
16 0 65 2
18 0 69 2
45 0 3 2
39 0 34 2
29 0 17 0
89 0 33 2
72 2 18 2
35 0 77 1
27 0 51 1
37 0 21 2
16 0 57 1
46 0 52 1
20 2 4 2
39 0 43 1
21 0 54 2
68 0 90 1
87 2 42 1
50 0 54 1
26 1 65 1
78 0 66 1
22 0 84 1
96 2 10 2
58 2 66 1
39 0 17 0
74 2 58 2
22 0 51 2
45 0 47 1
13 0 88 1
44 2 89 1
75 0 95 1
89 0 5 2
16 0 64 1
52 0 6 2
8 0 4 0
65 0 7 1
32 0 10 1
51 0 26 1
45 0 66 2
37 0 64 2
45 0 89 1
80 0 60 1
58 0 54 0
40 0 5 1
50 0 30 1
30 0 83 1
87 0 50 1
90 0 33 2
96 0 30 2
49 0 53 1
10 0 61 1
22 2 91 2
21 0 93 2
53 0 83 2
55 0 89 2
28 0 39 1
38 2 58 1
17 0 4 2
76 0 7 1
7 0 96 1
76 0 33 2
56 0 46 0
78 0 72 1
50 1 91 1
53 1 55 2
4 0 35 1
31 0 74 1
59 2 43 2
83 0 18 0
6 0 1 2
53 1 15 2
69 0 24 1
58 1 44 2
13 0 70 2
56 0 82 0
40 0 41 1
68 1 45 2
24 2 75 2
33 0 92 1
32 0 65 2
90 1 57 1
89 0 25 2
13 0 91 1
46 0 74 2
52 0 11 2
20 0 10 2
95 1 13 2
23 1 40 2
45 0 88 2
3 0 85 2
9 0 63 1
35 2 56 1
80 0 34 1
15 0 51 2
58 0 97 2
86 1 99 1
26 2 59 2
73 0 41 2
36 0 94 2
10 0 40 2
57 0 88 1
64 2 45 2
14 0 67 0
11 0 52 2
41 2 62 2
23 2 34 2
48 2 75 1
47 0 24 2
73 0 43 0
70 2 85 1
46 2 93 1
9 0 61 2
29 0 15 1
12 0 9 2
77 0 88 2
49 0 41 1
6 2 18 2
6 0 71 1
16 0 8 2
78 2 94 1
18 1 98 2
98 0 2 2
25 2 52 2
92 2 29 2
90 0 69 1
25 0 1 1
15 0 80 1
48 0 100 2
23 0 99 0
54 2 90 1
7 0 64 1
13 0 50 2
51 0 60 0
5 2 97 1
22 0 54 1
18 0 83 2
14 2 22 1
85 0 94 0
91 0 45 2
99 0 23 2
89 0 71 2
26 0 92 2
60 1 49 1
74 1 30 2
52 0 90 1
47 2 91 1
70 1 48 1
94 2 48 1
42 0 92 2
100 1 81 1
67 0 81 2
37 0 2 1
75 1 79 1
33 1 8 1
60 0 72 1
67 0 43 2
21 0 28 0
2 0 90 2
84 0 8 2
91 2 75 1
67 0 86 1
73 2 27 1
40 0 89 0
21 0 52 1
98 0 19 1
2 2 75 1
41 2 67 1
17 0 34 2
40 1 49 1
48 0 20 2
11 0 76 1
79 0 71 1
78 1 37 2
75 0 86 2
8 0 13 0
51 0 3 2
43 0 78 2
51 0 53 1
80 0 39 1
58 2 50 2
48 2 32 1
28 0 46 2
74 1 32 2
3 0 97 0
3 2 13 1
100 1 15 1
73 1 75 1
65 1 47 2
9 2 34 1
68 0 66 2
4 0 73 1
45 0 70 1
30 0 53 2
70 1 10 2
65 2 51 2
32 0 11 1
8 0 58 2
46 1 64 2
48 1 43 2
37 2 79 2
68 0 74 1
24 0 34 0
1 0 78 1
99 0 70 2
34 1 15 1
55 0 66 2
4 0 33 2
8 0 28 2
34 0 36 2
81 2 22 1
28 2 42 1
16 0 44 2
39 0 88 2
26 0 84 1
70 1 66 1
95 0 59 2
77 0 69 1
12 0 96 1
9 0 34 2
81 0 3 1
32 0 77 2
49 0 6 1
26 0 53 2
9 0 83 1
97 0 78 1
80 0 51 2
94 1 37 1
50 0 88 2
54 0 55 2
53 2 85 1
17 0 40 1
81 2 95 2
1 0 17 2
56 1 29 1
4 0 38 1
4 0 68 1
87 1 24 1
66 2 47 1
63 0 26 2
70 2 43 1
100 1 36 2
55 0 12 2
98 0 25 1
46 0 4 2
44 0 26 2
47 0 21 1
88 2 40 2
30 0 74 2
98 0 5 1
56 0 77 2
100 2 76 1
13 0 88 1
70 0 3 2
92 0 12 0
89 0 100 1
83 2 15 1
26 1 87 1
90 1 18 1
48 1 16 2
84 2 1 1
86 0 70 1
24 0 22 2
6 2 49 1
22 0 39 1
99 0 27 1
19 0 23 1
43 0 21 2
57 1 42 2
82 2 44 1
33 2 44 2
65 2 73 2
81 0 36 2
16 2 13 2
8 1 17 2
9 0 51 2
40 0 66 1
90 0 98 1
3 0 62 2
84 0 75 0
77 0 23 2
88 0 65 1
22 0 40 1
100 0 74 2
15 0 78 2
23 0 29 1
73 2 86 2
33 2 87 2
30 1 5 1
36 1 76 1
49 0 100 2
11 0 49 2
16 0 86 1
48 0 66 1
26 2 71 2
83 1 44 2
27 2 60 2
51 0 20 1
21 0 12 0
69 0 47 2
97 0 63 2
50 2 18 1
82 2 57 1
69 0 38 2
3 0 60 2
24 1 45 1
63 0 64 0
35 0 89 1
38 0 78 2
73 0 24 1
45 0 70 2
61 0 16 1
33 2 51 1
94 0 5 2
43 0 33 1
32 0 100 2
68 1 15 1
8 0 26 2
8 0 27 2
29 0 57 2
73 2 40 2
9 0 32 2
53 2 7 1
6 2 17 2
21 0 36 1
73 0 74 1
76 0 60 1
27 0 7 2
74 2 40 1
83 2 15 1
94 1 34 1
27 0 6 1
41 2 38 1
6 0 57 1
13 0 81 2
56 0 54 0
96 1 79 1
23 2 22 1
7 1 78 1
85 2 33 1
88 1 99 2
2 0 60 0
100 0 74 1
100 0 34 1
9 0 57 2
47 0 80 2
28 0 21 1
79 0 11 2
72 2 35 2
23 1 44 1
50 0 35 1
96 0 33 1
35 2 33 1
86 0 74 2
23 0 1 0
95 0 92 2
14 0 25 1
94 1 21 1
2 0 48 2
78 0 84 1
24 0 33 2
45 0 100 2
11 0 39 1
100 0 92 1
29 0 75 1
53 0 65 0
8 2 75 2
1 1 91 2
54 0 38 2
21 0 48 1
6 2 32 1
61 0 14 2
85 1 34 2
24 0 27 0
65 0 42 0
4 0 48 2
49 0 26 2
69 0 54 1
89 0 92 1
48 0 86 0
86 0 83 1
98 0 57 2
66 0 27 2
70 2 83 1
19 1 81 2
81 0 72 2
17 0 89 1
40 0 55 2
42 2 49 1
23 0 69 0
94 0 88 2
18 0 53 1
14 0 20 1
96 0 24 2
73 0 33 2
41 0 17 0
60 2 22 1
73 1 47 1
42 0 84 2
91 0 49 2
58 0 30 1
97 0 51 1
66 1 54 2
54 0 92 1
85 2 90 2
29 2 55 1
12 0 49 2
18 0 46 2
37 0 98 0
35 1 87 2
26 1 99 2
68 1 91 2
52 0 11 1
23 0 79 0
12 0 37 2
14 0 6 2
1 0 24 2
79 0 61 2
77 0 1 1
59 2 91 2
36 2 97 1
51 2 49 1
6 0 92 2
10 0 97 1
3 0 75 0
62 1 98 2
79 0 82 1
89 2 25 1
72 0 19 0
34 0 62 2
45 0 53 1
66 0 38 1
18 0 83 1
100 2 91 2
88 1 50 1
61 0 36 2
47 1 75 2
90 1 75 1
82 0 87 2
16 1 52 1
51 0 6 2
64 2 86 1
20 0 58 2
68 0 100 1
53 2 51 2
79 0 66 1
95 0 8 1
56 0 63 2
34 0 56 1
68 1 9 1
81 0 63 1
31 0 56 2
1 0 58 2
14 0 99 0
99 2 10 2
10 0 100 2
82 0 4 2
76 0 64 2
74 2 73 1
76 0 37 1
2 0 59 1
6 0 85 2
37 0 96 2
18 0 36 2
19 0 77 2
11 0 14 1
25 0 99 0
56 2 2 1
43 0 11 1
26 2 61 1
97 2 76 1
6 0 16 0
24 0 8 0
43 0 100 1
37 0 23 1
12 0 88 2
91 0 96 2
50 0 21 1
5 0 10 2
5 0 70 2
47 2 77 2
65 0 78 2
2 0 84 2
67 0 30 2
12 0 76 1
79 0 20 2
33 0 57 2
9 1 95 1
4 0 7 2
27 1 50 2
97 0 46 1
18 0 63 2
89 0 61 1
40 0 57 1
72 0 4 0
98 0 36 1
55 0 94 1
98 0 30 2
11 0 49 2
48 0 100 1
92 2 6 1
36 0 75 0
41 2 87 2
18 0 48 2
3 2 94 2
83 2 6 2
95 0 32 1
6 1 50 1
52 0 70 1
61 0 36 2
85 0 86 0
59 0 61 2
42 0 38 1
3 0 38 1
45 0 59 2
18 0 77 1
45 0 88 1
69 0 78 1
36 2 18 1
90 1 73 1
10 0 81 1
72 0 87 1
21 0 50 1
100 0 56 2
80 0 94 1
68 0 9 0
37 0 93 1
24 0 2 0
73 0 64 1
66 2 13 1
94 0 40 0
59 2 14 2
17 0 28 2
76 0 66 1
60 0 73 2
5 0 88 2
45 0 46 2
59 0 88 1
95 0 87 1
90 0 20 1
56 1 30 1
16 0 33 2
23 1 41 1
19 0 92 1
92 1 48 2
57 0 35 1
75 0 56 2
18 0 85 2
100 0 80 2
35 0 29 1
100 0 92 2
25 0 68 2
11 0 91 1
74 0 45 1
16 0 20 1
49 0 43 2
8 0 84 1
47 2 79 1
65 0 66 2
59 1 16 2
5 1 67 1
43 0 2 2
96 0 57 2
90 0 15 1
32 0 7 1
33 0 69 0
54 0 87 2
43 0 53 2
91 0 72 2
32 2 79 1
3 2 43 1
19 2 30 1
20 2 30 2
71 0 70 2
20 2 61 2
57 0 42 2
79 0 77 0
93 1 43 1
36 0 93 1
95 0 34 2
45 0 40 2
49 1 91 1
25 0 85 1
41 1 57 1
74 0 47 1
95 0 72 1
23 0 33 2
81 0 25 1
27 1 43 1
75 0 18 1
15 2 31 1
27 0 74 2
27 1 73 1
21 0 84 2
30 0 44 2
48 0 86 1
89 0 45 1
94 0 70 2
39 0 3 1
72 0 53 2
38 1 75 2
96 0 85 1
92 0 14 1
90 2 80 1
100 2 8 1
47 0 87 1
46 2 69 1
75 0 52 2
97 2 52 2
97 0 73 1
62 0 93 1
78 0 70 1
95 0 16 2
13 0 9 1
38 0 94 1
26 1 57 1
80 0 51 1
76 0 63 2
69 1 75 1
13 0 1 1
68 1 52 2
66 0 70 2
73 0 70 1
20 2 87 1
15 0 76 1
70 2 89 2
73 0 65 2
8 0 90 1
6 0 87 2
83 0 62 2
18 0 62 1
33 0 35 1
25 0 24 2
19 0 2 0
37 0 15 1
73 0 66 2
97 0 98 0
53 2 25 2
87 2 54 2
7 2 61 1
31 0 6 1
63 0 6 0
62 0 35 1
49 0 71 0
50 0 62 2
1 0 93 2
32 2 13 2
6 0 72 1
62 1 95 2
44 0 53 2
23 0 54 2
14 0 29 1
28 1 11 1
7 0 73 2
75 0 86 2
16 0 54 1
54 0 28 2
82 2 38 1
27 0 56 1
58 2 16 1
41 1 77 1
50 0 35 1
43 1 17 1
56 0 89 2
77 0 83 1
62 2 91 1
25 0 38 1
6 0 93 1
24 0 17 0
64 1 96 2
3 0 55 2
16 0 67 1
24 2 98 1
27 0 73 2
97 1 4 2
49 0 20 2
47 0 68 1
75 0 19 1
48 0 60 0
23 2 46 1
64 0 29 2
12 2 10 2
85 1 15 2
52 0 8 1
68 0 16 0
60 0 83 2
100 1 60 2
82 2 11 1
37 0 56 2
59 2 55 1
98 0 34 1
46 0 33 2
82 0 76 0
5 0 86 0
92 0 31 0
61 2 71 1
32 0 72 2
9 0 56 2
30 0 33 2
13 0 95 1
48 0 65 1
57 0 62 1
79 0 30 1
45 0 1 2
51 1 15 1
88 0 45 1
3 2 37 2
19 0 13 2
91 0 38 2
2 0 54 2
87 2 32 1
24 1 49 2
7 1 11 2
38 0 35 2
15 0 26 2
58 0 22 2
79 0 19 2
53 2 19 1
74 0 49 2
23 0 4 1
3 2 11 1
4 0 75 1
5 0 14 1
41 1 44 1
99 0 33 2
83 0 26 2
37 2 8 2
25 2 89 1
46 0 26 1
24 2 88 2
26 0 65 1
60 0 17 0
33 2 37 2
19 2 28 1
65 0 23 1
87 0 83 1
45 0 76 2
86 0 74 1
17 0 32 2
77 0 3 1
37 0 92 2
22 1 15 2
46 0 100 1
38 0 7 2
25 0 29 1
32 0 100 1
50 0 99 1
26 2 15 1
35 0 44 0
18 1 77 2
92 0 59 2
73 2 96 2
34 1 15 1
57 2 45 1
93 0 89 2
65 0 44 2
59 1 40 2
65 2 20 1
80 1 86 2
7 1 43 1
66 2 41 1
27 0 30 1
83 2 86 1
72 1 27 2
68 0 76 0
22 2 17 2
75 0 64 1
50 0 7 2
34 0 18 1
93 0 8 0
19 1 2 2
94 0 66 2
58 0 87 1
80 0 53 1
31 0 60 2
39 0 90 2
33 0 93 2
25 1 67 1
38 2 2 2
1 0 20 2
84 0 22 2
27 0 82 2
61 0 2 2
56 2 82 2
12 0 55 1
90 2 18 2
28 0 17 1
50 0 77 2
69 0 90 1
13 2 77 1
81 0 63 2
33 2 42 2
44 2 9 2
83 2 8 1
47 0 59 1
87 2 4 1
73 0 19 2
92 0 41 1
8 2 52 1
59 0 53 2
97 0 92 2
81 0 62 1
79 0 48 1
31 0 1 1
44 0 27 1
67 2 52 1
53 2 80 1
4 0 12 1
22 0 58 1
6 2 9 1
28 0 32 2
39 0 78 1
99 0 25 2
80 0 20 1
42 1 17 2
44 0 71 0
76 0 100 2
50 0 85 1
100 1 48 1
69 0 92 2
1 1 10 1
30 2 62 2
100 0 66 1
50 0 20 1
60 0 48 2
58 0 30 1
9 0 6 1
72 2 17 2
44 1 68 2
3 0 39 1
29 2 59 1
1 0 75 2
30 2 61 2
9 0 8 2
15 0 56 2
33 2 16 2
59 0 6 2
11 0 37 2
87 0 41 2
7 0 8 0
77 0 70 2
7 0 74 1
55 2 52 1
88 0 64 1
67 0 24 1
54 1 88 1
21 0 8 1
44 0 22 0
29 0 1 1
54 0 46 1
48 1 91 1
8 0 73 2
31 0 89 1
3 0 86 2
88 0 20 1
45 1 9 1
46 0 13 0
44 0 38 2
91 0 34 0
68 0 27 1
52 0 39 2
35 2 97 2
41 1 31 1
88 1 34 2
69 0 53 1
24 0 33 2
61 0 14 2
38 0 60 1
29 0 35 2
77 0 88 1
44 0 20 1
51 0 3 1
98 0 88 2
96 0 84 2
23 2 17 1
39 2 96 2
4 0 11 1
81 0 55 2
65 0 46 2
7 1 47 2
58 1 91 1
25 0 35 1
21 0 70 1
97 0 9 2
17 0 95 2
24 0 1 2
30 2 6 1
95 0 9 0
67 0 3 1
61 2 50 2
29 0 58 1
67 0 42 1
68 0 44 1
51 0 41 1
34 0 85 2
78 2 60 2
78 2 36 1
58 2 94 1
28 0 83 2
66 0 72 1
73 0 32 1
87 1 12 1
40 0 26 1
96 1 18 1
48 0 23 2
30 0 92 2
2 2 77 2
13 0 68 2
57 0 19 1
32 0 92 2
6 0 72 1
51 1 86 2
54 0 98 2
78 1 17 2
59 0 13 0
81 0 42 1
66 2 12 1
63 0 59 1
48 0 4 2
76 0 71 2
30 0 65 1
16 0 62 1
33 2 43 1
4 0 55 2
8 0 57 2
33 2 48 1
40 0 51 2
25 0 70 2
88 0 32 0
88 2 32 1
10 0 70 2
71 0 54 2
75 0 79 2
1 0 47 1
96 0 84 1
18 0 58 2
30 1 21 1
14 0 19 1
50 2 88 1
93 0 70 1
79 0 1 2
18 1 95 1
66 0 49 2
66 2 29 1
27 0 30 2
6 0 1 1
44 0 46 1
22 0 53 2
65 0 59 2
8 0 24 1
30 2 91 1
19 0 46 1
76 2 75 1
70 1 32 2
56 2 36 2
41 0 43 2
80 0 54 2
33 0 99 2
2 1 4 1
62 0 54 1
15 0 41 1
58 2 8 2
6 0 41 1
65 2 81 1
59 0 47 1
37 1 61 1
40 0 35 2
80 1 9 1
91 0 65 1
45 1 79 2
87 1 79 2
93 0 100 2
30 1 31 1
71 0 56 1
47 0 50 2
28 0 61 1
41 0 58 1
73 1 80 2
73 0 87 2
14 1 98 1
90 1 75 2
1 0 85 1
1 0 58 2
2 0 31 1
79 2 17 2
43 0 71 0
7 0 93 2
77 0 39 2
74 2 39 1
35 2 98 2
67 0 23 1
99 0 58 2
25 0 72 1
4 0 82 1
29 1 57 1
61 0 16 1
37 0 85 2
13 0 32 2
49 0 67 1
75 0 71 1
84 1 76 2
47 0 85 1
16 0 59 1
54 0 30 1
60 0 75 1
54 1 61 1
24 0 82 1
74 2 28 2
9 2 76 1
39 1 97 1
1 0 49 2
58 1 75 2
19 2 1 1
24 0 62 2
13 0 58 2
76 0 40 2
54 0 46 1
55 1 25 2
73 0 19 1
50 0 27 1
57 0 14 2
100 2 34 1
29 2 16 2
23 2 66 1
15 0 75 1
2 1 54 1
83 0 30 1
59 0 58 1
58 0 98 0
28 0 69 2
92 1 1 2
4 0 29 1
98 0 88 1
16 0 68 2
50 0 49 1
11 1 95 1
24 1 40 1
6 2 44 1
65 0 94 0
52 0 46 2
84 2 89 2
37 0 89 1
97 0 59 2
34 0 11 2
47 0 46 2
14 0 86 2
83 1 52 1
100 0 20 1
96 0 21 2
12 0 17 1
69 0 37 1
37 0 100 2
63 2 12 2
24 0 11 1
31 2 75 1
59 0 21 1
67 0 66 2
61 0 28 0
7 2 48 2
20 0 36 2
56 2 99 1
47 0 48 1
17 2 79 1
61 0 12 2
86 0 1 1
24 0 31 1
97 1 8 1
31 0 62 2
75 0 78 2
76 0 97 2
70 0 1 1
16 0 63 2
84 0 21 1
56 0 52 1
36 0 41 2
6 0 5 2
81 0 45 1
45 0 100 2
16 2 89 1
88 0 90 1
36 0 72 1
2 0 1 2
37 0 12 1
85 2 12 2
45 0 10 2
8 0 87 2
91 0 18 1
11 2 34 1
3 0 51 2
16 0 9 1
89 0 47 1
38 1 49 1
95 0 33 2
28 0 51 1
82 2 54 1
80 0 94 2
55 2 41 1
27 1 80 2
79 2 99 1
26 2 41 2
97 0 12 2
81 0 49 2
26 0 70 2
21 0 15 2
99 0 81 2
84 0 89 1
97 1 98 1
78 0 12 2
92 0 68 1
73 0 70 2
25 0 18 1
93 2 56 1
7 2 57 1
41 2 6 2
48 0 7 2
4 2 95 2
91 0 85 2
24 0 15 1
6 2 19 1
71 0 84 1
22 1 13 1
88 0 75 1
11 0 65 2
33 0 91 0
85 0 58 0
70 0 22 2
83 2 90 1
38 0 33 2
36 0 35 2
35 1 90 1
62 0 70 2
95 0 8 1
26 0 3 1
49 1 95 1
65 0 40 0
37 0 48 2
14 0 88 2
64 1 80 1
58 1 62 2
74 0 36 2
85 0 6 1
68 0 14 1
9 0 99 2
59 2 25 1
91 0 52 0
8 0 28 2
27 2 37 1
59 2 91 1
16 0 28 2
71 0 36 1
59 0 28 0
31 0 18 2
48 2 67 1
51 0 12 1
73 2 2 1
97 0 73 2
42 0 26 1
61 0 73 1
83 1 61 2
16 0 62 1
87 0 10 2
47 0 55 1
95 0 17 2
62 2 86 2
13 0 10 1
11 0 63 1
93 0 67 2
22 1 86 1
100 1 10 2
61 0 78 1
88 2 10 2
34 0 18 2
41 0 88 1
79 0 26 1
11 0 93 2
25 0 60 2
58 0 100 1
72 0 88 2
71 0 10 2
17 0 88 2
72 2 54 2
8 0 88 2
60 1 79 2
21 0 12 1
71 0 68 1
81 0 11 1
41 2 89 2
94 0 24 1
53 0 81 1
23 0 72 1
7 0 90 0
74 1 63 2
42 0 51 2
77 0 14 1
95 0 65 1
58 1 28 2
71 0 93 2
57 0 56 2
65 0 80 1
35 0 25 1
2 1 91 1
51 0 14 0
29 1 88 2
7 2 85 1
14 0 85 1
50 2 22 2
86 0 2 1
80 0 53 1
93 0 100 0
46 2 32 2
4 0 43 2
12 2 88 1
55 0 15 2
94 2 63 1
52 0 43 1
2 0 23 1
86 0 4 1
4 0 19 1
35 0 98 1
41 1 51 2
80 0 2 1
86 0 35 1
69 0 36 1
75 1 52 1
10 0 31 0
34 0 61 2
33 0 53 1
4 2 25 1
90 0 3 2
14 0 68 0
67 2 98 2
99 0 61 2
83 0 44 1
2 2 78 1
38 1 79 1
99 0 91 1
48 0 40 2
45 0 2 1
42 0 48 1
21 0 58 1
55 1 21 2
100 2 96 2
6 1 39 1
70 2 73 1
76 0 57 2
33 1 39 1
2 0 82 1
97 0 19 2
66 0 13 1
14 0 48 2
90 0 54 2
25 0 92 1
53 2 46 1
98 0 73 2
87 0 35 1
73 0 90 2
84 0 45 2
41 0 85 2
71 0 93 1
78 0 1 2
22 0 65 1
34 0 6 1
29 1 62 1
76 0 24 1
80 0 35 2
8 0 28 1
41 0 74 1
98 0 30 2
76 0 41 2
60 0 43 2
44 1 95 2
1 0 43 2
18 0 23 2
62 0 74 2
12 0 65 1
54 0 96 0
38 2 6 1
65 2 51 1
11 0 70 1
9 0 48 1
26 0 24 0
73 0 23 1
45 0 29 1
33 1 18 2
49 0 60 2
97 1 81 1
59 2 12 2
32 0 25 0
12 0 42 0
9 0 4 2
62 0 34 2
69 0 44 1
78 2 36 1
34 0 97 1
84 1 4 2
60 2 37 1
32 0 57 1
4 0 39 2
30 0 38 1
21 0 74 2
43 0 76 0
89 0 19 1
21 0 16 2
5 2 37 1
24 0 26 1
54 0 100 2
94 0 88 0
5 1 86 1
15 0 32 1
4 0 33 2
50 0 62 2
94 2 54 2
9 0 97 1
75 0 14 2
41 1 40 1
62 0 56 1
93 0 57 0
51 2 63 2
47 0 99 1
75 0 41 1
65 2 68 1
84 0 56 1
63 0 76 0
95 0 40 2
76 2 62 1
61 0 28 1
99 0 40 2
62 2 40 1
35 0 61 2
95 0 72 2
97 1 49 1
17 0 18 1
53 1 17 2
6 2 78 1
63 0 7 1
18 1 91 1
46 1 60 1
41 0 82 1
12 2 28 2
72 0 16 1
21 1 12 2
31 0 41 2
98 0 19 2
85 0 25 0
1 2 40 2
94 0 53 1
50 0 40 2
1 2 99 1
42 0 58 1
57 0 44 1
33 0 11 1
77 0 2 1
60 0 97 1
31 0 17 1
38 2 16 1
74 2 96 2
84 0 82 1
94 0 49 2
55 0 8 0
50 0 85 2
19 1 45 1
16 0 6 1
67 0 78 1
4 0 47 2
69 0 49 0
85 0 7 0
46 0 53 2
2 1 17 2
26 1 27 1
75 0 36 1
51 0 61 2
72 2 44 2
8 0 35 1
100 2 68 1
47 0 92 2
58 2 89 2
55 2 58 1
48 0 84 2
15 0 8 1
58 0 72 1
84 0 96 0
25 0 91 0
99 0 2 1
58 0 4 1
41 1 62 1
17 0 57 2
87 2 31 1
75 2 16 2
20 0 93 2
61 0 58 2
74 1 66 2
78 2 9 1
11 0 82 2
84 2 89 1
42 2 52 2
85 2 39 1
23 0 51 1
27 0 23 1
19 0 81 2
70 1 87 2
75 0 52 2
26 0 66 0
17 0 1 2
12 0 7 1
64 0 57 1
6 0 94 1
62 0 88 2
78 1 67 1
1 0 95 0
35 0 82 1
51 2 54 1
21 0 56 2
100 2 68 2
31 0 37 2
54 0 94 2
4 0 60 2
27 2 50 2
66 2 21 1
86 1 8 1
2 1 25 2
59 0 20 2
14 2 13 1
1 1 22 1
96 1 47 1
85 0 59 2
92 0 85 0
13 0 97 2
85 1 19 2
1 0 27 2
97 0 53 2
61 1 79 1
68 0 70 2
64 0 48 2
38 2 28 1
43 2 22 1
50 0 65 1
42 2 61 2
2 0 3 1
82 1 84 1
39 0 26 1
67 0 61 2
12 0 7 1
68 0 72 2
13 0 44 1
100 0 13 2
60 0 41 2
87 0 61 1
29 2 18 1
27 0 20 2
28 0 60 1
35 0 18 1
94 2 47 1
29 0 81 1
87 0 25 1
43 0 8 0
10 0 26 2
36 2 61 1
62 0 26 2
59 0 84 1
23 2 57 1
87 1 94 1
96 0 40 1
36 0 14 2
3 0 26 2
15 0 37 1
7 1 68 1
22 0 53 2
44 1 96 2
11 0 88 1
98 0 50 2
49 0 36 1
16 0 64 1
27 0 34 1
88 0 5 0
22 0 88 1
54 0 78 1
99 0 26 1
9 0 71 2
22 0 100 2
16 0 71 1
81 0 48 2
44 0 25 1
9 0 53 2
49 0 7 1
55 0 3 2
72 2 7 1
68 0 51 2
9 0 87 2
60 0 50 1
39 1 43 2
84 0 10 1
28 0 53 2
83 0 85 2
18 0 54 1
59 0 100 1
35 0 39 1
58 0 25 2
16 2 4 1
61 0 21 2
22 0 100 1
66 2 81 2
23 2 80 2
75 0 62 1
53 0 89 2
89 0 18 1
87 2 42 2
8 0 37 1
45 2 47 1
16 0 23 1
95 0 26 2
100 2 23 1
34 0 24 2
3 1 5 1
17 0 21 2
27 0 82 1
31 0 20 1
30 0 74 2
77 0 78 2
76 0 32 2
87 0 78 2
20 0 63 2
99 0 92 1
30 1 12 2
18 0 86 1
38 0 49 1
9 0 17 2
90 0 33 2
44 0 15 0
28 0 57 1
92 1 62 1
12 2 80 1
85 0 90 2
7 0 62 0
36 2 59 2
27 0 24 1
2 0 91 1
59 2 36 1
75 0 61 2
5 0 19 1
45 1 15 2
27 1 97 2
78 0 88 2
90 0 79 1
12 0 48 2
3 1 17 2
71 2 80 1
89 0 48 2
73 0 82 1
55 0 57 2
82 1 62 2
66 2 11 1
87 0 71 1
94 1 42 1
17 0 20 1
57 2 49 2
48 1 89 2
84 2 36 2
89 0 73 2
76 0 32 2
95 0 90 1
30 0 75 0
20 0 57 0
61 2 60 1
23 0 81 2
5 0 78 1
50 2 88 1
1 2 73 1
90 0 42 2
44 0 3 2
66 1 1 1
66 0 35 1
74 0 35 2
39 0 18 1
15 0 66 1
88 0 59 2
23 2 90 1
7 1 87 1
69 0 77 0
47 0 6 2
82 1 71 2
70 0 4 1
68 2 13 2
26 0 76 1
45 0 19 2
24 1 68 1
85 2 45 1
88 0 18 2
69 0 42 2
9 0 86 1
26 1 30 2
60 0 48 1
62 0 38 1
100 0 35 2
20 0 27 1
80 2 10 2
66 2 77 1
27 2 44 2
30 0 47 2
36 0 14 1
16 0 76 2
45 2 13 1
75 0 39 1
44 0 100 1
45 0 82 2
65 0 11 0
88 2 4 2
79 0 35 2
60 0 94 1
7 2 97 2
55 1 45 2
36 0 11 2
15 0 68 1
30 2 71 2
87 2 44 1
77 0 23 2
78 0 6 0
64 0 41 2
10 2 4 1
65 0 53 1
74 2 93 1
100 2 27 1
42 0 82 2
34 0 5 2
95 2 89 1
33 0 41 1
92 2 7 2
55 0 43 1
8 0 37 1
41 1 50 1
92 0 28 2
39 0 30 2
99 0 80 1
93 0 86 2
18 0 7 1
12 1 34 1
21 0 50 0
100 0 23 2
16 0 23 2
7 1 16 1
27 2 12 2
28 0 96 2
40 2 50 2
26 2 69 1
12 2 18 1
78 2 63 2
100 2 10 2
63 0 95 0
62 2 9 1
47 0 87 1
69 0 99 0
20 1 30 1
56 0 33 2
56 0 78 2
40 2 13 2
31 0 41 1
85 0 25 2
29 1 4 2
49 0 82 2
8 0 40 1
73 1 13 1
35 0 81 0
95 0 45 1
20 0 21 2
91 0 35 1
32 1 31 1
78 0 59 2
33 2 35 1
43 1 89 1
40 0 27 1
86 2 89 1
64 0 60 2
64 0 40 1
74 1 90 1
86 0 17 2
58 1 71 2
8 0 84 1
65 2 4 2
18 2 67 2
6 0 90 1
87 0 18 1
46 0 25 1
54 0 63 2
60 0 85 1
89 0 64 2
15 0 56 2
18 0 20 1
40 0 37 2
40 2 60 1
6 0 46 1
97 0 68 2
28 0 82 2
94 2 71 1
60 0 87 1
67 0 8 1
37 2 89 2
27 0 98 0
22 0 92 2
11 2 22 1
16 0 91 2
45 0 6 2
1 2 52 2
99 0 82 2
37 2 68 2
77 0 12 1
71 0 48 1
52 0 98 2
1 0 23 2
29 0 48 2
11 2 18 1
54 0 94 2
100 2 79 1
18 1 95 1
92 2 83 1
68 0 69 2
12 0 97 1
47 0 2 1
22 0 34 0
92 1 38 2
45 0 93 1
21 0 28 1
34 0 73 1
88 0 45 2
54 2 77 1
16 0 34 1
57 1 15 2
90 0 70 2
63 1 31 2
54 0 42 0
18 0 37 2
15 0 100 2
12 0 86 0
74 0 91 2
92 2 68 2
18 0 71 1
91 0 11 1
29 2 43 1
56 2 85 2
48 1 4 1
30 1 54 2
9 0 69 2
48 0 63 0
89 0 65 2
43 2 76 1
87 1 57 1
46 1 8 2
39 0 21 1
43 0 84 1
6 1 34 1
23 0 89 1
70 2 55 1
49 0 74 1
55 0 14 2
41 0 97 0
28 0 45 1
81 0 37 1
38 0 35 1
38 1 57 2
79 0 24 2
32 0 14 1
10 0 38 1
54 0 100 1
20 2 90 2
66 0 39 1
81 0 10 0
30 0 26 2
14 0 77 1
39 0 69 2
30 0 29 1
2 1 69 2
78 0 94 2
51 1 97 2
62 2 13 1
96 0 97 1
6 0 93 2
73 1 32 1
68 2 42 2
29 0 13 1
58 1 77 2
3 0 75 0
60 2 61 2
51 1 39 2
90 2 31 2
82 0 89 2
7 0 55 2
78 0 17 1
27 0 38 2
53 0 86 0
14 2 57 2
67 0 76 1
90 0 26 2
26 0 77 1
76 0 72 1
39 2 47 1
17 0 72 2
44 1 32 2
49 0 15 0
94 1 60 1
16 0 100 2
47 0 88 1
38 1 51 1
68 2 5 1
88 0 94 1
27 2 77 1
78 2 48 1
21 0 51 2
50 0 23 1
78 2 81 2
99 0 62 1
27 0 67 0
41 0 72 1
22 0 28 2
41 2 34 1
17 0 68 1
12 0 26 1
54 0 15 1
80 0 72 1
29 1 88 2
31 0 82 1
31 0 32 1
20 0 41 1
85 2 45 1
65 0 57 0
77 0 23 1
85 1 48 2
82 0 98 0
41 1 10 1
9 0 22 1
72 0 2 0
54 0 29 1
58 2 9 2
44 0 15 2
18 0 74 1
75 0 28 2
16 0 35 1
52 2 10 1
16 0 78 2
82 0 39 2
84 2 62 1
58 0 11 2
68 0 50 1
82 2 30 2
78 0 72 1
94 0 29 2
25 0 19 1
84 0 52 2
1 0 92 1
42 0 23 2
48 2 27 1
72 1 4 1
90 0 13 2
16 2 9 1
49 0 82 2
80 0 23 1
25 0 36 2
42 0 23 1
89 0 94 1
90 0 83 2
24 2 64 2
30 2 45 1
71 0 54 1
95 0 70 1
80 1 16 1
30 0 37 0
79 0 97 2
41 0 72 1
36 2 67 1
71 0 94 2
87 0 19 1
19 0 1 0
12 2 97 1
8 0 57 2
90 0 95 0
61 0 57 2
53 1 55 2
44 0 21 2
99 0 83 1
75 0 45 1
77 0 10 2
90 0 36 1
84 0 53 2
54 0 18 2
68 0 82 1
90 0 11 2
17 0 36 2
75 0 30 2
81 0 94 2
93 0 88 2
93 1 4 1
50 0 37 1
56 0 37 0
81 0 94 1
72 1 32 2
24 1 6 1
81 0 52 2
42 0 39 1
65 0 84 2
84 2 52 1
2 0 23 2
70 1 18 1
17 0 75 2
95 0 82 2
40 2 80 1
16 0 41 1
48 2 31 2
8 2 50 1
49 1 25 2
38 2 39 2
70 2 83 2
19 0 93 1
37 2 22 1
78 0 67 1
35 0 17 2
17 0 42 1
4 0 24 1
89 0 56 1
27 0 68 0
35 0 30 0
72 2 47 1
54 0 30 2
53 1 26 1
24 1 71 1
5 0 97 2
52 0 97 1
18 0 44 2
99 0 55 1
70 2 47 2
47 0 26 1
30 0 20 1
48 0 6 0
98 0 83 2
17 0 41 1
82 0 22 0
23 1 79 1
41 1 67 2
3 2 81 1
24 1 81 1
81 2 28 1
63 2 64 2
67 0 64 1
5 0 94 2
51 2 65 1
66 2 60 1
43 0 49 2
53 0 73 2
36 0 6 0
26 2 61 2
40 2 9 1
34 0 92 1
32 0 58 2
1 2 48 1
12 0 70 1
8 0 72 1
35 1 16 1
73 0 86 2
17 0 28 2
46 0 2 1
19 0 83 2
63 0 38 2
10 0 77 1
41 0 93 1
87 0 85 1
48 0 91 0
39 0 7 1
4 0 37 2
15 1 31 1
81 0 61 2
57 0 78 1
21 0 41 1
27 0 7 2
88 0 55 1
24 0 46 1
55 0 32 1
8 0 27 1
97 0 96 0
20 0 55 1
15 0 43 1
93 0 30 0
83 2 14 1
96 0 53 1
82 0 61 2
56 1 95 2
88 0 30 2
18 0 43 1
58 1 69 1
77 0 41 1
28 0 19 2
18 0 22 2
31 0 90 1
60 0 84 2
62 0 53 2
80 0 89 1
55 0 67 0
8 0 56 2
37 0 23 1
76 0 46 1
40 0 23 2
2 0 41 1
73 0 35 1
82 2 57 1
92 1 68 1
7 0 13 0
80 2 12 2
93 1 70 1
53 2 66 1
100 2 80 2
22 0 47 2
20 2 99 1
53 2 71 2
59 1 99 1
54 2 43 1
72 0 17 0
26 2 57 1
28 0 98 0
62 2 60 1
37 2 47 1
31 0 12 2
56 2 37 2
1 0 65 1
15 0 32 2
2 2 6 1
23 2 75 2
64 0 52 0
88 0 61 1
41 0 84 2
99 0 15 0
55 2 62 1
43 0 83 1
74 0 47 2
86 2 81 1
7 0 61 2
58 1 51 2
89 0 79 2
15 0 25 2
78 0 61 1
36 0 29 1
67 0 78 2
94 0 89 1
32 0 9 1
86 0 43 1
16 2 89 1
98 0 86 2
76 0 66 2
87 0 77 1
49 0 7 2
72 2 33 2
59 0 87 1
42 0 54 1
98 0 71 1
100 2 97 1
81 0 7 2
93 1 48 2
81 2 13 2
74 0 69 2
74 1 88 2
53 1 77 1
27 0 36 1
45 2 4 2
39 0 93 2
10 0 35 1
60 2 52 1
91 2 86 1
63 0 88 2
58 1 20 1
94 2 15 1
80 2 22 2
77 0 91 2
40 0 11 0
41 1 75 2
19 1 8 1
64 0 14 0
25 0 84 2
5 0 1 2
66 2 76 2
28 0 38 1
22 2 18 2
30 0 70 1
46 0 6 0
33 1 10 2
25 0 77 0
51 0 94 1
9 0 82 2
19 0 63 2
52 2 9 1
29 2 46 1
67 0 23 1
74 2 86 1
23 2 59 1
60 0 61 0
41 1 37 2
60 0 31 1
91 0 61 2
71 0 67 1
79 0 43 2
24 0 45 2
86 0 18 0
87 0 80 1
49 1 22 1
61 0 3 1
32 0 57 2
18 0 22 2
65 0 93 2
67 0 30 2
81 0 36 2
74 2 17 2
49 2 5 1
89 0 83 2
4 0 21 2
5 0 86 1
93 2 6 2
75 0 65 2
52 0 35 1
56 1 38 2
44 0 35 2
53 0 41 0
29 0 49 0
59 1 27 1
5 0 79 0
31 0 40 2
71 1 61 1
81 0 47 2
87 0 93 2
15 0 28 1
23 1 89 1
88 0 23 1
76 0 12 2
44 2 99 1
46 2 3 1
38 0 35 2
21 0 58 1
94 2 7 1
1 0 14 1
97 2 39 1
3 1 10 2
27 1 96 1
61 0 64 1
32 2 50 1
7 0 31 0
70 0 64 1
64 0 38 1
31 2 67 1
86 0 57 2
18 0 82 2
96 0 68 1
45 0 13 2
62 0 54 1
7 1 78 1
86 0 59 2
40 2 61 1
38 1 98 2
95 0 20 2
30 0 3 1
48 0 7 1
61 0 21 2
2 0 97 0
42 0 83 1
18 0 70 1
69 0 30 2
9 0 85 1
51 1 8 1
28 0 51 1
82 1 8 2
12 0 4 2
92 2 2 2
89 0 41 2
3 1 90 2
20 2 48 1
29 1 76 2
4 0 27 2
83 2 87 2
86 0 77 2
14 0 28 1
87 0 84 2
38 0 82 2
42 0 85 1
94 2 97 2
11 0 48 2
48 0 99 1
52 0 43 1
39 0 1 1
40 1 17 1
96 0 30 2
50 2 60 1
93 0 31 0
66 2 77 1
98 0 82 1
82 0 28 2
17 0 73 2
62 0 2 1
29 1 22 2
36 0 100 2
38 1 5 1
3 2 56 2
45 0 71 1
66 0 61 0
34 0 95 0
96 0 21 2
39 0 47 2
3 0 88 2
81 0 47 2
72 1 38 1
43 0 19 2
92 2 68 2
94 0 22 0
24 0 55 2
50 0 53 2
94 0 3 1
69 1 22 2
37 0 87 2
68 1 76 2
67 0 80 2
71 0 59 1
41 1 17 1
14 0 96 2
45 0 25 1
30 2 36 1
28 0 7 1
54 0 5 2
74 2 80 2
71 0 1 2
11 0 10 0
73 0 38 1
72 1 15 1
24 1 42 1
15 0 27 2
87 0 60 2
11 0 63 1
49 2 31 2
1 2 67 1
24 0 42 2
31 0 87 1
5 0 38 2
39 0 94 1
27 1 31 1
33 0 64 1
78 1 97 1
52 0 37 2
53 0 39 2
27 2 54 2
92 0 81 0
96 0 87 2
34 0 53 2
60 0 27 1
48 0 91 0
30 0 15 1
27 0 72 1
52 0 26 2
45 2 34 1
78 0 74 1
97 2 91 2
45 0 94 1
50 0 100 2
50 0 38 2
55 0 27 2
74 0 94 0
48 1 40 2
2 0 40 0
20 0 78 0
90 1 31 2
70 1 34 1
88 2 11 1
28 2 61 1
52 0 50 1
41 0 24 1
60 0 66 1
29 0 63 1
79 0 16 1
14 1 16 2
2 0 82 1
74 0 51 1
32 1 31 1
50 0 33 2
87 0 35 1
21 0 46 1
60 2 99 1
39 0 62 2
98 0 72 2
45 0 33 2
53 0 61 0
60 1 18 2
79 0 72 1
99 0 68 1
87 0 96 1
77 0 57 1
11 0 19 2
42 0 27 1
36 2 90 1
16 0 59 2
65 1 2 2
76 1 4 1
16 0 67 2
94 0 85 2
64 0 29 1
29 2 92 1
54 0 26 1
49 0 42 2
92 0 51 0
51 0 93 2
89 0 54 1
42 0 51 1
34 0 15 0
10 0 75 2
87 0 46 1
59 1 15 1
36 0 25 1
94 2 78 2
70 2 25 1
82 0 33 1
67 0 83 1
82 0 95 1
42 0 83 1
49 0 21 2
63 2 38 1
46 2 99 2
39 2 8 2
30 1 73 1
45 0 90 1
36 1 52 2
46 1 100 1
6 0 70 2
67 0 98 0
60 0 55 2
89 0 50 1
41 2 67 1
37 0 75 1
4 2 89 2
55 1 77 2
56 0 53 1
67 0 44 2
65 2 34 2
18 0 43 1
59 1 47 2
35 2 49 1
65 0 41 2
41 0 35 2
73 0 44 1
11 0 20 2
41 2 99 2
83 0 39 0
34 0 95 2
94 0 48 0
38 1 43 2
63 0 14 0
83 1 22 1
29 2 76 2
35 0 37 0
49 0 55 1
22 0 12 2
29 0 56 1
42 0 82 1
30 0 82 1
53 1 68 2
34 0 4 0
4 0 72 1
31 0 34 2
70 0 86 2
88 0 56 1
13 0 93 1
55 2 47 2
84 0 39 0
58 0 23 1
32 1 17 1
33 0 98 0
25 0 28 1
39 2 57 2
3 2 87 2
98 0 77 2
83 1 11 1
98 0 66 1
78 0 88 0
13 0 66 2
49 0 84 2
23 1 94 1
33 1 48 2
34 0 64 2
9 0 19 2
62 0 37 1
82 0 19 0
18 0 39 2
53 0 73 0
79 0 100 2
62 0 47 2
78 0 7 2
57 0 23 1
90 1 60 2
58 1 11 1
99 0 12 2
64 0 69 1
36 0 34 0
90 0 45 0
48 0 36 2
69 0 46 2
100 1 48 2
45 0 5 2
19 1 75 1
52 0 70 2
89 0 84 1
11 0 62 2
95 0 21 2
59 0 33 2
58 0 40 0
85 0 47 0
41 2 81 2
5 1 81 1
94 2 15 2
33 2 75 2
1 0 48 1
8 2 34 1
25 0 46 1
35 0 86 0
12 0 45 1
4 0 1 1
76 0 56 1
14 1 15 2
46 1 80 2
90 2 52 2
66 2 87 1
33 0 40 2
50 0 23 2
34 0 65 1
65 2 89 1
50 0 17 0
19 0 70 2
88 0 53 1
24 0 44 2
85 0 53 1
48 0 68 1
39 0 85 1
78 0 3 2
67 0 83 2
62 0 65 2
11 0 61 1
9 0 76 1
75 0 5 1
36 2 31 1
100 2 1 2
33 1 39 2
93 1 64 1
28 0 29 2
3 0 62 1
82 0 35 1
87 2 9 2
84 0 7 1
76 2 95 2
30 0 25 0
34 0 86 2
69 0 46 1
3 2 83 2
64 0 100 1
35 0 4 2
62 0 15 0
76 0 83 2
81 0 11 1
69 0 94 1
46 0 7 1
68 1 45 1
70 0 84 1
3 2 49 2
72 2 32 1
4 0 83 1
9 0 61 2
41 2 48 1
32 0 70 2
32 0 83 1
85 0 31 1
64 0 23 2
69 1 45 2
47 0 2 2
50 0 69 2
7 1 12 1
77 0 89 1
66 1 5 2
72 0 65 2
5 0 25 0
71 0 11 0
7 0 72 1
22 0 43 1
80 1 16 2
44 0 89 0
46 2 34 1
3 2 76 2
30 0 96 1
78 0 51 2
72 1 48 2
55 2 97 1
77 0 79 1
86 0 84 2
9 0 7 1
5 0 38 2
39 0 59 2
74 0 65 1
16 0 39 1
22 0 93 2
93 1 12 2
69 0 85 2
51 0 12 0
58 0 64 0
8 0 28 2
46 1 85 1
14 2 62 2
84 0 100 2
39 0 5 1
50 0 19 2
46 1 5 1
19 0 69 1
11 0 9 2
32 0 91 2
37 2 49 1
26 2 37 1
44 1 31 2
53 2 88 1
86 1 13 1
90 0 72 2
3 0 71 0
44 0 48 2
33 1 76 2
90 2 64 2
68 0 87 2
27 0 99 2
7 1 67 2
44 0 27 1
93 0 41 0
71 0 39 2
30 2 88 2
16 0 20 1
29 1 87 1
73 0 92 1
98 0 90 1
56 0 81 2
59 0 45 0
14 0 89 0
36 0 12 0
97 0 27 1
20 0 69 1
36 0 78 2
26 0 57 0
54 1 89 2
91 0 57 1
17 2 95 1
43 0 25 2
81 0 7 2
93 0 22 2
30 0 23 2
82 0 34 0
34 0 14 2
15 0 100 1
48 0 4 1
87 0 21 0
23 1 24 2
23 2 78 2
23 1 55 1
55 1 6 1
77 0 34 1
98 0 68 1
60 2 77 1
16 0 47 2
5 0 7 1
9 0 59 1
12 0 14 2
37 0 92 1
5 0 85 1
97 2 31 1
17 0 86 1
6 1 60 1
88 2 12 1
68 0 59 2
89 0 74 2
87 0 9 0
78 0 38 2
32 0 25 2
90 0 30 2
12 0 33 2
73 0 43 0
44 1 37 1
66 0 19 1
67 0 37 1
92 0 26 0
72 1 100 1
26 2 2 1
58 2 34 2
38 0 19 1
59 2 43 1
73 2 57 2
36 0 98 2
99 0 38 2
17 0 68 2
78 2 36 1
15 0 51 2
33 1 90 2
42 2 11 1
10 2 9 1
76 0 96 1
7 0 88 2
89 0 45 2
3 2 60 1
8 0 63 1
33 0 56 1
54 2 96 1
91 0 19 2
69 0 24 1
82 1 17 2
21 0 11 2
15 0 90 2
21 0 85 2
86 0 65 1
11 0 37 2
6 0 56 2
36 1 13 1
11 0 58 1
83 1 40 1
44 0 62 0
85 2 93 1
89 2 52 1
87 2 18 1
66 0 100 0
9 0 6 1
90 0 61 2
69 2 67 1
42 1 45 1
68 0 62 1
50 2 80 1
17 0 55 1
10 0 7 2
100 0 28 0
9 0 39 2
93 2 24 2
42 0 97 1
10 0 59 2
56 2 33 1
95 0 67 1
54 1 95 1
6 0 98 2
49 0 66 2
28 1 95 2
42 0 1 1
82 0 20 2
40 0 90 2
100 2 24 2
66 0 96 0
85 0 94 2
27 0 49 2
51 0 58 2
46 0 29 2
23 0 71 1
37 0 33 1
18 0 88 2
86 0 32 2
76 0 83 1
97 0 62 2
96 0 66 2
74 0 51 2
48 2 25 1
73 0 19 1
81 0 58 2
59 1 88 2
88 0 24 1
57 0 63 2
21 0 44 2
1 2 95 2
79 0 92 2
55 2 52 2
33 0 40 2
39 2 9 1
97 1 62 1
20 0 71 0
54 0 44 2
23 1 50 2
11 0 61 2
39 0 23 1
57 1 4 2
65 1 44 1
56 0 10 2
22 0 85 1
65 0 78 1
30 1 99 1
47 0 41 1
93 0 31 1
75 0 43 1
83 1 81 1
74 2 2 2
86 1 98 2
4 2 13 1
12 0 35 2
76 0 7 2
82 0 49 1
55 0 83 2
72 2 97 1
21 1 14 1
7 1 44 2
76 0 10 2
77 0 17 2
53 0 50 0
39 0 17 2
8 0 64 2
19 0 76 1
42 0 53 2
78 0 49 0
2 0 19 1
63 1 88 2
85 1 4 1
97 1 42 1
7 0 82 1
89 0 23 2
54 1 39 1
50 0 26 2
40 2 10 1
54 0 92 1
84 2 60 2
84 2 95 2
31 0 39 2
39 0 92 1
16 0 8 2
87 0 63 1
51 0 68 2
90 0 66 2
82 1 41 1
24 0 19 2
92 1 4 1
87 0 53 1
80 0 37 2
36 2 52 2
90 0 56 1
97 2 39 1
89 0 52 2
17 0 33 2
86 0 36 1
95 0 71 2
90 1 9 2
55 0 8 1
20 0 15 2
36 0 77 1
13 0 19 1
81 0 46 1
1 0 72 1
39 0 74 1
19 0 21 0
68 0 41 2
60 1 25 2
91 0 2 1
43 0 42 1
37 1 88 1
83 0 51 0
4 2 52 2
55 0 22 0
92 2 49 1
90 1 44 1
31 0 78 1
59 0 90 2
85 0 25 1
58 1 98 2
59 0 28 0
27 0 84 2
46 1 21 2
100 0 33 1
90 0 47 1
65 0 69 1
85 1 12 1
26 0 94 2
54 2 71 1
38 0 84 2
30 0 8 1
27 0 11 2
73 0 7 1
48 1 97 2
98 0 21 2
18 0 63 1
72 2 6 1
91 0 65 2
83 0 93 1
57 0 74 1
11 0 53 1
28 0 56 2
31 0 24 1
7 0 8 1
92 0 4 1
52 0 39 1
91 0 6 1
22 0 83 1
62 0 46 2
66 1 45 2
48 0 90 0
82 2 54 1
31 0 95 2
28 0 44 2
68 0 7 1
99 0 1 1
55 2 26 1
82 1 90 1
39 0 100 2
52 0 42 2
67 2 8 1
63 1 28 1
58 0 100 1
71 0 57 1
11 0 32 1
15 0 58 1
31 0 54 1
98 0 50 1
66 0 62 1
71 0 41 1
21 0 67 1
89 0 42 1
37 0 6 1
27 0 35 1
99 2 98 1
56 0 33 1
8 2 99 2
60 0 92 1
59 1 8 2
14 1 52 1
4 1 95 1
100 0 39 2
95 0 12 1
11 2 52 2
42 0 100 1
37 0 31 0
66 0 28 2
17 0 94 2
30 2 49 1
56 1 87 1
17 0 12 2
61 0 99 1
21 0 57 0
52 0 37 1
92 1 40 1
100 0 13 1
28 0 83 2
57 0 59 2
21 0 84 1
93 1 10 1
20 0 22 0
70 2 51 2
79 0 39 2
25 0 65 2
23 0 89 0
43 0 90 1
6 1 15 2
75 0 22 2
11 0 48 2
25 0 50 1
67 0 96 1
75 0 29 2
59 0 87 2
52 0 77 2
59 1 5 2
74 2 81 2
97 1 45 2
65 0 85 2
78 0 27 2
11 0 37 1
74 0 6 1
60 0 66 1
5 0 100 2
93 2 84 2
9 0 33 2
49 0 82 1
76 0 37 2
10 0 29 1
64 2 34 1
13 0 81 1
36 0 82 1
60 0 95 1
1 0 84 2
69 0 35 1
83 2 80 1
20 0 43 2
11 0 27 1
27 0 51 1
84 0 1 2
29 2 53 1
22 2 15 1
44 0 86 1
52 0 10 2
15 0 69 1
2 0 26 2
8 0 46 1
59 0 68 2
73 1 62 1
64 1 89 2
78 2 94 1
47 0 25 1
20 2 42 1
74 0 51 1
11 0 58 1
27 0 100 1
82 0 65 1
100 2 76 1
37 0 56 2
7 1 91 2
2 0 34 1
37 0 77 2
6 1 57 2
21 0 56 1
95 0 37 2
96 0 83 1
40 0 100 2
68 1 16 2
34 0 82 2
74 0 28 2
97 0 56 1
59 1 9 2
24 1 75 2
82 1 89 1
67 0 73 1
79 0 93 1
14 0 21 2
64 0 35 1
16 0 4 1
77 0 55 1
98 0 64 1
2 2 40 2
46 2 52 1
92 2 91 1
58 0 11 2
19 2 88 2
59 0 84 1
22 0 80 1
25 0 29 2
96 0 64 1
18 0 1 2
71 0 38 2
53 2 68 2
56 2 50 1
4 0 97 1
47 0 39 2
46 2 14 1
75 2 52 1
41 0 79 2
35 1 87 1
36 2 76 2
80 0 43 0
86 1 11 1
3 0 18 0
55 0 59 2
13 0 14 1
98 0 42 2
43 1 31 1
38 0 87 2
7 1 99 2
73 0 77 2
19 0 70 2
64 0 20 2
84 0 18 2
62 0 5 1
79 0 44 1
16 0 33 1
16 0 87 2
79 0 9 2
7 1 78 2
50 0 5 1
59 2 25 2
24 0 4 1
50 1 9 2
6 2 32 2
57 0 92 2
40 0 20 2
81 0 22 1
15 0 98 2
91 0 1 1
50 0 91 1
86 0 42 2
59 0 5 1
62 0 68 1
66 2 59 2
76 0 65 1
61 0 34 0
83 0 9 2
74 2 72 1
55 2 77 1
10 0 29 2
50 0 12 2
91 0 31 2
63 1 54 1
26 1 71 2
24 0 99 1
65 0 89 2
24 0 72 1
9 0 28 1
7 2 24 1
25 0 78 1
63 0 29 1
36 0 72 2
76 0 85 1
12 1 10 2
33 2 52 1
42 0 14 2
70 1 67 2
71 0 60 2
45 0 85 1
60 2 97 1
20 0 35 1
84 0 17 0
33 2 91 1
42 1 13 1
6 0 82 1
73 0 58 1
38 0 72 1
65 2 83 1
42 0 87 1
38 0 40 1
67 0 31 2
98 0 80 1
54 0 36 1
69 2 95 1
36 0 26 1
5 1 34 1
15 0 83 1
20 0 41 1
17 0 31 0
29 1 50 1
39 2 40 2
57 0 50 1
91 0 87 1
89 0 11 1
33 2 63 2
12 0 83 2
23 1 50 2
39 0 59 1
86 0 83 1
34 0 76 2
12 0 97 1
31 0 49 1
41 0 34 2
50 0 84 2
77 0 46 1
29 0 37 0
50 0 75 1
1 2 76 2
51 2 28 2
69 0 70 1
8 0 87 2
100 2 64 2
60 2 45 1
13 0 55 1
46 0 62 2
82 1 43 2
81 0 56 2
49 0 69 2
67 0 23 2
66 0 83 2
16 2 4 1
46 1 36 2
21 0 51 2
20 0 3 2
58 2 80 1
81 0 73 1
31 0 32 2
25 0 31 0
97 0 28 1
44 0 56 2
45 2 47 1
33 0 88 2
32 0 92 1
33 1 26 1
28 0 88 2
23 0 66 1
91 0 83 2
96 0 98 1
24 0 70 1
48 0 72 1
62 2 31 2
97 0 67 1
25 2 11 1
41 0 52 1
79 2 89 1
65 1 32 1
47 2 88 1
73 1 42 2
70 0 66 0
10 0 47 2
58 1 76 1
45 2 11 1
93 2 96 1
95 0 52 0
17 0 66 1
38 1 51 1
65 1 45 2
37 2 95 2
6 0 81 0
52 2 79 1
74 2 9 1
70 2 24 1
24 0 36 2
35 0 46 1
57 2 25 2
52 0 75 2
9 2 17 2
9 0 27 1
22 0 11 0
55 0 6 2
13 0 22 1
63 2 16 1
14 2 28 2
83 1 69 1
96 0 41 2
79 1 77 1
35 2 58 1
14 0 59 1
47 0 23 1
2 0 53 2
44 0 23 2
49 0 45 2
8 0 40 2
51 1 25 2
68 0 73 2
15 0 79 2
42 1 71 1
48 2 69 2
66 2 8 1
56 2 9 1
3 2 39 2
60 0 94 2
81 1 15 1
68 0 55 2
28 0 65 1
81 0 9 1
40 0 62 1
50 0 65 2
91 0 87 1
14 1 61 2
7 0 50 1
76 0 3 2
50 0 55 2
51 1 96 2
31 0 11 1
42 0 88 2
70 0 48 1
13 0 81 1
42 1 28 1
2 0 18 2
26 2 39 2
84 0 60 0
72 2 8 2
31 0 44 1
57 0 27 2
83 2 79 2
56 0 63 2
96 2 4 2
70 1 45 2
72 1 64 1
28 0 22 2
76 0 93 2
33 2 35 1
96 0 64 1
44 0 20 2
35 1 41 1
75 0 12 1
57 0 70 1
27 1 95 2
81 0 1 1
99 0 50 2
42 0 64 1
23 2 85 1
93 0 23 2
52 0 23 1
25 0 3 1
48 1 9 1
68 0 49 2
83 0 64 1
30 0 23 2
13 0 38 1
54 0 14 1
92 0 15 0
96 2 4 2
31 0 19 1
96 0 24 2
96 0 97 2
63 0 97 1
83 0 15 0
62 0 96 1
3 0 64 2
99 0 5 1
45 0 25 1
50 0 20 1
67 0 73 2
23 1 42 2
17 0 12 2
69 1 42 1
59 0 69 0
67 0 26 1
100 0 17 1
30 1 50 2
65 0 87 0
76 2 61 1
70 0 78 1
21 0 40 0
12 0 26 1
88 0 63 2
66 1 58 1
50 2 71 1
62 0 79 2
50 0 59 2
10 0 90 1
43 0 24 2
11 0 12 2
2 2 16 1
16 0 12 1
37 1 34 1
38 1 32 2
23 1 30 2
25 0 2 2
36 0 26 1
78 0 1 1
76 0 94 1
78 0 58 2
35 1 67 2
71 0 85 2
44 0 42 1
77 0 52 2
62 0 8 0
78 0 56 1
1 0 41 1
85 0 84 2
30 1 10 1
19 2 95 1
37 1 31 1
30 2 28 1
79 2 9 1
43 0 37 2
2 0 27 0
61 0 39 1
50 0 61 1
65 0 88 1
4 0 83 1
37 0 93 2
16 0 83 1
90 2 91 2
16 0 30 2
92 0 29 0
85 2 8 2
37 2 28 1
6 2 90 1
25 0 76 0
56 1 58 1
89 0 95 0
1 2 68 2
39 2 31 1
63 2 34 1
48 2 55 1
65 2 64 2
3 0 76 0
49 0 80 2
17 0 8 1
10 0 84 1
38 1 80 1
38 2 43 2
84 0 26 2
36 0 84 2
87 0 55 1
91 0 21 1
73 0 59 2
28 0 56 1
85 0 53 2
88 0 16 0
82 1 14 2
45 0 7 2
62 0 44 2
71 0 52 2
50 2 12 1
71 0 27 2
78 0 72 2
39 0 20 2
89 0 57 1
83 1 2 1
48 0 88 2
89 0 93 2
65 0 66 2
7 2 9 2
12 2 42 1
5 0 95 0
30 0 51 1
5 2 68 1
5 0 40 2
73 0 20 1
77 0 71 2
11 0 93 1
59 0 100 1
11 0 58 1
90 2 68 1
4 0 74 1
35 2 10 1
11 1 89 1
37 0 35 2
9 0 60 2
24 0 53 2
4 0 66 2
39 1 80 1
65 0 42 2
61 0 43 2
76 0 93 1
22 0 90 1
49 0 79 0
66 0 71 0
76 0 51 2
29 0 72 2
5 1 76 1
22 0 51 1
37 0 28 0
59 0 34 2
59 0 53 2
20 1 30 1
91 0 58 1
32 2 8 2
81 0 18 1
1 0 39 1
33 1 91 2
17 0 84 2
61 0 22 2
11 0 35 1
9 0 23 2
51 0 7 1
45 0 70 2
52 0 48 1
96 2 62 1
92 1 43 1
85 1 80 1
88 0 66 1
69 0 18 2
54 0 58 1
55 0 69 1
85 1 69 2
22 2 62 1
64 0 96 2
55 0 19 2
6 1 32 2
9 0 42 1
60 0 93 2
41 0 19 2
97 1 79 1
45 0 80 1
15 2 52 1
81 0 67 1
90 1 6 1
28 0 60 2
41 0 25 2
82 0 20 2
31 0 98 1
15 0 60 2
44 1 57 1
33 2 87 1
63 0 12 0
77 0 67 1
51 1 77 1
73 1 43 2
12 0 3 1
43 0 30 2
11 0 96 2
96 0 82 1
70 0 14 2
80 0 40 2
71 0 38 1
44 1 40 1
75 0 14 2
48 0 21 0
89 0 88 2
1 1 86 1
54 0 48 1
77 0 96 2
73 0 3 2
46 1 18 1
33 0 65 1
20 0 83 1
53 0 21 1
5 0 6 2
87 1 2 1
17 0 14 1
49 0 1 2
12 2 22 2
40 0 61 0
24 0 5 1
34 0 23 1
63 0 43 0
65 0 47 1
54 1 99 2
3 1 94 2
21 0 6 2
30 0 85 1
95 0 93 2
88 0 64 1
64 0 82 1
7 0 61 2
33 2 26 2
61 0 78 2
73 0 16 2
25 0 86 2
82 1 58 2
9 2 76 1
13 0 73 1
53 0 21 2
66 0 24 1
47 0 8 2
1 0 80 2
94 1 62 1
23 0 32 2
36 2 39 1
75 0 12 2
81 2 91 1
66 0 5 2
68 2 31 2
99 0 71 1
68 2 18 2
28 0 51 1
43 0 90 1
8 0 88 1
73 2 14 1
83 2 18 1
23 2 30 1
74 0 42 2
33 0 68 2
70 2 13 2
18 0 40 1
59 0 32 0
39 0 2 2
52 0 53 1
60 2 9 2
7 0 85 1
27 0 28 1
83 0 14 2
1 1 42 2
71 0 61 2
7 2 89 1
19 0 51 2
13 0 79 1
59 2 48 1
95 1 13 2
47 0 14 1
80 0 66 1
33 2 57 2
68 2 80 1
92 0 91 1
88 0 84 2
11 0 69 2
87 0 12 2
15 0 16 1
62 1 77 1
88 0 63 2
80 0 24 1
72 0 40 0
92 2 62 1
1 0 59 1
58 1 38 1
54 0 48 1
51 1 77 2
58 1 12 2
80 0 90 2
1 0 52 2
71 0 59 1
29 1 96 2
28 0 24 1
54 0 43 2
17 2 31 1
38 0 51 0
96 0 32 1
100 1 28 1
78 1 48 1
74 1 9 2
41 0 74 2
64 0 53 1
33 0 17 2
68 1 10 2
80 1 31 1
8 2 50 1
5 0 56 2
13 0 100 1
66 2 12 2
65 2 50 2
43 1 15 2
30 0 46 1
41 2 5 1
76 0 89 0
79 0 16 2
82 2 1 2
79 0 65 2
67 0 38 1
56 1 15 2
38 0 84 1
66 0 4 0
5 0 25 2
8 0 59 1
15 0 18 1
34 0 97 1
62 0 20 1
91 0 88 2
80 0 99 2
65 0 94 1
46 0 67 2
17 0 85 2
99 0 53 2
66 2 76 2
19 2 10 1
97 0 47 1
12 0 96 2
64 2 40 1
86 0 7 2
30 0 6 2
58 2 39 2
84 0 77 2
62 0 65 2
73 0 55 1
83 2 32 2
99 0 91 2
46 2 26 1
26 0 29 1
54 0 64 2
96 0 29 2
20 1 91 2
90 0 45 1
82 1 51 1
91 0 73 1
71 0 3 2
35 2 58 2
55 0 28 2
27 2 57 1
70 2 47 2
41 2 60 2
1 0 53 2
95 0 20 1
83 0 9 0
48 2 69 1
87 0 68 1
3 0 62 0
63 0 64 0
68 2 34 2
47 2 34 1
37 2 52 1
60 1 75 1
37 1 34 1
47 0 62 1
89 0 2 2
10 0 40 1
88 0 1 1
100 0 48 2
92 2 61 1
65 1 6 2
49 0 82 1
36 0 31 2
13 0 94 2
13 0 82 2
11 0 33 1
38 0 100 1
55 0 62 1
78 1 77 1
75 0 57 1
39 0 35 1
27 2 13 1
21 0 65 2
38 0 32 0
70 0 26 1
5 0 26 1
43 0 16 2
27 0 72 2
52 0 2 2
52 0 31 0
15 0 28 2
58 0 2 0
24 0 85 1
34 0 85 2
67 0 75 0
72 0 39 2
21 0 85 1
3 1 30 1
97 0 72 2
93 0 3 2
66 0 33 1
76 0 39 1
9 0 84 1
17 0 1 1
20 0 26 2
93 0 94 1
60 0 92 1
20 0 86 0
35 1 54 2
20 2 79 1
67 2 75 1
78 0 66 2
29 2 59 1
62 2 96 1
45 0 50 2
13 0 53 2
35 2 11 1
71 0 37 1
79 0 9 1
91 0 30 2
3 2 19 1
69 2 17 1
92 0 100 2
26 1 44 2
67 0 8 2
34 0 39 2
15 0 27 1
20 0 26 2
45 0 81 2
9 0 28 2
86 0 92 2
37 2 15 2
22 0 69 2
4 0 24 1
49 0 82 2
3 0 13 1
96 0 34 0
73 0 19 2
83 2 61 1
46 1 51 2
76 0 70 1
4 2 15 1
40 0 61 2
75 2 10 2
17 0 21 2
47 0 6 2
68 2 11 2
98 0 86 1
48 1 22 2
74 0 58 1
76 0 54 2
92 2 47 1
7 0 70 1
56 2 17 1
99 0 84 1
12 0 47 0
53 0 75 1
59 0 89 2
58 0 64 0
16 0 95 1
30 0 11 2
30 0 26 1
38 0 82 2
31 0 9 1
49 0 68 1
21 0 39 1
65 2 45 1
65 0 26 2
68 0 33 1
8 0 13 0
7 2 41 2
17 0 13 0
21 2 86 2
57 0 34 0
49 0 66 2
98 2 16 1
57 1 18 2
53 0 21 0
54 0 1 1
4 0 71 2
32 1 12 1
19 0 68 1
39 0 66 1
29 0 55 1
100 0 79 0
14 1 81 1
59 2 65 1
96 0 70 2
92 2 13 2
91 2 22 1
95 0 7 1
59 2 64 2
35 2 10 2
86 0 81 1
81 0 12 1
45 0 92 2
28 0 54 1
93 2 31 1
54 1 67 1
94 2 44 2
71 2 60 1
97 1 98 2
53 0 66 1
6 0 47 0
90 0 10 2
81 0 42 1
78 0 22 1
25 1 10 2
2 0 65 1
61 0 36 2
8 0 97 2
48 0 91 0
40 0 80 2
16 0 96 1
41 1 83 1
68 2 97 1
23 0 64 1
63 0 29 1
87 0 86 2
33 0 72 1
16 0 69 2
79 0 94 1
11 0 43 2
99 0 27 1
65 0 39 0
59 0 43 2
57 0 97 1
80 2 43 2
70 0 25 0
60 0 31 1
41 2 97 1
41 2 96 1
75 0 87 1
4 0 48 2
100 2 69 1
31 0 40 1
44 0 6 1
36 1 13 2
2 1 5 2
47 0 41 2
87 0 59 2
53 0 46 2
51 0 84 1
92 0 25 0
21 2 6 1
35 1 76 2
8 0 2 1
97 0 78 1
21 0 27 2
79 0 43 2
14 0 34 2
7 1 58 1
47 2 11 2
68 0 10 0
69 0 33 2
67 0 46 1
33 2 34 1
88 0 57 2
16 0 78 2
1 2 94 1
69 0 24 2
60 0 77 2
74 0 68 1
82 2 73 2
46 0 22 1
97 0 48 1
3 1 52 1
78 0 38 2
78 1 68 1
11 0 69 1
1 0 50 1
75 2 11 1
63 0 87 1
82 0 70 0
81 0 20 2
9 2 99 1
73 0 48 1
24 1 62 1
98 0 78 1
57 2 61 2
47 2 31 2
74 1 44 1
55 0 23 1
62 0 95 1
87 0 47 0
19 1 52 1
13 0 98 2
26 1 67 2
6 1 11 2
39 0 85 2
5 0 90 2
50 1 98 2
18 0 2 1
19 0 34 0
32 0 8 2
57 0 90 1
11 2 77 2
20 2 83 1
34 0 84 2
72 0 18 1
29 0 10 2
53 1 41 2
17 0 79 2
23 0 6 1
75 0 63 1
87 0 56 1
22 0 88 2
54 0 72 1
8 0 97 1
42 0 1 2
75 0 41 1
5 0 12 1
20 1 37 1
10 0 88 2
98 0 99 2
51 1 16 1
90 2 31 2
35 2 45 1
68 2 86 2
12 0 94 1
51 2 52 2
34 0 22 2
48 0 94 1
61 0 20 1
34 0 62 2
33 0 74 1
56 0 91 2
59 0 66 2
47 1 98 1
7 0 63 0
18 0 41 2
67 0 3 1
58 2 20 1
43 1 89 2
3 0 62 0
57 1 10 2
59 0 46 1
95 0 63 1
7 1 45 1
9 2 86 1
28 0 80 2
20 0 31 1
53 2 24 1
24 0 37 1
8 0 30 2
8 0 95 2
65 0 25 2
40 2 45 2
72 0 51 0
77 0 59 1
94 0 80 0
57 2 95 1
82 0 93 1
44 2 24 1
84 1 98 1
78 0 8 2
31 0 48 1
5 1 61 1
4 0 9 1
18 0 26 1
2 2 38 1
39 2 34 1
58 2 5 2
85 0 3 2
6 0 1 1
15 0 71 2
27 0 2 2
44 0 61 2
98 0 61 2
16 0 18 1
93 1 88 1
35 2 6 1
4 0 22 2
11 0 45 1
97 1 8 1
50 0 3 1
58 0 5 2
86 0 96 2
90 0 24 2
20 0 92 2
20 0 7 2
19 2 81 2
12 0 20 1
47 0 70 1
9 0 72 2
99 0 86 1
45 0 46 1
88 0 95 0
82 0 53 1
57 0 98 2
22 0 50 1
62 0 58 2
32 0 66 1
83 2 91 1
79 0 32 1
69 0 74 2
2 2 98 2
4 0 52 0
5 0 69 1
17 0 50 1
3 2 27 1
71 2 88 1
76 0 64 2
3 1 62 2
71 0 22 2
11 0 24 2
69 0 46 2
32 0 66 1
9 0 8 1
70 1 100 1
49 0 98 2
2 0 79 2
38 1 43 1
7 0 76 0
25 0 64 1
1 0 80 0
66 1 8 2
64 0 44 1
20 2 75 2
24 0 46 2
10 0 27 2
96 0 36 2
41 2 2 2
76 0 33 1
29 2 84 1
26 0 98 2
50 0 56 1
16 0 78 1
14 0 72 2
55 1 1 2
2 1 80 2
17 0 73 2
14 2 75 2
86 0 10 1
42 0 10 2
34 0 66 2
78 1 49 1
79 0 59 2
40 0 76 1
89 0 41 1
54 2 64 1
67 0 24 1
66 0 70 1
59 0 11 0
85 0 34 0
16 0 56 2
19 2 5 2
7 2 45 1
95 0 26 1
32 0 4 0
78 0 60 0
68 2 40 2
44 0 100 2
48 0 5 0
57 2 81 1
96 0 60 1
87 2 27 2
90 1 67 1
70 0 34 1
54 2 60 2
26 0 44 2
92 0 14 1
24 0 72 1
27 2 39 2
69 0 53 1
17 0 18 2
79 0 58 1
41 0 85 2
33 2 63 1
30 2 50 1
81 0 90 2
41 2 87 1
81 0 47 2
30 0 35 1
37 2 18 1
89 0 69 1
59 2 10 2
93 1 45 1
36 0 90 0
88 1 50 1
93 1 42 1
72 2 80 2
68 0 65 1
76 0 69 1
12 0 23 2
33 0 74 1
55 2 48 1
78 0 72 1
72 2 78 1
98 0 41 1
37 0 21 2
6 0 62 0
31 0 28 2
16 0 61 2
1 0 7 2
43 0 65 1
50 0 97 1
17 0 7 2
1 0 45 1
23 0 58 0
29 0 28 2
43 0 98 0
37 0 29 2
60 0 38 2
47 0 6 1
81 0 24 2
83 0 72 1
67 2 11 1
64 0 15 2
95 2 25 1
11 0 91 2
71 0 29 1
27 0 45 1
77 0 30 1
56 0 83 0
18 0 85 2
54 0 17 2
37 1 95 2
13 0 87 1
74 2 82 2
37 0 41 1
20 2 52 1
92 0 2 1
28 2 62 1
57 2 77 1
88 2 43 2
60 0 59 1
20 0 96 2
56 0 39 2
7 0 46 1
41 0 28 2
32 0 2 1
17 0 95 1
60 0 36 1
57 2 97 2
15 0 70 2
56 0 85 1
52 0 5 2
38 2 78 2
38 0 39 0
31 0 9 1
10 0 27 1
52 0 38 2
44 0 94 2
30 2 24 1
86 2 67 1
92 1 37 2
33 2 37 1
91 0 30 1
71 0 2 1
20 1 25 2
88 1 10 2
19 0 91 0
31 0 39 1
52 0 22 2
9 0 45 1
96 0 78 2
43 0 58 1
24 1 75 2
6 0 100 1
79 0 78 2
67 0 43 1
46 0 1 2
58 1 2 2
25 0 35 2
38 0 58 1
52 0 56 1
35 0 28 0
33 0 72 1
1 0 65 2
1 2 98 1
59 0 23 2
95 0 63 2
40 0 98 2
19 1 67 2
33 2 1 2
20 2 97 2
93 0 76 2
91 0 68 2
36 0 56 2
8 0 92 2
71 1 81 1
53 2 60 2
23 1 4 2
82 0 23 2
21 0 92 2
100 1 37 2
15 0 50 2
100 2 27 2
3 1 1 2
51 0 68 1
88 0 95 2
77 0 78 1
56 2 71 2
77 0 79 2
7 2 79 1
67 0 19 1
94 0 73 1
91 0 85 2
49 0 26 1
4 0 80 1
13 0 89 2
1 0 85 1
26 1 71 2
40 2 47 2
8 0 41 1
16 0 96 2
89 0 49 1
56 0 34 0
67 0 71 2
49 0 93 1
40 0 67 1
63 2 5 1
32 1 79 2
28 0 100 2
71 0 29 1
55 0 58 1
99 0 57 1
81 2 71 1
79 0 43 2
51 1 34 1
40 0 74 1
61 0 31 1
11 0 23 2
99 0 84 2
63 0 70 2
40 0 85 1
1 0 41 1
60 0 7 1
82 1 67 2
87 2 24 1
43 2 76 2
18 2 99 1
57 0 92 2
73 2 15 1
49 0 48 1
71 0 82 2
95 0 6 2
49 0 100 2
8 0 81 1
48 1 73 1
96 0 23 2
24 0 71 1
21 2 88 1
78 1 98 1
44 2 73 2
2 0 77 2
91 0 31 2
19 1 25 1
19 0 3 1
99 0 87 2
85 0 43 2
83 0 8 1
8 0 43 2
49 1 9 2
35 0 32 1
74 1 17 2
75 0 95 2
98 0 99 1
90 0 100 2
67 0 5 1
58 1 75 2
5 0 47 2
52 0 61 2
11 0 55 2
25 0 6 1
47 2 11 2
74 0 8 1
99 0 53 1
13 0 65 2
26 0 67 0
81 0 95 0
53 0 7 0
21 0 33 2
81 0 97 2
65 1 10 2
93 0 86 1
31 0 34 2
59 1 73 1
14 2 75 1
30 0 53 1
93 2 35 1
47 0 96 2
86 2 95 2
58 1 22 1
94 0 93 1
48 0 71 1
51 2 39 2
45 0 25 1
61 0 43 2
39 0 18 2
59 0 29 2
75 0 56 2
15 0 77 2
33 1 58 1
56 2 77 2
55 1 62 2
14 0 90 2
74 0 99 1
46 0 23 2
83 1 89 2
21 0 7 2
5 0 65 2
50 0 35 1
26 1 78 2
68 0 70 2
40 0 14 1
97 0 72 2
28 0 1 2
19 2 37 2
6 0 21 2
76 0 92 2
35 0 96 1
35 0 73 2
72 2 50 2
71 0 46 2
64 2 19 1
92 1 24 1
75 0 52 1
27 0 62 0
29 1 60 1
14 1 80 1
1 1 52 1
66 2 38 1
12 0 39 1
95 0 80 2
63 0 52 0
62 0 11 0
59 0 56 2
62 2 91 2
79 0 88 1
77 0 97 2
69 0 23 2
15 0 3 1
72 0 49 1
1 0 52 0
33 1 90 2
5 0 87 2
93 0 92 1
54 0 70 2
8 0 88 2
65 2 30 1
72 1 87 2
1 0 82 1
96 0 35 2
2 2 43 1
45 0 14 1
53 0 67 2
89 0 39 1
21 2 95 2
42 0 34 1
89 0 37 1
13 0 51 1
48 2 15 1
18 0 92 1
23 1 95 2
22 0 66 1
80 0 93 2
97 0 53 1
36 1 76 2
42 0 37 2
97 0 11 2
59 0 8 1
59 0 74 1
33 1 59 2
86 0 37 1
83 0 62 0
49 2 43 2
82 0 17 2
29 1 65 2
17 0 74 1
63 0 18 0
29 1 63 2
74 2 24 2
53 0 36 1
55 0 93 2
72 2 4 1
4 0 24 1
34 0 78 2
24 0 7 2
48 2 67 2
51 2 49 1
93 1 91 1
50 0 90 1
22 0 46 1
34 2 4 2
8 0 6 2
54 0 4 0
25 0 92 2
17 0 40 1
64 0 83 1
49 0 72 1
64 0 65 1
63 0 27 0
23 0 56 1
96 0 54 2
8 0 95 1
68 0 15 0
76 0 80 2
66 0 72 2
67 0 40 1
60 2 5 1
33 0 93 1
80 1 75 1
61 2 40 1
67 0 80 2
54 0 90 1
53 2 5 1
86 0 32 2
13 0 76 2
52 0 29 1
19 0 55 1
93 2 91 1
94 1 18 2
84 0 66 0
55 1 63 1
89 2 15 1
91 0 6 2
65 0 77 1
89 0 24 1
33 0 53 1
35 2 76 2
85 0 33 1
74 1 57 1
25 0 26 1
3 0 70 2
78 0 24 2
37 0 82 1
30 0 97 0
93 2 97 2
75 0 58 1
73 0 51 2
62 0 33 2
1 0 88 1
94 0 22 0
11 0 38 2
72 2 42 1
11 0 48 1
25 0 53 2
56 2 29 1
35 0 30 1
6 0 19 1
93 1 47 1
67 0 24 2
82 0 37 0
5 0 49 2
92 1 44 2
12 0 71 1
8 0 93 1
19 2 40 2
78 0 20 2
30 2 43 1
22 0 86 0
92 0 33 0
6 1 13 1
23 0 86 1
1 0 59 2
19 0 66 1
76 0 87 1
46 0 72 2
29 0 8 1
91 0 42 2
79 0 55 2
99 2 77 2
82 2 2 2
92 1 75 1
53 1 56 1
24 0 99 0
42 0 34 2
64 1 52 2
33 1 42 1
46 0 54 2
27 0 48 2
24 0 52 2
42 0 100 2
15 2 13 2
45 2 16 2
96 0 93 1
56 2 32 1
54 0 69 1
94 2 89 2
73 2 34 1
97 0 53 1
19 2 22 2
87 0 61 1
70 1 52 1
1 2 13 1
30 1 61 1
43 0 13 2
60 0 27 1
52 0 47 2
28 0 92 1
98 0 47 2
44 0 7 2
29 1 45 2
17 0 22 1
14 0 100 1
24 0 83 1
4 0 19 1
42 0 80 1
80 0 61 2
11 0 53 1
10 0 62 1
30 0 70 1
66 1 60 2
32 2 39 1
53 2 52 1
59 1 54 2
17 0 8 2
27 1 17 2
51 0 56 1
7 0 49 2
26 2 98 1
55 0 9 0
47 0 28 0
66 0 6 2
84 0 49 2
28 0 90 1
83 1 60 1
24 0 43 1
5 0 50 1
10 0 78 1
67 0 60 2
6 2 99 1
37 0 93 2
67 0 19 2
54 2 44 2
29 1 19 1
48 2 32 2
57 0 99 1
99 0 36 2
66 0 40 2
82 0 71 0
83 0 86 1
6 0 63 1
11 0 24 2
77 0 52 1
92 0 91 1
74 2 51 2
48 0 100 1
5 2 81 1
50 0 65 2
40 0 30 2
95 0 67 2
98 0 36 2
45 2 76 1
5 0 54 2
68 2 88 1
53 1 15 2
27 1 40 1
56 0 62 1
84 0 54 0
76 0 27 1
77 0 91 1
31 0 98 1
97 2 39 1
45 0 11 2
29 2 69 1
60 0 3 1
23 1 1 1
24 0 81 1
74 2 35 1
35 1 79 2
79 0 94 2
40 0 88 1
65 2 18 1
81 2 34 1
24 0 93 2
13 0 40 2
63 0 93 2
40 2 91 2
80 0 85 1
82 2 26 1
95 0 17 0
70 1 69 2
90 1 88 2
40 0 7 1
69 0 58 2
11 0 49 2
78 2 75 1
28 0 57 1
66 1 30 2
47 0 33 1
89 0 68 1
30 1 73 1
75 2 18 1
96 2 80 1
24 0 10 0
39 0 82 2
46 0 95 1
32 2 77 2
64 0 52 2
30 0 49 1
70 2 46 1
26 0 58 1
18 0 81 2
26 0 81 1
49 0 36 2
29 2 61 2
54 0 38 1
63 0 53 2
12 0 82 2
79 0 69 1
11 0 56 2
88 0 5 0
7 1 45 2
79 0 13 2
91 2 8 1
59 0 42 2
97 0 2 1
18 2 76 1
33 0 47 2
39 0 5 2
83 2 65 2
11 0 32 2
21 1 45 2
46 2 33 2
24 1 91 2
79 0 77 0
11 0 90 1
7 0 35 1
86 0 58 2
71 0 37 1
37 1 76 2
4 0 72 2
85 2 92 1
34 0 1 1
83 1 25 1
49 0 2 2
40 0 64 2
53 0 41 2
36 1 88 1
68 0 12 0
72 2 11 1
54 0 82 1
93 0 19 2
60 0 72 1
49 0 38 2
3 2 24 1
46 1 1 2
69 0 65 1
66 2 78 2
38 2 63 1
65 2 71 1
14 0 84 2
20 1 90 1
81 0 51 1
38 1 10 1
24 0 20 1
16 0 51 1
32 0 46 1
86 0 68 2
25 0 42 2
55 0 96 0
51 0 28 2
62 1 89 2
39 0 40 2
21 0 5 0
41 2 25 2
28 2 11 2
4 0 10 2
69 2 32 2
66 0 88 0
14 0 95 1
36 0 44 2
35 2 70 1
71 2 25 2
42 2 95 1
37 0 46 2
43 0 41 1
18 1 67 1
82 2 95 2
90 0 66 1
78 2 44 1
74 0 98 2
98 0 9 1
65 2 16 2
100 2 32 1
49 1 99 1
24 2 98 1
42 1 98 1
22 0 73 2
59 2 54 2
1 0 92 1
32 0 73 2
26 0 45 0
88 0 54 2
68 0 2 1
2 1 75 1
7 1 2 1
7 1 57 1
90 0 70 2
57 2 75 2
91 0 46 1
72 2 76 1
49 0 66 2
79 0 84 1
43 0 69 1
66 0 51 1
82 1 6 1
21 0 55 1
25 0 91 0
7 0 100 1
44 0 56 1
77 0 53 2
51 2 91 1
3 1 53 1
40 1 79 1
71 0 64 2
64 0 87 2
91 0 44 2
25 0 51 1
63 0 100 2
28 2 4 1
54 2 91 1
1 0 84 2
42 0 19 2
92 1 94 2
8 0 12 1
57 0 41 2
38 2 97 2
42 1 11 1
1 0 33 2
60 0 42 1
86 0 69 1
66 0 74 1
94 0 59 1
29 2 15 2
35 0 99 2
31 0 21 1
65 0 90 2
44 0 33 2
95 0 92 2
12 2 80 1
33 2 88 1
46 2 90 1
40 0 27 1
32 0 84 2
73 0 65 2
40 2 69 1
3 1 76 1
27 1 32 2
28 0 70 2
2 0 54 1
18 0 42 1
41 1 91 2
10 0 85 1
8 0 19 2
89 0 82 1
91 0 64 2
27 0 66 2
91 0 42 1
23 0 52 1
79 0 98 0
39 0 32 1
61 0 70 1
68 2 43 2
30 2 99 2
90 2 32 1
8 0 32 1
30 0 53 2
33 0 57 0
63 0 4 2
83 0 29 2
98 0 68 2
13 0 86 2
33 2 91 2
17 0 8 2
44 1 88 1
12 0 61 1
70 2 76 2
41 0 56 1
5 0 100 2
35 0 45 2
43 2 80 1
25 0 5 1
80 0 16 2
91 0 66 2
64 2 57 1
17 0 21 2
100 0 83 2
96 0 77 0
15 0 51 2
50 0 87 2
17 0 90 1
9 0 64 1
94 2 2 2
20 0 24 0
24 0 23 2
38 0 39 2
63 1 77 1
3 2 97 1
33 1 9 2
49 0 60 1
65 0 37 2
35 2 24 1
69 0 37 1
13 2 10 1
93 1 85 1
69 0 46 1
5 1 99 2
90 0 56 1
58 0 80 2
93 2 34 1
8 0 59 1
98 0 79 2
6 1 95 2
76 0 4 1
11 0 73 1
99 0 30 1
89 0 56 2
33 0 29 1
26 0 63 0
27 2 69 2
60 2 75 2
41 1 11 2
35 1 1 1
43 1 8 2
97 0 80 2
1 0 7 1
14 2 2 1
53 0 46 1
88 0 54 2
14 0 54 1
69 1 80 1
6 2 8 1
46 0 93 1
69 0 14 1
27 0 24 2
40 2 43 2
31 0 91 2
12 2 76 2
54 1 8 2
96 0 68 1
65 1 68 1
65 1 5 1
1 0 58 2
80 0 74 2
2 0 68 2
51 0 30 2
32 0 58 1
3 0 97 2
97 0 53 2
44 0 59 1
62 2 99 2
68 0 14 2
91 0 23 2
51 0 52 1
19 2 10 1
73 1 28 1
59 0 100 2
10 0 28 2
36 0 7 2
25 0 48 2
33 2 1 1
20 0 35 2
40 0 84 1
85 2 53 1
60 0 63 1
3 2 7 1
23 1 31 2
73 0 38 1
52 0 92 1
74 1 22 2
22 1 13 2
32 0 69 2
58 0 28 1
58 1 31 2
36 0 84 2
66 2 80 2
18 2 89 1
57 0 92 1
83 0 15 2
59 0 84 2
19 0 41 2
83 2 34 1
77 0 53 1
74 0 26 0
13 0 65 2
19 0 23 1
47 0 59 1
98 0 96 1
74 0 49 1
54 2 49 1
67 0 54 1
75 0 41 1
91 0 77 1
72 2 74 2
9 0 94 2
16 2 18 1
75 0 13 0
64 1 60 2
26 2 44 2
75 0 83 2
49 0 56 1
99 0 64 2
90 0 77 2
43 0 35 1
