100 9902
49 0 94 1
82 0 79 1
19 1 7 1
20 1 67 1
29 1 4 2
86 2 80 2
25 1 14 1
24 1 59 1
43 1 8 2
55 0 82 2
34 1 9 1
60 1 85 2
17 0 61 0
27 0 84 0
15 0 78 1
62 0 76 2
18 0 32 0
67 0 37 2
87 0 74 1
7 0 33 2
82 0 24 1
8 0 96 2
31 2 78 2
24 2 53 2
78 0 82 2
41 0 74 1
64 0 44 0
29 2 90 2
16 0 18 1
68 2 5 2
33 1 97 1
40 0 19 1
29 0 38 1
47 0 71 1
39 0 28 0
64 0 18 0
43 0 18 2
12 1 8 2
19 2 56 2
70 2 82 2
36 0 89 2
36 0 5 1
63 0 37 2
32 0 36 1
15 0 47 1
62 0 45 2
100 0 75 2
25 0 37 1
27 0 9 1
9 0 12 2
62 0 7 1
67 0 61 2
30 0 89 2
93 0 3 0
95 2 45 2
95 2 83 2
32 1 67 2
90 0 14 2
33 0 32 2
10 0 51 1
80 1 89 1
20 0 63 2
98 1 97 2
60 1 12 2
3 2 67 1
25 0 54 0
24 1 87 1
29 2 83 1
15 0 18 2
85 0 75 1
16 1 79 1
64 0 40 0
35 1 83 2
92 0 74 1
1 1 10 1
24 1 9 2
62 0 42 1
24 0 17 1
13 0 27 1
11 0 81 2
27 0 17 2
27 2 24 1
24 0 27 1
2 0 96 1
95 2 55 1
77 1 42 2
36 0 29 1
95 2 93 1
65 0 26 1
65 2 2 2
70 0 34 0
84 0 76 0
35 0 72 2
30 1 41 1
50 2 36 2
44 0 96 2
100 1 29 2
29 1 35 2
53 0 58 1
80 0 97 2
36 0 32 1
10 0 17 2
26 1 76 1
16 0 88 1
48 0 47 1
80 0 100 2
60 0 99 0
94 0 13 1
89 2 40 1
7 0 3 1
49 0 75 1
14 0 56 1
1 2 34 1
32 1 85 2
79 0 75 2
56 2 25 2
67 0 6 2
8 0 83 1
44 0 58 1
57 1 53 2
49 2 84 1
84 0 91 1
96 2 16 2
13 0 71 2
12 0 42 1
17 2 49 2
72 0 85 1
23 0 14 1
48 0 59 2
88 0 92 1
29 0 100 2
40 0 37 1
45 0 22 2
38 0 82 2
58 0 23 1
66 1 49 2
37 2 41 1
72 0 66 1
15 0 99 2
35 0 46 1
34 0 20 1
49 0 2 2
91 2 20 2
33 2 66 1
95 0 72 2
21 0 74 1
72 0 59 1
29 0 49 2
40 0 74 2
74 1 88 1
38 2 23 1
53 0 68 1
20 0 19 2
95 2 41 2
9 0 45 1
33 1 80 1
69 0 23 1
85 0 57 0
90 0 49 1
19 1 65 1
79 0 7 1
26 1 86 1
85 2 83 2
37 1 97 1
11 1 72 2
34 1 57 2
32 0 33 0
58 2 37 2
7 0 83 0
4 0 94 2
72 0 34 0
6 0 5 1
44 0 91 1
51 0 42 0
17 1 33 2
19 0 1 0
3 2 54 2
55 2 22 2
83 0 33 2
33 1 39 2
19 2 62 2
93 1 98 2
93 2 61 2
19 1 76 1
24 0 30 1
36 0 11 1
58 0 34 1
91 0 22 1
76 0 8 1
29 2 2 1
39 2 28 2
42 0 75 1
73 0 38 1
66 0 31 1
44 0 25 2
26 0 52 2
100 0 70 2
1 0 6 2
79 0 99 0
85 0 100 1
46 0 66 1
100 0 59 1
36 0 75 1
79 0 96 1
23 0 42 1
80 0 16 1
37 1 21 1
87 0 57 1
30 0 90 1
62 0 27 1
57 0 87 1
16 1 32 2
45 0 62 0
19 1 29 2
76 0 21 0
1 0 97 0
80 0 29 1
7 0 65 2
2 0 64 2
10 0 70 2
25 0 65 1
67 0 51 2
50 1 6 2
51 0 15 1
19 0 96 0
86 0 64 2
33 0 90 0
40 0 68 2
69 0 32 2
24 0 83 1
21 0 91 2
74 0 2 2
76 0 96 2
31 2 23 1
100 2 41 2
74 1 8 1
9 0 26 2
39 1 95 2
48 0 39 2
89 0 6 2
64 0 27 0
44 0 100 1
43 0 38 1
22 0 50 2
75 0 1 0
18 2 31 1
21 0 98 2
23 0 68 1
71 0 98 1
9 0 30 2
15 0 3 2
81 1 41 2
31 0 23 2
89 0 81 2
42 0 13 2
53 0 18 2
60 1 8 1
95 2 23 1
65 2 59 2
11 0 64 2
93 1 4 2
95 0 57 1
3 2 76 2
20 0 99 0
95 2 40 1
46 1 39 2
34 0 97 2
65 0 57 2
73 2 90 1
1 0 100 2
74 0 87 2
1 0 68 2
100 1 44 1
94 0 48 1
29 1 54 1
13 1 9 1
52 2 83 1
60 1 92 2
59 0 48 2
1 2 83 1
79 0 46 2
11 0 72 1
63 0 95 1
14 0 43 2
99 0 94 1
14 0 93 2
41 0 28 2
68 0 90 1
31 0 74 2
67 1 47 2
20 0 42 0
53 0 16 1
69 0 6 1
56 2 30 1
48 0 29 2
29 1 8 2
4 0 65 2
38 1 99 2
84 0 12 2
25 0 91 2
24 0 96 1
77 2 91 2
5 2 14 2
12 1 36 2
34 0 46 1
88 1 45 1
83 0 31 1
91 0 96 2
21 1 42 2
93 0 36 2
44 0 56 2
3 0 82 2
1 1 2 2
4 0 25 1
85 0 13 1
53 0 89 1
87 0 84 1
18 1 32 2
91 0 8 1
48 0 14 2
20 2 15 1
84 0 57 1
53 0 11 2
8 0 48 2
64 0 73 2
31 0 41 1
79 0 44 2
96 1 7 1
18 0 32 1
99 0 37 1
97 0 51 1
90 1 21 1
42 0 93 2
89 0 88 2
99 0 46 2
82 2 37 2
89 0 9 2
5 2 77 2
61 2 40 1
92 0 12 1
42 0 93 1
2 0 29 1
55 1 72 1
60 0 97 1
72 0 71 1
12 2 4 1
90 0 68 2
81 1 35 2
68 1 84 2
6 0 31 2
55 1 32 2
34 0 37 2
23 1 62 2
94 0 23 1
96 1 5 1
78 0 39 1
26 1 51 1
98 2 15 2
17 0 92 1
45 2 40 1
70 0 65 2
15 0 26 2
6 0 45 2
84 0 34 1
22 0 32 2
42 2 1 1
45 0 85 2
65 0 64 1
99 2 42 2
5 0 98 0
12 1 24 2
98 2 49 2
38 0 5 2
51 0 9 1
56 2 63 2
76 0 47 0
26 0 41 1
34 0 56 2
22 1 41 2
28 0 5 2
31 0 45 1
76 1 54 2
77 2 7 1
84 0 76 1
14 1 30 1
86 1 31 2
92 0 18 2
38 0 72 0
54 0 26 2
68 2 53 1
89 1 1 2
18 0 75 1
21 0 6 2
90 0 91 1
68 1 51 2
19 2 12 2
29 0 10 1
5 1 7 1
21 0 60 2
10 0 32 2
83 0 93 1
63 2 2 2
26 2 28 2
25 0 38 1
21 0 87 2
35 0 23 0
69 0 97 2
16 2 6 1
41 0 49 1
4 0 58 2
93 2 70 2
81 2 55 2
17 0 82 2
74 1 15 1
36 1 40 2
88 0 92 2
17 1 63 2
3 2 66 2
33 0 72 0
43 0 4 1
92 0 37 0
19 0 3 1
91 0 30 1
93 1 25 1
90 1 6 2
23 0 15 0
93 2 40 1
80 1 51 2
90 1 53 2
37 0 87 2
43 2 14 1
68 0 17 0
78 0 72 0
43 1 97 1
90 0 94 2
18 1 24 1
35 2 25 2
52 0 23 1
19 0 14 0
83 0 51 2
56 0 36 0
69 0 68 2
82 1 67 2
25 0 18 1
48 0 6 2
6 0 46 1
32 0 62 2
99 0 55 2
64 2 85 1
35 0 39 2
28 0 19 1
74 0 37 1
61 2 63 2
54 1 47 2
95 0 90 0
4 1 97 2
66 0 76 1
45 1 1 2
71 0 27 2
74 1 59 1
87 0 18 2
87 0 83 2
78 1 7 1
61 2 72 2
40 0 60 1
8 2 47 1
30 0 80 2
92 2 11 2
97 2 30 2
50 2 62 2
92 1 20 2
94 2 11 2
35 0 7 2
58 0 68 2
13 0 94 2
77 1 44 2
34 0 27 2
94 1 5 2
47 1 2 2
3 1 26 2
81 0 53 1
25 0 87 0
100 1 30 2
60 2 53 1
4 0 79 1
28 0 4 1
11 0 38 2
61 0 18 1
32 1 71 1
31 2 71 1
13 0 53 1
95 0 26 1
73 0 12 1
56 0 47 1
60 1 24 2
76 1 84 2
34 0 72 1
18 1 26 1
35 0 77 2
94 1 76 1
75 0 36 0
95 0 92 2
88 0 55 1
48 0 9 1
8 0 95 2
30 0 49 1
83 1 48 2
74 1 63 1
72 0 85 2
9 0 77 1
28 0 83 1
40 0 65 1
100 0 51 1
85 1 9 2
8 0 13 2
27 0 52 2
60 0 44 1
54 0 95 1
92 0 61 1
81 0 38 2
3 1 35 2
80 0 32 2
27 0 26 2
94 2 43 1
69 0 38 1
49 2 76 1
5 0 92 1
32 0 15 2
19 2 85 2
36 0 92 1
51 1 9 1
47 0 21 2
63 0 88 1
17 1 45 1
53 0 28 2
38 2 90 1
30 0 26 2
4 0 84 2
82 0 94 2
59 0 82 0
11 2 99 2
95 1 8 1
70 0 51 0
19 1 18 2
41 0 49 2
43 0 42 1
14 0 76 2
96 1 85 1
68 1 91 2
34 0 55 2
89 0 23 0
23 0 27 2
15 0 62 1
92 1 89 2
10 0 72 1
42 2 28 1
6 0 11 1
43 1 87 2
31 2 23 2
59 0 30 2
46 1 9 1
55 0 99 0
82 2 48 1
32 2 28 1
65 0 64 1
54 0 40 1
98 1 22 1
47 0 3 1
39 0 10 0
82 1 51 1
72 0 7 2
31 1 78 2
24 0 27 2
15 0 58 2
64 1 1 1
8 0 17 1
85 0 52 1
20 0 3 1
76 0 33 2
52 0 20 2
19 2 44 1
90 1 52 2
98 1 30 1
88 0 54 0
6 0 16 2
56 0 6 2
68 1 54 2
33 1 39 2
7 1 90 1
58 0 77 2
33 0 93 2
94 1 72 1
97 0 60 2
52 0 89 1
60 0 65 0
89 0 61 2
59 0 55 1
51 2 15 1
66 2 41 1
71 0 89 1
12 0 41 1
10 1 62 1
13 1 98 2
45 0 43 1
87 2 47 2
83 0 64 2
32 2 60 2
39 2 58 2
65 0 75 1
30 0 32 1
89 1 2 2
3 0 29 0
31 0 24 0
16 1 69 1
31 0 88 0
66 2 76 1
63 0 72 0
98 1 49 2
54 0 86 1
87 0 92 1
73 0 31 2
48 0 84 1
61 0 11 1
26 0 55 1
91 0 67 1
10 0 73 2
84 0 52 0
6 0 4 2
77 1 51 1
28 0 25 2
73 0 16 2
15 0 94 1
12 0 63 2
93 0 27 1
73 2 53 1
99 0 87 0
47 0 31 2
42 0 24 1
61 2 25 1
43 1 20 2
84 0 37 2
47 0 46 2
95 0 20 2
17 0 5 2
76 0 15 0
57 0 47 2
7 1 30 1
91 0 3 1
50 1 31 2
47 0 22 1
97 0 10 1
72 0 66 1
35 0 100 2
27 0 30 0
96 1 13 1
7 1 24 1
97 1 48 1
24 0 64 1
47 1 48 2
88 0 36 0
9 0 21 1
62 0 90 1
65 0 12 2
56 2 30 1
13 0 9 2
70 0 32 1
92 0 7 1
65 0 26 1
21 0 84 1
86 2 2 1
18 1 45 1
30 0 4 2
49 0 40 1
45 0 76 1
22 0 11 0
88 0 69 1
98 0 16 1
4 0 42 1
25 1 67 2
87 0 95 2
24 1 59 1
77 0 27 2
99 2 97 1
79 0 12 1
19 2 13 2
34 0 9 1
3 1 67 1
70 0 52 1
90 0 57 0
85 1 1 1
70 1 25 1
15 0 82 1
23 1 97 2
45 0 50 1
79 0 75 2
37 2 2 1
27 1 89 1
62 0 20 1
77 1 76 1
7 0 39 2
73 0 7 0
82 0 94 1
98 0 3 2
88 0 68 2
41 0 100 2
4 0 15 2
82 2 40 1
68 1 7 1
73 1 6 2
52 0 20 2
21 1 31 2
66 0 31 0
86 0 74 2
38 0 93 1
58 1 29 1
45 0 66 1
73 0 27 1
75 2 7 2
21 0 95 1
34 0 85 1
9 0 92 1
24 0 30 1
60 1 3 1
19 0 73 2
66 0 68 1
95 2 48 1
7 0 46 2
67 0 100 1
74 0 89 1
21 0 96 2
39 0 12 1
32 1 2 1
74 1 89 1
25 0 95 1
46 0 5 1
93 0 44 1
37 2 4 1
27 0 100 0
47 0 42 2
6 0 73 1
58 0 16 2
46 2 67 1
11 0 62 0
85 0 66 1
1 0 42 2
58 0 92 2
6 0 24 1
87 0 65 2
57 0 94 2
53 0 25 2
25 0 88 0
65 0 20 2
79 1 15 2
71 0 73 2
27 2 22 1
16 1 81 1
36 0 59 2
58 0 81 2
25 1 28 2
70 0 12 2
5 0 22 0
95 1 69 1
46 2 55 2
100 0 83 0
10 0 56 1
76 0 36 2
29 2 28 1
26 1 72 2
23 1 82 2
62 0 51 2
9 0 5 1
6 0 13 1
87 2 28 2
46 0 66 2
51 1 58 2
67 0 73 2
38 0 58 1
12 1 95 1
88 0 26 2
67 0 40 2
94 0 27 2
48 0 82 1
49 1 85 2
30 0 31 1
2 0 52 2
41 2 47 2
6 2 9 1
27 1 41 0
26 1 19 2
10 0 27 1
61 2 40 2
67 0 5 1
9 0 69 0
78 0 82 1
91 0 84 0
30 0 20 2
53 0 95 2
33 0 78 1
10 0 25 2
35 1 62 1
33 0 67 0
100 1 90 2
85 0 91 2
35 0 74 1
99 0 70 1
19 1 23 1
7 2 76 2
15 0 86 2
80 0 72 0
31 0 30 2
42 2 88 1
31 0 59 2
16 0 80 0
80 0 55 1
65 2 70 2
66 2 41 1
23 0 22 2
86 1 50 2
84 1 51 2
66 0 60 2
98 1 33 2
44 0 26 2
47 0 92 2
57 0 42 2
78 1 57 1
18 0 79 1
69 0 28 1
5 1 49 2
40 0 65 2
78 0 60 1
81 2 47 2
40 0 47 1
51 1 49 2
29 0 39 2
57 0 96 1
3 0 78 1
10 0 95 2
85 0 49 0
88 1 41 2
31 0 89 1
85 1 66 1
6 0 8 2
5 2 29 2
51 0 11 2
88 0 56 2
73 2 88 2
48 0 62 1
99 1 90 2
88 0 85 1
50 1 22 2
4 0 83 0
39 1 62 2
72 0 11 1
63 0 47 2
45 0 50 2
27 1 50 1
80 0 60 2
45 0 75 1
6 0 72 2
18 0 94 1
28 0 96 1
10 0 83 2
94 0 63 0
28 0 37 2
96 2 9 1
64 1 59 2
1 0 93 2
40 0 85 1
43 1 49 2
27 0 65 1
35 0 96 2
43 0 31 1
33 2 23 2
69 0 23 2
4 0 34 2
10 0 49 2
36 0 11 2
19 0 75 2
19 1 55 1
69 2 41 2
60 2 24 2
35 1 22 2
70 0 44 1
55 0 15 1
50 1 21 2
79 0 84 2
95 1 22 1
70 1 1 2
13 0 53 0
91 0 34 0
77 0 59 1
38 2 8 1
40 1 83 2
18 2 59 1
90 0 91 1
4 0 20 1
3 2 33 2
33 2 36 1
71 0 73 1
68 0 12 0
94 0 9 1
52 0 4 1
17 2 22 1
28 0 98 2
26 0 1 2
72 1 15 2
77 0 31 2
86 1 69 1
95 0 30 1
53 0 58 1
61 0 51 1
92 0 8 0
55 0 24 0
93 2 100 1
99 1 87 2
48 0 39 2
65 0 17 1
4 0 63 1
2 0 59 2
65 1 7 2
70 0 92 2
58 1 78 2
22 0 32 1
76 0 82 1
64 2 40 2
37 0 46 1
33 0 19 2
50 0 53 1
4 0 27 1
47 0 27 1
51 0 64 2
84 2 36 1
38 0 78 2
85 1 39 2
46 0 27 2
89 2 10 2
21 2 97 2
36 0 42 1
72 0 37 1
85 0 45 2
19 0 63 1
100 0 18 2
7 0 8 1
7 1 72 2
55 2 76 2
45 0 41 0
66 0 14 1
24 0 56 1
43 0 81 2
66 0 92 2
14 0 9 2
2 1 67 2
99 0 95 2
99 0 37 1
92 1 2 1
44 0 4 0
29 0 9 2
46 2 85 1
8 0 95 2
24 2 67 2
47 0 5 2
58 1 51 1
95 1 69 1
97 0 99 2
95 2 85 2
55 1 74 2
58 0 76 1
21 0 91 1
29 2 67 2
59 0 53 1
41 0 24 2
36 1 4 2
57 0 80 1
30 0 37 1
87 0 39 1
71 0 62 2
63 0 54 1
53 0 64 2
17 0 7 1
10 0 21 1
31 2 53 2
33 1 2 1
39 1 25 1
38 2 87 2
58 0 60 2
87 0 22 2
17 1 7 1
57 0 35 2
18 0 80 2
86 0 77 2
60 0 34 2
96 2 16 2
15 0 35 1
80 0 58 2
86 0 33 1
11 1 30 2
7 0 39 1
84 2 82 2
81 0 94 0
86 0 32 2
82 0 72 1
7 0 51 2
97 0 48 1
97 0 41 1
58 0 59 1
64 2 5 2
29 0 46 2
20 2 72 1
69 1 72 2
83 0 26 2
56 2 72 2
43 2 65 2
12 2 48 2
63 1 90 2
48 0 20 1
19 0 28 1
77 0 27 1
97 1 1 1
70 0 19 1
63 0 46 1
75 2 52 2
42 0 79 1
84 0 19 2
89 0 78 2
47 0 21 2
63 0 70 1
31 0 22 0
54 1 9 2
2 1 62 2
69 0 8 1
73 0 43 0
29 0 22 2
63 0 26 2
42 0 13 1
74 2 59 1
56 0 77 2
26 1 5 1
2 0 98 1
57 0 54 1
96 1 17 2
75 0 86 2
49 0 9 2
92 0 64 1
70 0 7 1
22 2 97 2
95 0 15 2
55 2 84 1
39 1 94 2
89 1 20 2
65 0 3 2
85 0 88 2
3 0 4 2
31 1 91 1
32 1 72 2
42 0 92 2
48 0 66 1
97 0 27 1
51 1 57 1
94 1 93 2
23 0 64 2
23 0 53 0
50 0 63 1
82 0 58 2
99 1 54 1
61 1 8 1
55 2 41 1
59 0 64 2
17 0 16 2
37 0 84 1
28 0 31 1
25 0 49 1
75 2 16 1
10 0 42 2
24 1 78 2
59 0 39 2
21 0 36 2
57 2 54 2
83 0 30 2
19 2 85 2
21 0 59 1
68 1 62 1
66 0 31 1
24 0 18 2
85 0 79 1
14 0 95 1
78 0 77 2
37 0 11 1
72 0 35 1
10 0 17 2
78 0 25 1
6 1 44 2
51 0 4 1
47 0 6 1
60 1 43 2
34 0 79 2
95 2 7 2
92 0 28 0
37 0 17 1
24 1 6 1
14 0 13 1
87 0 35 1
68 2 61 2
59 0 7 1
90 0 97 0
20 1 97 2
21 0 12 2
40 0 63 1
67 1 1 2
95 0 30 0
38 1 80 1
62 0 91 2
68 1 96 1
69 0 94 1
98 1 73 2
52 2 44 1
53 2 1 2
4 1 36 1
63 1 44 2
45 1 1 1
56 0 79 2
62 0 86 1
29 0 55 2
1 0 66 2
67 0 71 2
83 0 3 2
29 0 61 1
79 1 7 1
86 1 47 1
52 0 96 2
64 2 97 1
18 1 41 0
8 0 20 2
49 0 65 0
59 0 7 1
10 0 38 1
27 2 9 2
45 0 59 2
68 0 13 2
10 0 80 2
12 2 11 2
63 0 86 2
95 0 37 2
53 1 88 2
48 0 53 2
7 2 86 1
21 0 46 1
33 0 97 1
98 0 38 2
41 0 14 1
38 2 28 2
60 0 91 0
54 0 15 2
43 0 8 0
47 0 34 1
93 1 79 1
10 0 63 2
77 2 85 2
98 2 29 2
68 2 56 2
27 2 30 2
17 0 85 1
64 1 6 2
46 0 55 1
24 0 81 2
57 1 9 1
96 2 58 1
26 1 63 1
73 0 14 0
34 0 20 1
71 0 12 1
33 0 41 2
61 0 66 2
59 0 83 1
88 0 14 2
56 0 88 1
38 0 65 1
17 1 70 1
80 0 56 2
10 0 70 2
60 0 68 2
40 0 50 2
44 0 38 1
82 0 52 2
69 0 27 1
93 0 29 1
95 0 43 1
44 0 75 1
57 0 2 0
81 0 52 0
18 0 31 2
76 2 10 1
29 2 42 1
56 1 48 1
68 1 73 1
3 0 19 2
77 0 86 2
40 0 63 1
2 0 31 1
30 0 84 1
15 0 66 2
88 2 48 1
25 0 38 2
35 0 6 1
61 1 65 2
55 0 2 1
64 0 71 1
4 0 100 2
27 0 76 2
40 0 78 1
97 0 26 2
80 0 74 1
74 0 5 1
62 0 77 2
12 2 76 2
11 0 79 2
48 0 25 2
11 0 83 0
98 2 72 1
84 2 91 2
82 0 27 2
80 1 15 1
90 0 46 2
30 0 80 1
84 2 1 1
79 0 69 2
54 0 88 2
68 0 21 2
41 0 60 2
99 0 76 1
49 0 92 1
99 0 79 1
40 0 27 1
65 0 46 2
79 2 49 2
84 1 61 2
46 1 83 2
29 1 15 1
40 0 33 1
38 0 74 1
1 0 21 1
16 2 83 1
81 0 39 1
60 2 25 2
7 2 44 1
11 0 8 2
74 1 91 1
85 1 49 1
52 0 65 2
96 1 62 2
56 0 32 1
99 1 2 2
25 0 56 1
50 0 74 1
55 0 41 0
77 1 99 2
54 0 66 2
62 0 49 1
66 1 80 2
54 0 43 1
37 0 61 1
56 2 97 2
24 2 88 1
23 0 59 2
86 1 90 1
8 0 27 1
41 0 7 1
11 0 27 2
71 0 36 1
14 2 10 1
11 0 69 0
95 0 43 0
4 0 58 2
85 2 37 1
73 0 65 0
95 2 21 1
99 0 85 1
20 0 34 2
45 0 36 2
3 1 61 2
92 1 94 2
22 0 82 2
66 2 83 2
81 0 12 2
78 0 49 2
1 0 77 1
56 0 45 2
73 2 67 1
83 0 71 1
91 0 60 2
35 0 48 2
50 0 93 2
56 0 88 1
67 0 64 2
83 0 64 2
62 0 50 2
25 0 33 1
54 0 87 1
86 2 21 2
4 0 3 2
91 0 82 2
15 0 54 2
46 1 3 2
8 0 70 2
19 1 21 2
96 2 52 1
22 2 6 2
99 1 25 2
69 0 22 1
45 0 33 2
62 0 78 2
3 2 69 2
96 0 65 1
56 0 63 0
45 0 16 1
42 0 82 2
3 0 41 1
70 0 68 1
88 0 14 1
2 0 40 0
36 1 88 2
43 1 89 1
65 0 95 2
35 0 39 1
69 1 87 2
55 2 1 2
36 0 19 2
5 0 14 0
94 0 39 2
39 0 9 0
10 1 47 2
5 0 12 1
15 0 72 1
91 0 16 2
93 0 85 2
97 0 16 2
39 0 63 0
49 0 38 1
67 0 56 2
34 0 97 2
60 1 95 2
24 0 81 1
48 0 23 2
40 0 7 1
87 0 5 2
12 0 6 0
23 0 98 2
49 0 76 0
7 0 15 2
96 2 52 1
42 0 94 2
92 2 2 2
69 0 24 2
72 0 44 1
4 0 26 2
60 1 46 2
58 0 34 0
78 2 15 1
94 0 55 0
29 0 84 2
46 0 70 0
78 1 44 2
64 0 6 0
14 0 64 1
22 1 99 1
28 0 80 1
75 2 57 1
69 0 73 1
5 2 65 1
51 2 59 2
56 1 2 2
45 1 41 2
10 0 89 2
57 0 77 2
59 0 60 2
8 2 9 1
81 2 72 2
35 2 82 2
98 0 13 2
86 1 65 2
88 0 49 2
41 0 43 1
38 1 81 1
62 0 20 1
53 0 100 1
45 0 67 0
57 0 29 2
80 0 66 1
82 0 46 1
64 1 46 1
24 2 99 2
36 0 44 0
40 1 1 2
82 0 13 1
22 0 26 2
4 0 50 1
72 0 96 1
47 2 30 2
61 0 16 1
9 1 40 1
85 0 54 0
18 0 6 2
69 0 68 1
84 0 21 2
93 1 94 2
70 1 2 1
47 0 14 2
41 0 17 1
70 2 2 1
19 0 75 2
99 1 10 1
45 0 85 1
19 2 36 2
84 1 15 2
84 0 89 2
83 0 3 1
55 1 50 1
26 1 34 2
47 1 28 1
82 1 43 2
30 0 84 1
81 2 100 1
12 2 77 2
88 0 25 2
14 0 33 2
92 0 11 0
68 0 71 2
82 0 61 2
31 1 78 2
39 2 85 2
4 0 23 2
93 0 86 0
72 0 13 2
99 0 11 2
78 0 27 2
69 0 61 1
45 0 10 2
48 0 22 2
84 1 54 1
24 1 30 1
24 0 70 0
24 0 46 1
57 0 91 1
50 2 36 1
99 0 7 1
45 1 62 1
60 0 92 0
60 0 75 2
93 1 38 1
15 0 76 1
87 0 26 2
93 0 46 1
37 0 46 1
42 0 6 1
9 0 90 1
67 0 10 2
13 0 73 1
18 2 72 1
58 1 52 1
28 0 67 2
38 0 61 2
34 0 7 1
80 0 58 1
69 0 32 1
41 0 55 2
49 0 16 1
13 2 87 2
56 2 15 1
2 0 7 1
57 0 70 1
13 1 28 1
10 0 6 1
95 0 72 2
4 0 63 1
80 2 11 2
7 1 88 2
57 0 68 2
43 0 8 1
62 0 37 2
76 0 23 2
92 1 50 2
69 0 14 1
42 0 93 1
99 2 30 1
72 0 45 2
62 0 17 1
76 0 35 1
93 1 13 2
64 2 6 1
22 0 56 1
38 1 67 1
25 0 23 2
98 2 40 1
71 0 26 1
22 0 17 1
64 2 16 2
44 0 84 2
75 1 33 1
73 0 99 0
69 1 2 2
23 0 35 2
23 1 2 1
74 0 92 2
10 0 92 1
84 2 4 2
41 0 63 1
5 0 94 1
100 0 21 1
28 0 33 2
87 0 3 2
53 0 42 2
75 0 3 2
22 0 51 0
36 0 73 1
38 2 8 1
53 0 79 2
9 0 61 1
19 2 58 2
59 0 3 1
56 2 52 1
33 1 77 2
44 0 100 1
29 1 97 1
34 0 60 2
97 0 37 1
46 1 15 0
19 2 86 1
94 0 45 1
85 2 10 2
12 0 23 0
90 0 68 2
89 0 91 1
65 1 71 2
1 0 45 1
31 0 76 2
21 0 64 1
70 2 9 2
5 2 54 1
74 2 51 2
58 0 50 0
57 1 14 2
49 0 11 0
10 0 96 2
60 0 83 1
94 1 71 2
38 2 88 2
17 0 84 2
66 2 20 1
73 1 38 2
48 0 93 1
75 1 4 2
77 1 24 1
19 0 73 2
95 2 55 2
37 1 50 2
9 0 45 1
13 1 17 1
79 0 92 1
51 2 8 2
3 0 12 1
72 0 95 2
48 0 65 2
93 0 83 1
21 1 70 2
47 0 80 1
57 1 53 2
3 0 27 2
11 0 30 1
9 0 37 2
4 0 32 1
67 0 17 1
48 0 64 2
24 2 22 2
41 0 43 1
70 2 76 1
15 0 70 1
82 2 70 2
44 0 24 2
68 2 99 1
59 0 8 2
71 2 47 1
26 1 91 1
93 0 94 2
55 2 25 2
21 2 10 2
18 0 67 1
95 1 89 1
26 0 9 0
14 0 50 2
41 0 3 1
16 0 61 0
68 0 70 2
80 0 54 2
91 0 16 2
32 0 74 1
39 0 98 1
40 0 42 1
76 0 4 0
55 0 96 2
69 0 98 1
97 0 60 1
41 0 28 0
83 1 47 1
86 0 35 2
88 0 38 1
80 0 47 1
55 1 77 1
62 2 9 2
19 0 95 2
33 1 100 1
8 1 69 1
71 1 31 2
11 0 67 0
65 0 17 1
37 1 88 2
5 0 45 0
46 0 87 2
4 0 66 2
50 1 22 2
37 2 7 2
81 2 65 1
95 2 66 1
22 0 79 1
31 2 90 1
69 0 22 2
95 2 34 1
85 2 92 2
5 0 28 2
15 0 43 2
23 1 63 1
13 0 12 1
43 2 52 1
87 0 26 1
42 0 64 1
84 2 40 1
17 0 93 2
22 2 50 1
31 0 93 1
6 0 77 1
1 0 20 2
73 1 88 1
58 0 20 2
75 0 96 1
65 0 17 1
3 0 19 1
3 1 93 2
2 0 65 1
97 0 6 1
71 0 53 1
31 0 37 2
97 0 14 1
28 0 38 2
26 1 8 2
63 0 98 1
21 0 58 1
94 1 16 1
64 0 32 1
67 0 60 2
54 0 76 2
65 1 78 1
69 0 48 0
59 2 97 2
6 2 99 1
51 0 45 2
22 2 43 2
2 0 49 2
51 0 77 1
18 2 73 1
4 0 91 1
86 0 81 1
32 2 26 2
4 1 41 1
35 0 9 2
64 0 71 2
100 2 45 2
55 0 53 1
66 0 23 1
67 0 22 2
9 0 72 2
26 0 3 1
23 0 77 2
41 0 70 1
72 0 90 2
47 1 4 2
78 0 20 0
30 0 81 2
20 0 5 1
90 0 29 0
77 0 18 2
93 2 52 2
84 1 62 1
82 0 84 1
40 0 92 2
68 0 21 2
24 0 57 0
43 0 98 1
12 2 2 1
93 1 6 1
12 0 43 1
75 2 2 2
27 0 100 2
10 0 51 2
33 1 83 2
45 0 85 2
86 0 2 0
49 0 48 0
94 1 96 2
75 0 37 0
8 2 67 1
8 0 33 2
40 0 95 2
2 0 17 2
84 0 98 1
8 1 41 1
8 2 4 2
3 0 75 1
98 0 75 1
82 0 8 1
36 0 78 1
88 0 32 1
96 1 24 2
56 0 67 2
67 0 19 2
22 0 94 1
91 1 1 1
57 0 49 1
46 2 35 1
91 0 84 2
77 0 82 0
51 1 49 2
80 1 30 1
5 1 6 1
22 2 14 1
81 2 9 1
73 0 51 2
21 2 10 2
72 0 2 2
90 0 58 2
8 2 36 1
52 0 11 2
57 0 11 2
6 0 89 1
9 0 56 2
86 0 52 0
45 0 6 2
68 1 58 1
80 2 41 1
93 0 57 0
75 1 90 2
30 0 82 1
20 0 22 1
46 0 93 1
32 1 72 1
22 0 55 1
62 0 70 2
6 1 62 1
78 0 88 0
21 0 64 2
33 1 69 1
70 0 56 1
83 0 74 2
29 0 35 2
34 1 62 1
58 0 18 1
14 0 96 1
33 1 34 2
18 0 32 1
22 0 38 1
15 2 48 2
81 2 63 1
63 0 92 2
32 0 42 2
21 0 85 2
87 2 10 1
25 1 54 1
38 2 37 1
38 0 59 2
54 0 51 1
76 0 85 2
28 0 34 2
58 0 7 2
37 0 16 1
54 0 98 2
68 2 75 2
30 0 32 2
80 0 92 2
24 0 58 1
5 2 53 1
13 0 12 2
63 0 74 2
52 0 74 2
63 0 5 2
62 0 76 1
43 1 21 1
97 0 45 2
89 1 52 1
49 1 88 1
8 1 61 2
98 0 96 1
4 0 54 0
56 0 85 2
47 0 67 2
10 0 97 2
28 0 29 2
3 2 71 2
78 0 5 2
100 2 53 2
100 2 20 2
36 0 28 1
78 1 79 2
98 0 19 2
78 2 1 2
19 1 36 1
1 2 36 2
34 0 77 1
28 0 25 1
60 0 87 1
96 0 29 0
60 2 80 2
92 2 86 2
31 0 48 2
9 0 6 1
35 0 43 2
82 0 62 1
66 2 48 2
47 0 86 2
33 2 69 2
87 0 27 1
22 1 37 2
11 0 52 1
92 0 17 2
34 0 7 2
36 0 12 2
1 0 34 0
41 0 17 2
48 1 57 2
48 0 90 2
60 2 16 2
9 0 8 1
98 0 79 2
90 0 98 2
37 1 53 2
10 0 7 1
88 0 42 2
56 0 47 2
47 0 75 1
37 0 94 2
27 0 53 0
87 1 53 2
21 0 32 2
51 1 65 2
58 1 92 2
66 1 80 2
97 0 71 2
79 2 41 1
35 0 17 1
4 0 86 1
89 0 27 1
22 0 38 1
99 0 13 2
45 1 47 2
7 0 97 2
83 0 100 1
50 0 69 2
44 0 76 2
14 1 42 2
49 2 24 1
95 0 23 2
18 0 81 1
57 0 29 2
17 0 12 1
11 0 7 1
41 0 79 2
28 0 32 2
4 0 73 2
78 1 70 2
63 0 69 0
43 1 82 1
72 2 9 2
17 0 74 1
88 0 64 1
38 0 16 1
88 0 81 1
69 0 18 1
23 2 57 1
43 0 13 2
70 2 50 2
19 0 81 1
53 0 85 2
17 0 68 2
53 0 58 2
55 1 7 2
79 1 2 2
82 1 63 1
75 2 20 1
90 0 37 1
78 2 76 2
89 0 76 0
10 0 16 1
68 1 75 2
97 0 94 2
98 0 49 0
7 1 47 2
30 0 12 1
25 1 63 2
18 2 54 2
18 2 42 1
9 0 64 2
38 0 75 2
86 0 27 1
14 0 7 2
47 0 59 2
11 1 87 2
13 0 29 2
2 0 83 1
47 0 27 1
97 0 68 2
10 0 23 1
2 0 90 1
77 2 82 2
26 2 40 2
60 0 82 1
54 0 26 2
58 0 96 1
13 1 38 2
21 0 33 1
30 0 80 2
28 0 26 1
70 0 27 1
5 2 66 2
12 1 13 1
21 1 90 2
27 1 15 1
56 2 6 1
85 1 22 1
91 0 90 0
99 1 89 2
51 0 96 2
38 1 61 1
47 0 14 2
73 0 18 2
56 2 62 1
79 1 29 2
42 2 57 1
96 1 1 2
7 2 78 2
8 0 80 2
100 1 35 2
65 0 85 2
2 0 34 0
14 0 22 2
38 0 77 0
87 0 17 1
65 1 4 2
29 0 46 2
40 0 53 2
39 0 68 1
30 0 98 2
65 1 91 2
19 2 2 1
23 0 3 2
82 0 38 1
59 0 19 1
14 0 31 2
66 0 32 2
78 0 86 0
50 0 16 2
5 1 23 2
61 0 94 2
33 2 50 2
97 0 49 1
87 0 43 2
16 0 81 1
32 2 62 2
80 0 75 1
26 1 33 1
30 0 81 1
100 2 44 1
97 0 72 2
70 0 27 1
51 0 10 2
49 2 76 1
1 0 84 1
85 2 79 2
73 1 44 1
84 1 83 1
42 0 66 1
14 0 63 2
52 1 41 2
54 0 13 1
59 2 47 1
22 2 63 2
50 0 22 2
31 1 29 2
65 0 74 1
72 0 81 2
57 0 78 2
40 0 35 1
72 0 89 2
51 1 48 1
56 0 94 1
97 0 5 1
38 1 26 2
59 1 62 1
36 0 63 1
64 0 84 0
39 1 26 2
3 1 35 1
7 0 32 1
39 2 6 1
6 0 43 2
44 0 38 1
4 0 51 1
91 1 76 2
38 2 56 2
84 2 52 1
8 1 80 1
93 0 1 1
85 1 69 2
46 0 51 0
84 1 28 1
71 0 92 2
31 2 9 1
89 0 91 2
84 0 77 1
43 0 95 2
48 0 55 1
15 0 25 1
6 0 15 1
49 2 54 2
81 0 57 1
66 0 14 2
78 0 69 1
59 0 3 2
64 2 39 2
14 1 87 1
9 0 89 1
78 0 26 1
67 0 86 2
37 2 89 1
44 0 37 2
84 0 96 1
29 0 66 1
85 1 4 1
35 0 81 1
98 2 42 2
1 0 38 1
60 0 43 0
51 0 16 1
10 0 94 2
78 0 39 1
27 2 9 2
48 0 84 2
97 0 60 1
57 0 19 1
72 0 86 1
90 2 34 2
7 0 5 1
27 0 43 1
20 0 92 2
7 0 62 2
33 0 22 2
57 0 29 2
29 2 87 1
93 0 64 1
77 0 3 2
6 1 37 2
74 0 43 0
80 0 41 2
59 0 18 1
28 0 3 2
63 0 23 2
98 0 96 1
56 0 95 1
10 0 66 1
85 0 50 2
95 2 82 1
49 2 40 2
50 0 34 1
26 2 3 2
94 2 48 1
96 0 27 1
38 2 73 2
2 0 32 2
50 0 48 2
20 1 41 1
69 0 6 1
29 0 25 0
48 0 20 2
8 0 33 2
92 0 46 1
25 1 10 2
72 0 6 1
6 1 84 2
13 0 12 2
59 0 94 2
70 2 100 1
64 2 92 2
42 0 94 2
15 0 79 1
77 1 34 2
91 0 89 1
83 0 85 2
47 0 63 2
9 0 19 2
28 1 44 2
99 0 49 2
14 0 91 2
52 1 45 1
72 0 5 1
79 0 9 2
2 0 58 2
35 0 32 1
7 2 42 1
68 0 40 0
65 1 61 2
85 0 55 2
92 0 26 2
27 0 53 1
17 1 44 1
64 2 23 2
55 0 86 0
25 0 36 0
13 0 36 1
37 2 25 1
37 0 99 2
64 0 98 2
85 2 84 1
79 0 32 1
33 1 72 1
55 1 89 2
34 0 67 2
64 2 62 2
87 0 17 2
63 1 80 2
65 2 86 1
74 0 72 0
92 1 76 2
63 0 47 1
99 0 85 2
28 1 2 2
91 1 20 2
14 0 66 2
98 0 63 0
40 0 75 1
66 0 46 2
56 0 88 0
91 0 83 1
16 0 60 1
28 0 59 2
70 0 96 1
80 1 30 2
11 2 53 1
63 0 81 2
14 0 11 2
19 0 26 1
10 0 34 0
37 0 74 1
7 0 50 2
37 0 7 2
19 0 25 2
59 0 52 1
12 0 72 1
46 0 44 1
63 0 64 1
23 0 54 0
66 0 77 2
43 0 78 0
83 0 24 1
36 0 14 1
76 2 34 2
57 0 23 2
63 0 96 1
60 1 20 2
38 1 96 2
29 0 64 1
9 0 38 1
12 0 40 1
99 0 55 2
18 0 51 2
49 0 83 2
77 0 91 2
94 1 49 1
80 1 100 2
34 2 57 2
67 0 28 0
7 0 17 2
22 0 18 1
35 2 83 1
16 1 85 1
87 0 89 1
31 2 97 2
86 0 8 2
80 0 76 1
8 0 79 2
80 1 91 2
49 0 19 2
13 0 29 2
40 0 51 2
59 0 41 1
40 2 2 2
50 0 74 2
43 2 29 1
92 0 74 2
87 0 33 1
61 1 58 1
19 2 90 2
48 0 33 2
14 1 69 1
55 1 28 1
87 1 28 2
34 1 10 2
56 0 42 0
84 0 75 2
49 1 77 2
70 0 38 2
8 0 2 0
46 2 74 2
10 0 66 2
92 0 29 0
74 1 16 1
45 0 29 2
91 0 50 0
63 0 25 1
12 1 34 1
10 0 74 2
45 0 96 2
70 2 86 1
73 2 70 1
20 0 22 2
40 0 23 2
48 0 83 1
52 0 56 2
66 1 37 1
27 0 97 2
1 0 20 1
70 0 61 1
44 2 28 2
76 0 51 1
56 1 69 2
76 0 31 1
84 0 71 2
76 0 46 1
4 0 17 1
68 0 43 0
92 0 68 2
94 0 18 2
49 1 81 2
72 0 49 1
78 0 54 2
61 0 52 2
49 1 28 1
58 0 27 1
39 0 30 0
29 0 55 1
82 1 83 2
23 0 82 2
74 0 4 1
61 0 89 2
35 1 13 2
10 0 1 2
88 0 93 2
14 0 83 1
23 0 96 1
10 0 31 1
43 2 62 2
74 0 36 0
46 0 67 0
64 1 47 0
58 1 77 2
39 1 6 2
20 0 44 2
97 0 55 2
42 0 36 1
89 0 74 1
59 2 82 2
60 1 96 2
88 0 74 1
5 0 19 1
82 0 12 2
1 0 35 1
79 1 83 2
37 0 77 1
20 0 82 1
3 2 62 2
61 0 6 0
100 0 85 2
79 0 74 2
46 0 14 1
56 0 7 0
74 2 89 2
53 0 19 1
84 1 1 2
97 0 78 1
22 1 66 1
66 0 12 2
11 0 36 1
77 2 1 1
37 0 41 0
41 0 46 1
47 0 7 2
86 1 100 2
37 0 87 0
49 0 91 2
30 0 54 0
78 0 29 2
49 0 89 1
60 2 78 1
42 0 76 2
8 0 12 2
31 2 21 1
15 0 90 2
94 0 91 1
19 2 76 1
44 0 98 1
54 0 4 1
85 0 76 2
64 1 65 1
99 2 9 1
68 0 62 0
14 0 4 0
41 0 17 2
70 0 49 1
86 1 21 1
52 0 59 1
86 0 6 2
94 2 62 1
75 1 8 2
28 1 44 2
30 0 11 2
24 0 26 1
11 0 66 2
98 1 42 2
44 0 36 2
80 0 64 2
1 1 87 2
64 1 31 2
65 1 79 2
60 1 99 2
60 2 6 2
69 0 40 1
16 0 68 1
76 0 40 0
86 2 57 2
96 2 73 2
2 0 71 2
59 0 57 0
95 1 80 1
3 0 18 2
58 0 87 0
100 1 76 2
89 0 56 2
71 0 44 0
100 0 95 1
34 0 71 2
73 1 40 1
53 0 89 1
2 0 11 1
50 0 45 0
34 0 29 1
31 1 58 2
61 1 65 1
16 1 85 1
28 0 37 2
58 1 85 2
82 0 89 0
40 0 12 2
92 1 51 1
64 2 86 1
84 2 20 1
7 0 73 2
36 0 81 2
98 2 83 1
58 0 26 2
45 0 12 2
53 0 8 1
2 0 3 1
28 0 37 1
52 0 71 1
22 0 73 2
76 0 60 1
30 0 97 1
17 0 72 2
68 2 34 1
23 0 64 1
96 0 12 2
65 2 30 2
26 2 52 1
91 2 31 2
9 1 52 2
88 0 54 1
88 2 72 2
33 2 84 1
22 1 53 1
89 0 47 1
45 0 75 1
97 0 100 1
40 0 22 2
77 0 15 0
23 1 52 2
100 0 87 1
83 0 92 2
69 0 78 2
89 2 47 2
83 0 94 1
86 0 93 2
11 0 77 2
46 0 85 0
70 0 95 1
91 1 13 2
37 1 82 2
68 1 78 2
84 1 47 1
12 1 72 2
47 0 85 2
97 0 52 0
91 1 43 2
66 1 40 1
26 2 57 1
67 0 88 1
11 1 71 2
77 0 45 2
14 1 99 2
75 2 78 1
2 1 4 2
75 0 25 2
88 0 98 2
58 2 35 1
23 0 76 1
77 2 17 2
47 0 48 2
26 2 90 2
75 0 2 1
96 0 56 2
95 2 86 1
70 0 38 1
77 0 67 0
53 0 66 1
80 0 39 2
35 2 48 1
23 0 90 2
26 1 18 2
70 0 74 1
17 0 29 2
59 2 29 1
9 0 38 2
99 0 88 0
37 0 39 2
89 2 15 2
50 0 70 2
26 0 92 1
40 1 4 2
75 2 86 2
64 0 16 2
51 2 54 2
63 0 75 1
7 0 8 0
41 0 21 1
65 1 43 2
53 0 77 2
84 0 95 1
86 1 71 1
98 0 35 0
71 0 9 2
86 2 67 2
87 0 51 1
35 0 88 2
97 0 58 2
40 0 94 1
15 2 30 2
7 0 16 1
54 0 27 2
49 0 25 2
72 1 53 2
1 0 73 2
8 0 94 2
100 0 74 2
84 0 91 2
82 0 74 2
86 0 25 0
78 0 39 1
93 0 32 2
67 0 53 0
21 1 42 1
37 0 27 1
29 0 20 2
88 2 62 1
22 0 94 2
19 1 72 2
39 2 14 2
6 0 46 2
59 2 83 1
73 0 71 1
83 0 84 1
95 0 6 1
42 2 41 1
40 1 52 2
6 0 75 2
3 0 48 2
90 0 59 2
35 0 23 1
61 0 90 1
77 1 5 2
39 0 37 2
74 1 27 2
52 2 47 1
48 0 58 1
39 0 33 1
39 0 87 0
2 0 70 1
10 1 83 1
19 1 9 2
57 0 39 1
49 1 33 2
60 2 66 2
83 0 84 1
84 2 71 1
14 1 2 1
73 1 42 2
27 0 82 0
11 1 69 1
85 1 25 1
22 2 54 1
64 0 38 0
17 1 63 2
80 2 52 1
56 1 73 1
44 0 61 1
12 2 8 2
51 2 21 1
23 0 76 2
64 1 58 2
80 0 77 1
15 0 57 2
30 0 10 1
42 0 78 2
23 0 79 1
81 0 94 2
95 1 71 2
33 0 66 1
13 0 66 1
99 0 60 2
57 0 65 1
65 0 49 2
31 0 68 2
59 0 85 2
13 1 50 2
22 0 77 1
53 2 57 2
60 2 52 1
92 1 39 2
14 0 86 1
29 2 48 1
35 0 93 2
62 0 100 1
24 0 54 1
1 0 17 2
12 0 94 1
87 1 88 2
93 0 6 2
4 0 45 1
49 2 89 2
70 2 34 2
65 0 24 0
81 1 79 2
12 0 2 1
44 0 16 1
60 2 40 1
20 0 43 1
38 2 88 2
91 1 78 2
27 0 6 0
23 0 1 0
32 0 81 0
68 1 67 2
79 1 90 2
17 0 5 1
28 0 86 2
25 0 33 2
55 0 60 1
65 0 19 2
55 0 35 2
97 0 70 2
33 2 56 2
10 0 85 2
79 1 81 2
29 0 43 2
77 2 2 1
83 1 69 2
80 1 76 2
22 0 28 2
17 0 11 0
29 0 55 1
46 0 20 2
39 0 71 2
95 2 40 2
35 0 43 2
84 2 99 2
60 0 82 2
95 1 83 2
50 0 52 2
48 0 82 2
87 2 52 2
79 0 19 1
9 0 63 2
24 1 52 2
38 0 69 0
94 0 46 2
36 0 50 1
4 2 28 2
10 0 55 2
59 0 26 2
59 1 53 1
97 0 1 2
18 1 66 2
7 0 49 1
12 0 53 0
72 0 46 2
77 0 71 1
47 0 71 2
4 2 2 2
15 0 58 2
52 0 37 1
11 0 73 1
42 0 81 2
1 0 46 2
96 0 72 2
30 0 89 1
73 2 22 2
63 0 100 2
7 0 16 1
71 0 73 2
47 0 96 2
87 0 31 2
7 2 90 2
82 2 63 2
57 0 70 2
39 2 4 1
19 0 42 2
64 1 29 2
79 0 95 2
31 0 59 0
29 0 22 2
47 0 63 1
67 0 37 1
21 1 7 2
43 1 87 1
76 0 3 2
57 1 54 2
47 0 64 1
60 2 92 1
44 1 1 2
91 0 51 2
95 2 55 1
49 0 85 1
18 0 50 1
55 0 96 2
48 0 6 2
53 2 44 2
55 2 76 2
87 0 49 2
80 2 25 2
13 0 58 0
81 0 4 0
96 1 20 1
76 0 13 2
86 1 63 1
3 0 32 1
18 1 45 2
39 2 45 2
27 0 92 2
1 1 47 2
93 2 76 2
91 0 67 2
7 2 29 1
91 1 61 2
67 0 96 1
2 0 73 1
92 0 83 1
96 0 65 2
53 0 91 2
75 0 52 1
15 0 9 2
20 1 28 1
15 0 13 2
3 0 34 1
19 1 9 2
95 2 8 2
98 0 33 1
72 0 75 1
9 0 47 2
3 1 48 1
27 2 55 1
60 2 48 2
61 0 56 1
16 0 54 2
87 0 21 1
76 2 2 1
94 0 36 2
81 0 73 2
58 0 88 1
12 2 71 1
87 0 78 2
86 0 19 1
30 0 40 2
86 0 90 0
22 1 35 2
49 1 61 1
92 1 97 1
41 0 26 1
53 0 18 2
47 0 31 2
46 1 30 0
3 0 64 2
72 2 2 1
69 0 5 1
39 0 91 2
41 0 1 1
40 0 31 2
72 0 60 2
72 0 65 1
100 1 82 2
73 0 96 2
39 2 15 2
42 1 45 2
29 0 66 1
12 2 44 1
98 0 12 1
63 0 65 1
56 0 81 1
85 1 35 2
8 0 42 0
44 2 4 2
59 1 99 2
34 0 76 1
5 0 98 2
52 1 63 2
45 0 70 2
7 1 73 2
65 0 99 1
22 2 76 2
91 0 54 1
75 2 53 1
41 0 52 1
84 0 52 2
18 0 94 0
10 0 72 2
12 1 40 1
83 0 66 2
23 0 82 2
84 1 15 2
4 0 21 2
20 2 57 2
54 0 11 1
52 0 71 1
78 1 52 2
92 0 38 2
37 0 80 0
78 0 20 2
59 0 30 2
71 1 35 2
54 0 98 2
90 0 93 1
27 2 32 1
44 0 71 2
5 0 18 1
36 0 56 1
80 0 93 1
58 0 68 2
18 2 47 2
43 2 80 2
55 0 95 1
91 0 1 1
94 1 49 1
59 0 41 0
45 0 8 1
32 1 5 1
55 1 53 1
74 0 17 0
93 0 39 2
53 0 13 2
45 0 77 1
96 0 25 0
86 0 91 1
53 0 58 2
54 0 1 2
10 0 49 2
30 0 85 1
52 0 81 2
16 2 47 2
6 2 69 1
23 1 91 2
7 0 56 2
76 0 65 2
68 1 49 1
98 0 94 1
61 2 31 1
58 2 98 2
30 0 72 1
32 1 49 1
20 0 98 1
43 1 65 2
4 0 35 1
32 0 10 1
98 2 97 1
10 2 30 1
3 1 65 2
87 1 97 1
70 0 61 1
69 0 18 2
69 0 74 1
50 0 84 2
79 0 21 1
35 1 20 2
26 2 28 1
29 1 80 2
71 1 88 2
78 1 43 1
28 0 43 2
53 0 82 2
30 0 31 1
41 0 69 2
15 0 71 2
60 2 14 1
51 0 4 0
97 0 56 1
79 2 45 1
73 0 96 1
53 0 72 1
53 0 96 2
73 1 92 2
50 0 56 2
77 0 23 2
85 0 5 2
69 0 100 1
87 2 83 1
100 1 42 1
31 0 52 1
56 2 76 1
26 0 93 1
43 2 36 1
63 2 11 2
63 1 23 2
48 0 21 2
54 0 82 2
17 1 13 1
1 1 54 1
33 2 69 1
71 0 90 0
3 2 11 1
65 1 66 2
67 0 38 1
30 0 64 2
66 0 100 0
26 1 52 1
54 0 88 1
41 0 42 2
80 0 45 2
32 2 78 2
56 0 12 1
55 0 34 2
38 0 26 2
12 0 28 0
71 0 12 1
32 1 19 2
20 0 64 2
24 2 21 1
80 0 81 2
49 2 43 1
25 2 67 1
27 0 19 1
6 0 100 0
70 0 21 0
82 2 70 2
26 1 41 2
58 0 10 2
95 0 32 1
79 2 56 2
23 0 12 1
22 0 99 2
9 0 33 1
32 0 48 0
24 0 83 0
19 0 58 1
68 0 13 2
59 1 14 1
65 2 66 2
45 0 8 2
23 0 5 2
93 2 13 2
24 2 42 1
22 0 81 1
21 1 52 1
93 0 71 0
77 2 40 2
80 0 48 1
22 0 3 2
71 1 80 1
73 1 10 1
86 0 66 2
1 1 36 1
64 2 44 2
99 1 10 1
80 0 94 1
15 0 53 1
80 0 51 2
45 0 7 2
95 1 25 2
61 1 6 1
75 2 51 2
89 0 31 1
85 1 29 1
12 1 86 1
74 2 32 2
100 0 87 2
15 0 96 2
48 0 10 2
100 0 7 2
20 0 81 1
30 0 33 2
99 0 46 1
59 0 46 1
12 2 51 1
48 0 87 1
17 0 92 1
17 0 5 1
52 0 98 2
47 0 77 1
4 0 39 2
80 2 9 1
19 1 69 1
47 0 58 1
98 1 78 1
1 0 56 2
32 0 19 1
90 0 51 1
11 1 62 2
5 0 30 1
75 2 91 2
95 1 29 1
84 0 3 1
92 0 27 2
35 0 14 2
5 1 48 1
74 1 25 1
87 0 38 2
46 1 71 1
30 0 88 1
81 0 52 1
94 1 90 1
38 0 62 2
34 0 33 2
74 0 66 0
47 0 92 2
27 1 2 1
35 0 15 2
43 1 48 2
98 1 92 2
39 1 47 1
18 2 48 1
68 2 65 1
68 1 82 2
22 0 45 1
12 0 66 1
97 0 36 1
57 0 8 2
39 1 57 2
88 0 76 1
37 0 2 1
49 0 53 2
59 0 1 0
26 0 42 1
33 0 3 0
44 0 37 2
90 0 83 1
61 1 1 1
36 0 61 2
96 0 76 1
45 1 40 2
67 0 55 2
71 2 69 2
79 2 71 2
98 1 50 2
57 1 34 1
76 0 22 2
5 0 23 2
8 1 58 2
31 1 35 1
98 1 34 1
85 0 39 2
6 2 10 1
45 0 75 1
48 0 1 1
63 0 81 2
99 0 3 2
39 1 87 1
19 0 26 2
92 2 36 2
43 0 58 1
53 0 19 1
94 0 13 2
25 0 40 1
39 0 49 0
33 1 32 2
96 0 65 2
87 0 68 2
50 2 53 2
35 0 53 2
62 0 18 1
82 1 80 2
76 0 82 1
76 0 71 0
52 0 12 2
24 0 64 1
54 0 75 1
28 0 21 1
83 0 99 1
28 0 98 1
33 2 59 1
84 0 19 1
5 1 78 1
67 0 77 1
35 0 98 1
40 0 10 1
71 0 18 2
100 0 60 1
43 0 55 2
88 0 19 1
13 0 32 1
94 0 46 1
44 0 67 1
96 2 87 2
92 1 91 2
45 0 1 2
64 1 44 1
45 0 80 1
77 1 97 1
52 0 33 1
82 2 80 1
1 1 47 1
85 1 82 2
42 2 11 2
8 0 46 2
48 0 80 2
31 1 90 1
71 0 68 1
68 2 29 2
24 2 43 2
41 0 75 2
26 0 22 2
34 1 88 2
56 0 60 1
18 2 24 2
99 0 38 2
91 1 72 1
11 0 74 2
26 2 88 1
35 0 24 2
64 2 57 1
41 0 36 1
97 0 27 1
29 2 62 2
99 0 54 2
29 2 15 2
24 0 65 0
47 0 88 2
37 1 53 1
26 0 2 1
7 0 77 1
88 1 52 2
51 2 24 2
33 0 45 2
20 0 90 2
13 1 8 2
88 1 67 2
88 1 62 2
99 0 28 2
62 1 41 2
72 0 73 1
63 0 32 2
31 0 43 0
96 1 40 1
70 2 48 2
4 0 65 2
48 0 81 1
66 1 40 1
93 0 98 1
83 0 20 1
24 0 37 1
64 2 51 1
63 0 49 2
74 0 91 0
17 0 1 2
54 0 5 2
24 2 87 2
81 1 49 2
57 0 8 1
31 2 41 2
29 2 30 1
66 0 54 2
49 0 5 2
1 0 63 2
11 0 19 2
22 0 24 2
57 0 34 2
36 0 58 1
32 0 2 1
2 0 18 1
95 2 37 1
39 1 90 2
39 2 91 1
93 1 75 2
91 0 4 2
87 0 95 1
48 0 97 1
1 2 36 2
37 0 9 2
84 0 94 1
10 0 21 2
26 2 21 1
59 1 22 1
6 0 81 1
67 0 18 2
23 0 59 2
43 0 45 0
57 0 27 1
84 2 8 2
49 1 21 1
67 2 62 2
75 1 42 2
32 2 35 1
39 1 88 2
100 1 80 1
84 1 9 2
47 0 95 2
50 0 38 1
82 0 1 1
56 2 34 2
1 0 11 1
39 2 14 1
18 0 67 2
32 2 37 2
24 0 83 0
4 0 79 2
54 0 51 1
66 0 98 2
62 0 25 2
44 0 26 2
31 2 45 2
46 1 91 1
60 2 29 2
44 0 6 2
16 2 57 1
86 0 5 1
71 2 83 1
65 1 86 2
86 0 41 1
57 0 62 0
93 0 19 1
49 0 18 2
98 0 32 2
22 0 16 1
73 0 51 0
63 1 21 2
30 0 33 1
73 2 61 2
36 0 13 2
2 0 16 2
52 0 85 1
22 1 31 1
57 0 97 2
59 0 19 2
49 1 8 2
54 0 13 1
55 0 74 1
80 0 20 2
36 0 91 2
21 0 78 1
80 0 59 2
89 1 86 2
43 0 5 1
31 2 15 1
55 0 57 0
77 1 42 2
58 1 38 2
94 1 88 1
52 0 10 1
67 1 57 1
46 2 22 1
36 0 11 1
53 0 14 2
6 2 66 2
36 0 9 2
14 0 19 2
18 1 71 1
83 2 36 2
25 0 53 1
2 0 87 2
89 0 78 2
29 0 92 1
46 2 89 1
10 0 11 1
39 1 64 2
74 0 5 2
51 0 35 1
62 2 57 2
31 0 68 2
51 0 21 1
54 0 49 2
51 0 92 1
70 0 93 1
46 1 50 1
89 0 77 2
24 2 91 2
27 2 61 2
91 0 10 1
66 1 45 2
39 2 100 1
37 0 67 1
68 2 38 2
93 1 39 2
93 0 64 2
77 0 33 1
45 1 11 2
87 0 56 2
37 0 12 2
28 0 83 2
53 0 5 1
72 0 46 1
76 2 25 2
94 1 61 1
78 0 83 2
93 0 94 0
45 0 16 1
59 1 14 2
5 1 42 2
78 2 69 1
74 2 41 1
33 2 51 2
24 0 100 0
97 0 53 0
82 2 80 1
37 0 60 2
13 0 86 1
18 0 12 2
30 0 9 1
56 0 46 2
88 0 3 2
48 0 54 2
4 1 15 1
19 2 15 1
36 0 59 1
33 0 55 2
100 0 33 1
75 0 48 0
42 1 28 1
34 1 4 2
1 0 2 1
5 0 19 2
73 0 14 1
74 0 80 0
84 2 20 2
51 0 71 1
87 0 76 2
18 0 27 0
99 0 40 1
82 2 31 2
25 0 6 1
27 2 26 1
84 0 68 1
1 2 30 1
11 0 69 2
93 2 84 2
57 0 52 2
86 2 83 2
8 2 53 2
17 2 10 1
60 1 19 2
24 1 57 1
38 0 92 2
51 1 73 2
51 0 5 1
74 0 48 1
89 2 47 1
13 0 81 1
16 0 88 0
3 0 65 1
63 1 52 2
24 1 73 2
63 0 11 0
37 0 59 0
96 0 76 1
23 0 33 1
32 2 22 2
81 0 55 2
38 0 24 2
52 0 78 2
68 2 51 2
98 0 43 0
47 0 44 2
73 0 26 1
16 2 40 1
72 2 53 2
85 2 71 2
82 0 61 2
21 2 36 2
7 0 87 0
30 0 28 2
89 0 85 1
95 0 77 1
72 0 22 2
53 0 8 1
80 0 56 2
26 2 76 2
43 1 9 1
79 1 33 2
68 2 40 1
88 0 96 2
53 0 78 2
62 0 9 0
88 0 7 2
75 0 100 0
77 1 57 2
83 0 19 1
46 0 90 1
13 0 3 2
69 0 14 1
62 0 34 0
43 0 3 1
89 0 84 2
54 0 58 1
21 0 34 2
75 0 18 0
37 0 61 2
94 1 30 2
95 0 87 2
77 2 90 1
88 0 58 2
27 2 44 2
64 2 28 1
43 2 48 2
45 2 57 2
7 0 64 1
19 0 18 0
85 2 66 2
71 0 62 0
69 0 88 1
24 1 72 1
27 2 41 1
5 2 61 1
4 0 92 2
9 2 34 2
8 1 51 1
57 0 6 2
5 0 75 1
4 0 44 1
76 1 29 1
48 0 34 2
34 0 70 2
75 2 52 2
94 0 2 0
16 1 74 2
26 2 62 1
46 2 50 1
81 1 73 1
54 0 15 2
45 0 25 2
97 0 26 1
68 0 80 1
79 2 2 2
53 0 13 1
82 0 65 2
99 1 28 1
25 0 73 1
24 2 21 2
83 0 63 2
57 0 30 2
10 0 13 1
12 1 73 2
6 1 4 2
69 0 43 1
51 1 69 2
24 0 5 1
2 0 94 1
72 0 87 2
55 1 4 1
22 0 60 1
11 2 4 1
73 0 4 1
44 0 1 1
4 0 50 2
99 1 9 2
29 0 85 2
75 0 77 0
48 1 40 2
96 0 27 1
15 0 20 1
17 0 68 1
72 0 37 2
96 2 25 2
60 2 99 1
86 2 34 1
32 0 39 1
53 0 92 2
3 0 10 1
44 0 3 2
43 0 96 2
71 2 9 1
65 1 23 1
58 2 14 2
44 0 55 2
89 0 92 1
62 0 13 2
13 0 100 0
67 0 10 2
61 2 78 1
48 0 51 1
97 1 57 2
9 0 11 2
26 0 68 2
42 0 71 1
63 0 56 2
65 0 92 2
95 2 96 2
87 0 15 2
28 0 5 2
4 0 61 1
52 0 6 1
72 0 39 1
76 0 85 1
17 0 35 1
6 2 4 2
58 1 56 2
75 1 78 2
76 0 42 2
4 0 72 1
15 0 24 2
33 1 59 1
78 0 34 2
6 1 36 1
63 0 6 2
62 0 34 0
45 0 41 2
44 0 93 2
59 0 77 1
81 0 60 2
100 0 64 2
75 1 91 2
39 1 74 2
6 2 7 2
9 0 8 2
80 0 41 0
26 0 54 0
4 0 73 2
23 2 48 1
22 1 88 1
84 1 65 2
2 0 27 2
41 0 45 1
99 0 36 2
97 0 30 0
84 1 25 2
19 0 82 2
47 0 86 1
15 1 83 2
55 1 96 2
3 0 8 2
92 0 49 2
36 1 67 2
93 1 19 2
17 0 94 2
19 1 16 2
85 0 88 1
83 0 24 1
40 0 79 1
82 0 85 2
66 1 52 2
1 0 59 1
61 0 26 2
1 0 93 2
33 0 82 2
89 2 57 2
71 0 95 2
97 0 39 2
25 0 21 1
86 0 8 2
48 0 10 2
38 0 2 1
41 0 98 1
63 0 46 2
21 2 36 1
32 2 91 1
11 0 56 1
18 1 87 2
8 0 73 1
40 0 19 1
74 2 53 1
76 0 13 1
73 0 59 2
88 0 21 2
52 0 39 1
73 1 84 1
34 0 96 2
14 0 59 1
56 2 40 1
1 0 66 2
55 1 88 1
96 0 93 1
33 0 18 1
31 0 77 1
25 0 65 1
91 1 83 1
99 0 3 1
79 0 12 2
90 0 98 2
99 0 2 2
27 0 100 2
61 2 24 2
33 0 84 2
74 1 48 1
45 2 88 2
29 0 93 2
35 1 86 1
31 0 95 2
21 0 47 0
34 0 91 1
48 0 33 2
85 1 82 1
80 1 2 2
24 2 34 2
60 1 28 1
64 0 55 1
74 1 39 2
13 0 53 0
38 2 84 1
95 2 2 2
69 0 70 1
31 2 36 2
57 0 22 1
40 0 10 2
69 0 27 2
1 0 96 1
87 0 95 2
54 0 84 2
29 0 86 1
67 0 38 1
82 1 23 1
40 0 68 2
28 0 14 2
36 0 78 1
11 2 4 1
37 0 56 1
26 0 8 0
92 2 45 2
100 0 17 1
69 0 100 2
24 1 67 1
87 0 74 2
96 2 22 1
68 2 19 2
3 1 55 2
72 0 45 0
95 0 64 2
90 0 34 1
59 0 9 2
75 0 4 0
84 0 18 2
34 0 60 1
46 2 10 1
60 2 57 2
20 0 92 1
20 0 49 2
54 1 83 2
37 1 44 2
74 0 58 2
72 0 92 2
6 0 67 0
88 0 31 1
52 0 37 1
39 1 86 2
82 2 21 2
67 0 3 2
80 0 93 2
77 0 60 1
6 0 51 2
52 0 64 2
54 0 67 2
2 1 14 2
48 1 57 2
96 1 21 1
50 2 14 1
95 2 42 2
82 0 96 1
34 0 97 2
100 0 17 1
1 0 70 1
24 1 51 1
57 0 7 2
29 0 82 2
35 0 58 1
35 0 64 1
74 0 83 1
17 0 51 2
2 1 62 2
89 0 87 2
83 0 56 1
22 0 38 1
62 0 96 2
26 2 5 2
16 0 70 2
85 1 80 1
22 0 50 0
26 0 4 1
92 1 39 2
50 0 24 2
66 0 88 1
53 0 41 2
68 0 23 2
14 0 71 1
40 0 5 2
95 1 83 1
82 0 42 2
51 0 30 0
55 2 82 1
83 0 80 2
97 0 75 2
48 0 49 1
95 0 63 0
11 2 45 1
81 0 17 1
96 0 86 0
18 2 82 2
26 2 55 1
85 0 18 2
56 0 26 2
100 0 17 2
46 1 32 1
82 0 29 1
98 2 80 2
65 2 90 2
41 0 83 1
2 2 62 2
42 2 9 2
38 1 62 2
1 0 71 1
1 1 48 1
78 0 69 2
26 0 49 1
42 0 27 2
70 1 63 1
95 2 78 1
51 0 85 1
39 0 94 0
99 0 98 2
29 2 20 1
22 2 35 2
5 1 32 1
68 2 29 2
16 0 93 2
38 0 52 1
37 0 1 0
36 0 39 1
94 0 95 2
39 2 45 1
73 1 88 2
63 1 47 2
85 0 16 2
53 1 67 1
61 1 71 1
56 1 62 1
11 0 85 2
66 2 97 1
63 0 2 2
46 0 15 1
69 0 97 1
61 1 67 2
73 0 17 0
4 0 5 2
32 1 35 1
67 0 19 1
42 0 85 1
75 1 52 1
5 2 29 1
31 0 90 1
93 1 6 2
4 1 45 2
9 0 68 2
10 0 37 1
61 0 75 2
48 0 25 2
54 0 10 1
50 0 60 2
25 0 1 0
82 0 66 1
59 1 63 2
14 0 43 2
27 0 85 2
4 0 53 1
42 2 83 1
42 1 76 2
65 0 67 2
71 0 51 1
31 0 40 1
20 1 47 1
72 0 39 2
68 2 85 1
43 0 73 1
54 0 35 2
60 0 5 0
24 0 6 1
14 0 24 2
67 0 8 1
6 0 80 0
81 0 48 0
31 2 44 1
70 2 63 2
98 1 59 1
8 0 70 2
68 2 51 1
12 1 36 1
2 1 72 2
50 1 78 2
17 0 38 1
69 0 26 2
19 1 71 1
41 0 66 1
49 0 66 2
66 0 95 2
100 0 65 2
32 0 48 0
19 2 44 1
13 0 66 0
56 2 4 2
16 0 93 2
70 1 10 2
97 0 50 1
95 0 19 0
97 0 71 2
56 0 19 2
17 0 57 0
56 0 19 1
96 1 74 1
1 0 34 2
55 0 90 1
75 2 57 2
11 1 83 2
46 1 38 1
77 0 23 1
85 0 18 1
92 0 75 1
14 0 32 1
18 1 54 2
22 0 11 2
1 0 20 1
64 0 45 2
97 0 92 1
100 2 36 2
4 0 30 1
27 0 83 1
41 0 74 2
81 0 35 0
83 0 29 2
52 0 14 1
29 1 48 2
64 1 26 2
62 0 78 1
35 1 40 1
89 0 22 1
70 1 40 1
53 0 57 2
8 0 83 0
88 2 67 2
88 0 17 2
24 0 79 1
10 0 35 2
47 0 2 2
14 0 95 2
14 1 54 1
53 0 7 1
31 0 3 2
32 0 99 2
78 0 61 1
94 1 43 1
35 0 53 1
11 0 37 2
27 0 44 0
29 0 46 2
71 0 12 1
35 1 98 2
10 0 64 1
53 0 34 2
86 0 99 2
11 1 62 2
40 0 70 2
48 0 86 1
37 0 49 1
74 1 23 1
97 0 77 2
66 0 68 2
10 0 23 2
19 1 17 2
67 0 19 2
44 0 22 1
65 0 16 2
97 0 39 1
40 2 47 2
87 0 18 1
50 1 21 1
80 0 36 2
40 0 50 1
7 0 74 1
53 2 36 2
23 0 49 1
36 0 79 2
30 0 17 2
5 2 60 2
51 2 42 1
25 0 85 1
72 0 55 1
48 0 44 2
85 0 38 0
81 0 91 1
14 0 46 2
80 1 86 1
86 0 81 1
32 1 38 2
67 0 60 2
23 1 15 2
60 0 1 0
42 0 63 0
61 0 73 0
3 0 1 2
12 2 24 1
69 0 57 0
45 0 43 2
11 0 96 2
75 0 7 1
97 1 41 2
96 0 19 1
79 1 99 1
57 0 43 1
32 1 96 1
75 1 32 2
54 0 43 1
3 0 20 1
17 1 1 1
26 0 20 2
78 1 6 2
51 0 58 2
30 0 32 1
57 2 54 1
86 0 97 1
44 0 66 1
25 0 6 1
29 2 11 1
89 0 90 0
49 0 88 2
14 0 8 1
3 1 91 1
77 0 25 2
46 0 55 1
96 0 48 0
3 0 49 1
88 1 63 2
24 0 54 0
7 0 74 2
19 0 18 0
64 2 67 1
86 0 62 0
54 0 8 1
19 0 77 0
51 2 14 1
13 0 26 2
66 1 84 2
51 0 80 0
44 0 40 1
1 0 60 2
7 2 9 1
69 0 29 2
6 2 88 1
44 1 10 1
17 0 27 1
55 1 16 1
37 0 43 1
23 1 82 2
96 0 70 1
39 1 96 2
9 1 45 2
23 0 12 1
56 2 25 1
83 0 14 2
4 0 14 1
60 0 19 2
15 0 58 2
85 2 14 1
79 2 42 2
43 2 76 2
96 0 38 0
2 0 94 2
77 1 35 2
51 2 82 2
26 0 99 1
50 0 55 2
32 2 40 2
59 0 37 0
56 0 42 1
72 0 82 1
70 2 30 1
2 0 55 2
42 0 12 2
25 0 79 1
83 0 38 1
62 0 41 1
57 0 35 2
14 0 29 1
8 0 16 1
92 2 61 1
38 0 98 1
96 2 84 1
61 1 100 1
32 0 91 1
16 1 59 1
44 0 20 1
88 0 21 1
8 0 27 1
84 1 56 2
33 0 64 1
21 0 4 0
97 0 78 1
4 0 51 1
17 1 33 2
15 0 65 2
25 1 54 2
95 0 90 2
62 0 27 1
57 0 7 1
97 0 57 1
89 0 85 1
44 0 7 1
64 0 7 0
25 0 38 2
93 2 89 1
47 0 26 1
60 1 51 2
44 0 99 2
47 0 90 2
72 0 57 0
2 0 100 2
89 2 34 1
96 0 15 1
70 0 84 2
28 0 51 2
2 0 86 2
42 0 6 1
76 2 2 2
39 2 23 2
34 1 10 1
10 0 71 1
33 1 11 1
26 1 68 2
4 0 2 1
73 0 78 0
29 0 23 1
97 0 70 1
87 0 38 1
42 0 75 2
86 0 61 2
5 1 9 2
88 2 30 1
45 0 31 2
75 2 9 1
37 1 36 2
65 0 24 1
5 0 25 1
24 0 85 2
75 2 18 2
67 2 1 2
30 0 26 2
89 0 32 2
6 0 65 2
40 0 77 1
80 0 12 2
27 1 44 1
29 1 52 2
67 0 35 2
34 0 8 2
72 0 37 1
97 0 78 2
69 0 38 2
51 0 53 1
21 0 27 1
13 0 51 1
50 0 85 1
49 0 34 2
8 2 72 1
15 0 22 1
100 0 22 1
66 0 2 2
31 0 32 1
29 0 40 2
91 0 82 2
33 0 26 1
32 0 59 2
60 1 71 2
45 1 34 2
88 0 68 1
69 1 15 1
29 0 96 2
32 2 21 1
25 0 79 2
7 1 28 1
34 0 27 1
56 1 72 1
11 0 15 1
68 2 92 1
49 0 19 2
41 0 32 2
84 0 47 2
44 0 98 1
99 0 96 2
46 1 15 2
63 0 64 2
14 1 45 1
82 1 4 2
78 1 1 1
78 1 31 2
18 1 2 2
31 0 68 2
89 2 42 2
66 0 38 2
5 0 40 2
34 0 22 2
76 0 5 2
88 0 71 1
71 0 58 2
15 0 39 2
81 0 39 2
24 2 7 2
83 0 96 2
21 0 29 2
67 0 16 1
93 1 34 2
41 0 20 1
17 0 23 0
3 0 42 0
82 0 47 2
42 2 25 2
21 1 47 2
96 0 27 2
32 2 39 2
42 0 40 0
54 1 28 2
1 0 5 1
6 0 8 1
88 0 18 1
75 2 71 1
100 0 74 2
40 0 97 2
66 0 60 1
26 0 78 1
91 0 65 0
17 0 9 0
71 0 83 2
36 0 38 1
13 0 33 2
12 1 57 1
9 2 4 2
22 0 33 2
50 1 57 2
20 0 35 2
37 0 85 1
56 0 6 2
13 2 45 2
77 2 43 2
37 0 3 1
80 0 45 1
36 0 31 1
22 2 63 1
63 0 3 1
95 0 89 2
2 1 9 2
96 0 3 2
61 0 81 2
75 0 18 1
56 2 63 1
36 0 94 1
8 2 4 1
78 2 9 1
52 0 25 2
53 0 12 1
98 2 40 2
29 0 96 2
33 1 96 2
67 0 60 1
18 1 41 0
4 1 62 2
85 0 35 2
44 0 53 2
76 0 57 1
42 0 78 1
78 0 56 1
14 0 80 1
39 2 56 2
14 0 91 1
62 0 26 2
25 0 64 1
26 0 35 2
2 2 41 2
97 0 78 2
2 0 45 2
41 0 16 2
37 0 42 0
77 0 69 2
2 0 97 2
58 2 10 2
73 2 62 1
7 0 25 1
56 0 7 1
36 0 18 2
1 0 62 2
93 2 53 2
35 2 42 1
97 0 86 1
75 0 17 0
92 2 1 1
20 0 87 2
3 0 94 2
6 1 70 1
72 1 97 2
100 0 71 1
42 0 67 0
81 1 80 2
79 0 92 2
53 0 12 1
87 0 22 2
86 0 55 2
58 2 53 2
76 0 89 0
58 2 86 1
52 1 30 2
12 2 80 1
73 0 59 2
51 0 58 1
14 0 82 2
37 0 93 2
45 2 83 2
28 0 69 1
26 1 21 1
41 0 75 1
62 0 71 1
48 0 53 1
99 2 97 1
36 0 59 1
19 1 34 1
96 2 94 2
41 0 25 1
70 2 50 1
43 2 59 2
82 0 73 1
88 0 36 1
64 1 30 1
62 1 69 2
22 0 6 2
93 0 27 2
35 0 45 1
7 0 68 2
3 2 30 1
97 0 43 1
75 0 79 0
4 0 74 1
18 2 10 2
37 1 20 2
85 2 43 2
1 0 32 1
27 1 73 1
63 0 19 1
48 0 39 1
53 0 42 1
51 2 50 2
71 1 9 1
61 0 44 2
45 0 65 1
48 0 98 1
45 0 68 1
51 0 18 1
70 0 98 1
62 0 38 1
52 0 27 1
11 0 81 2
85 2 11 1
38 0 49 2
68 1 28 0
40 0 35 1
31 0 3 2
11 0 67 0
86 0 81 2
91 0 13 2
56 0 75 2
25 0 7 1
52 1 97 1
4 0 19 2
13 0 25 1
100 0 27 1
49 2 89 1
58 0 15 1
97 0 17 2
31 0 98 1
85 0 18 2
89 1 91 2
82 0 60 1
74 0 86 0
87 0 60 2
65 2 48 1
17 0 88 2
7 1 20 1
81 2 98 2
28 0 61 1
79 0 95 2
14 0 35 2
92 1 69 1
98 0 33 1
57 0 24 1
11 0 68 1
12 1 46 1
18 0 86 2
87 0 64 2
79 0 92 1
71 1 23 2
79 0 75 2
61 0 52 1
61 0 68 2
67 1 36 2
47 0 61 2
79 1 71 2
45 0 70 2
35 0 72 2
94 2 10 1
32 0 91 1
43 2 82 2
66 0 3 1
83 1 97 2
12 0 20 2
74 2 76 1
43 1 7 2
55 0 16 0
60 0 56 0
95 0 42 1
18 1 75 1
89 2 34 1
72 0 29 1
80 0 12 1
77 0 27 1
6 1 86 2
80 2 52 2
64 0 16 2
54 0 25 1
58 0 79 2
18 2 94 1
99 0 83 2
78 2 30 2
47 0 9 1
39 0 81 1
81 2 30 2
7 0 51 1
15 0 4 2
16 0 64 1
60 0 92 1
24 0 44 2
24 0 68 2
88 2 44 2
80 0 74 1
16 1 100 1
33 1 7 2
87 0 58 2
8 2 4 2
60 1 68 2
68 2 65 2
49 1 17 2
1 0 65 2
71 0 78 1
36 0 84 1
51 1 72 2
76 0 39 1
67 0 58 2
84 0 47 1
62 0 91 1
38 2 48 1
82 2 59 2
32 1 76 1
6 0 81 2
32 2 59 1
6 0 55 1
79 0 82 1
22 0 85 1
10 0 40 1
53 0 58 1
2 1 28 1
13 0 71 0
64 2 16 2
13 0 73 2
20 0 8 2
27 1 57 1
20 1 28 1
72 0 18 2
89 0 29 2
1 0 59 2
76 2 47 2
48 0 89 2
30 0 49 1
24 2 87 2
36 1 53 2
35 0 9 1
67 1 57 2
98 0 34 2
62 0 43 1
87 1 10 1
52 2 44 1
90 0 76 1
38 0 53 0
12 1 7 2
24 0 16 1
32 0 77 1
59 0 66 2
38 0 57 2
54 0 77 1
67 2 44 2
76 0 56 1
1 0 71 2
13 2 9 1
33 0 5 1
64 1 65 1
9 0 59 1
94 1 92 1
60 2 52 1
10 2 15 2
63 0 35 1
90 0 20 2
19 2 72 2
37 0 27 2
85 1 48 2
74 0 40 2
92 2 76 1
38 2 16 2
76 0 68 1
96 1 82 1
20 1 63 2
39 1 90 2
55 2 58 1
58 1 79 2
85 0 10 0
11 0 16 1
30 0 24 2
66 0 57 0
69 0 35 2
19 0 16 2
20 0 53 2
6 0 81 1
79 2 63 2
67 0 66 2
40 0 100 2
36 0 25 1
17 2 7 2
76 0 83 1
2 1 34 2
48 0 42 1
40 0 3 2
77 2 52 2
16 0 78 0
85 2 63 1
2 0 50 1
58 2 42 2
60 2 30 2
89 0 48 2
54 0 84 2
26 0 37 0
6 0 75 1
24 1 25 2
48 0 96 2
20 0 49 1
92 1 97 1
65 2 67 1
81 1 26 2
36 0 27 2
28 0 94 1
45 2 15 2
46 2 62 2
27 0 95 1
58 1 51 1
9 2 30 1
42 0 84 2
39 2 21 2
30 0 17 2
6 0 39 1
72 0 76 1
56 2 79 2
57 0 38 1
52 0 50 2
34 0 99 2
12 1 11 1
8 0 97 1
41 0 48 0
19 1 46 2
35 1 15 2
12 0 32 1
40 0 70 2
39 0 9 2
29 0 13 1
26 2 98 1
16 0 18 1
46 2 86 1
53 1 63 2
100 0 30 1
9 0 2 2
26 2 38 1
10 0 56 2
90 0 19 2
83 0 9 1
52 0 39 1
41 0 5 2
68 0 26 2
29 1 78 2
35 2 36 1
9 0 52 1
20 0 21 2
13 1 58 1
42 1 15 2
23 0 63 1
4 0 52 1
85 2 77 2
98 0 52 0
41 0 89 2
55 0 26 2
23 1 66 2
82 2 7 2
29 0 10 0
86 0 38 2
82 0 20 1
72 2 54 1
89 0 7 1
2 0 1 2
11 0 85 1
65 0 58 2
1 2 30 2
32 2 100 1
46 0 1 0
8 0 47 2
79 0 60 1
68 1 13 2
62 0 68 1
14 0 49 1
96 0 98 0
74 0 27 2
34 1 67 2
52 1 53 1
2 0 20 1
77 2 8 1
98 0 2 1
49 0 81 1
32 1 64 2
65 1 67 1
4 2 69 2
4 0 32 2
11 0 18 1
42 0 66 2
63 0 64 2
8 0 95 1
81 0 43 0
94 2 34 2
50 2 57 2
56 0 96 1
54 0 58 1
12 0 93 1
65 1 14 1
67 0 30 1
62 0 80 2
9 0 88 1
7 0 30 0
30 0 44 1
79 0 67 0
95 2 91 1
80 1 24 2
22 2 36 2
84 0 8 1
69 0 61 1
93 0 46 1
99 2 53 1
38 0 75 1
87 0 30 0
84 1 6 1
98 1 91 2
50 0 8 2
94 0 18 1
49 0 11 1
87 0 34 2
4 0 89 2
51 0 73 1
40 0 81 1
73 0 77 2
76 0 58 2
48 0 98 1
32 0 52 2
72 2 30 2
33 1 34 2
3 0 67 0
40 0 17 2
66 1 99 2
69 0 11 2
81 0 40 1
41 0 9 2
58 1 44 2
21 1 80 2
59 0 99 1
27 1 24 1
72 0 73 1
80 1 63 2
88 2 57 2
73 1 78 2
19 1 85 2
13 0 7 2
60 0 12 1
2 0 58 1
37 0 21 0
1 0 6 1
75 0 26 2
22 0 81 2
42 0 82 2
44 0 97 1
6 1 10 2
93 2 11 2
97 0 36 2
72 0 43 2
24 0 88 1
47 0 22 1
26 0 68 1
54 0 67 2
75 2 10 1
60 0 58 0
10 0 38 1
42 0 16 1
11 0 24 1
1 0 89 1
77 0 45 1
71 0 82 2
77 2 79 1
6 2 89 1
93 2 82 2
3 0 32 1
49 2 47 2
67 1 14 2
84 0 57 1
32 1 1 1
77 1 36 2
51 0 66 2
29 0 53 2
99 0 26 1
93 0 45 0
71 0 77 1
5 2 45 1
57 0 14 2
80 0 36 1
17 0 63 0
100 0 46 1
45 0 7 2
34 0 96 2
58 0 95 1
35 0 49 2
99 1 53 1
19 1 48 1
89 0 64 1
93 2 98 1
92 0 81 1
87 1 44 1
9 0 63 1
88 0 28 2
37 0 68 2
34 0 80 1
69 0 56 1
58 2 23 1
32 1 22 2
2 0 3 2
43 0 94 2
88 0 6 1
94 0 54 0
56 2 72 2
99 0 94 1
84 1 53 1
80 0 84 2
41 1 10 2
61 0 12 2
97 1 69 2
66 0 55 2
43 1 47 2
64 0 57 0
28 0 81 1
37 2 14 1
60 0 96 1
12 0 76 2
77 2 67 2
39 1 73 1
90 0 77 2
51 0 22 1
60 1 33 1
56 1 97 2
16 0 23 2
72 0 82 1
27 1 9 2
1 1 88 1
13 1 71 1
20 2 14 2
18 0 5 0
31 2 63 2
88 0 79 1
87 1 83 2
10 1 52 2
20 0 12 2
83 0 50 1
1 0 84 1
9 0 45 1
29 0 6 1
37 2 69 2
70 1 51 1
2 2 44 2
88 0 46 1
48 1 44 2
45 0 11 2
83 0 77 1
53 0 31 2
12 0 50 2
43 1 48 2
23 0 81 1
99 0 8 2
36 0 5 1
16 0 56 1
34 0 96 1
3 2 34 1
27 0 5 1
51 1 43 1
66 1 97 2
78 0 64 2
91 2 28 2
74 1 17 1
20 0 18 1
78 0 61 2
34 1 62 2
51 0 55 2
52 1 54 2
5 2 2 1
34 0 11 1
3 0 48 0
72 0 23 1
41 0 90 2
52 0 93 1
21 0 49 1
58 1 22 1
87 1 34 1
90 0 61 2
20 1 41 1
49 0 38 2
32 1 35 2
80 1 20 2
29 0 8 2
87 0 60 1
100 0 50 0
94 0 38 2
53 0 69 2
78 0 68 2
70 2 97 2
48 1 9 2
77 0 76 2
84 1 15 1
31 1 91 1
18 1 88 1
100 0 20 1
81 0 30 2
100 0 94 1
57 0 86 2
51 0 93 2
82 0 44 2
5 1 19 2
26 1 51 2
87 1 67 1
40 0 47 0
80 1 54 1
9 1 83 1
7 2 97 1
45 0 22 2
88 0 89 2
68 0 7 2
76 0 50 0
7 1 86 1
26 0 79 2
31 0 76 0
83 0 87 1
48 1 69 2
58 0 1 0
1 0 71 1
58 0 17 2
5 1 82 1
26 0 77 0
39 2 34 1
39 1 96 1
20 0 39 2
80 0 76 1
11 0 94 2
80 0 4 0
22 2 30 2
77 0 27 2
4 0 95 1
30 0 10 2
20 0 23 1
94 0 79 0
1 2 41 1
16 2 87 2
70 2 90 1
21 1 24 2
55 0 89 1
39 2 51 1
12 0 43 1
11 0 75 2
44 0 95 2
75 1 85 1
7 1 30 1
25 0 64 1
96 2 26 2
80 0 51 2
8 0 77 2
67 0 6 2
41 0 82 1
13 2 53 1
41 0 68 1
18 1 78 2
3 1 72 1
42 0 41 1
4 0 77 2
62 0 9 2
70 0 13 2
43 0 47 1
6 1 84 1
75 0 22 1
92 0 11 0
50 0 33 2
99 0 30 0
84 0 45 2
31 0 4 0
17 0 15 1
91 0 88 2
11 0 35 2
62 0 16 2
16 2 90 2
32 0 51 0
55 1 30 1
90 0 35 2
19 1 20 1
97 0 74 1
67 0 18 1
52 0 55 1
34 0 43 1
71 1 51 2
66 0 12 1
26 1 39 1
13 1 44 2
23 0 61 1
70 0 28 2
11 0 60 2
64 0 4 0
9 1 4 1
63 1 11 2
8 0 64 1
16 0 53 0
58 2 67 1
49 0 5 2
17 0 98 2
1 0 94 1
3 0 65 0
97 1 14 2
46 2 69 1
28 0 45 2
86 1 52 2
38 0 68 2
29 0 65 2
68 1 27 1
17 1 52 2
77 2 45 1
99 2 2 1
46 2 44 2
88 0 78 1
96 1 98 2
51 0 32 2
58 2 13 2
3 1 89 2
30 0 50 2
9 0 56 1
89 1 90 1
1 0 33 2
98 1 90 2
72 0 76 1
78 1 72 1
97 0 25 2
71 2 99 1
89 0 75 1
69 0 83 0
72 2 9 2
69 0 85 2
57 0 33 2
94 1 100 1
35 1 58 2
89 2 52 1
62 0 64 2
31 0 50 2
33 0 7 2
77 2 54 2
3 0 71 2
37 0 26 2
68 2 51 1
64 0 90 1
5 1 49 1
95 1 9 1
86 1 80 2
24 0 13 2
57 1 53 2
80 0 83 1
2 0 73 1
20 0 50 2
97 0 47 1
40 0 94 2
9 0 60 1
17 0 82 2
68 2 76 1
88 0 80 1
4 0 64 2
9 0 91 2
20 0 47 2
58 0 54 2
59 1 76 1
76 0 6 2
6 0 80 1
76 0 77 1
3 0 9 2
57 0 95 2
71 0 4 1
39 0 96 0
5 1 60 1
57 0 20 2
51 1 54 2
86 0 8 2
48 0 46 1
42 0 88 0
28 0 82 1
32 1 98 2
30 0 99 2
88 2 83 1
96 1 67 2
49 0 37 2
77 0 3 0
74 1 89 2
69 0 65 2
29 0 24 1
8 0 47 2
43 0 60 1
30 0 52 1
100 0 49 2
97 0 92 2
21 1 8 2
30 0 82 2
87 1 47 2
55 0 84 2
17 0 42 1
83 0 95 1
99 2 57 2
96 1 97 1
94 2 45 1
43 0 93 1
57 1 10 2
75 1 100 2
82 0 14 2
79 0 32 1
97 0 86 1
18 0 60 0
86 0 81 1
69 0 20 2
78 0 31 1
29 1 82 2
84 1 73 2
36 1 15 2
98 0 44 1
84 1 52 2
96 2 83 1
70 0 14 2
21 0 24 1
71 0 17 1
84 1 100 1
76 1 6 2
94 0 28 0
69 0 40 2
45 0 64 2
46 2 77 2
87 1 72 1
96 0 54 0
60 1 86 2
9 1 45 2
91 0 81 2
19 1 3 2
34 0 9 0
100 0 61 2
92 0 46 2
55 0 5 2
63 0 8 1
62 0 86 1
28 0 82 2
18 2 1 2
45 0 78 1
34 0 85 2
22 0 56 2
35 1 37 2
44 0 20 1
77 0 75 2
92 1 66 1
61 0 39 1
40 0 86 1
9 0 83 0
20 0 73 1
57 0 27 2
55 0 80 0
88 0 92 2
25 0 17 2
80 0 12 2
97 0 18 2
79 0 49 1
24 0 51 1
61 1 30 2
17 2 59 2
97 0 47 0
74 1 11 1
33 2 20 1
19 0 100 2
100 0 74 1
81 0 77 0
93 2 59 1
18 2 89 2
22 1 11 2
6 0 14 2
19 0 29 1
85 0 86 0
47 0 68 1
5 0 20 1
11 0 88 0
72 0 90 1
54 0 16 1
37 1 35 2
58 2 86 1
37 0 24 0
90 1 28 2
40 0 87 1
23 2 28 2
52 2 36 2
88 0 13 1
4 0 12 2
54 0 74 2
4 0 64 2
11 1 20 1
84 0 29 1
44 0 65 2
13 1 1 1
46 2 6 1
78 0 65 0
78 1 8 1
44 0 57 2
88 0 32 2
15 0 84 1
41 0 17 1
39 1 60 2
63 0 20 1
82 0 37 0
85 0 64 2
29 0 48 1
2 0 97 1
48 0 100 2
85 0 54 2
76 0 84 1
71 0 82 2
60 1 54 1
42 0 93 1
51 0 13 2
18 1 54 2
15 0 88 2
49 1 85 2
68 0 81 2
51 1 45 1
26 2 98 2
28 0 63 1
42 0 82 1
35 0 4 1
75 1 56 1
4 0 39 1
43 0 4 0
3 1 45 2
16 0 36 1
38 1 31 2
77 0 11 1
19 0 62 0
69 2 30 2
88 0 41 0
85 0 32 1
72 0 70 2
80 0 39 2
44 0 100 1
71 0 74 2
44 0 91 1
27 2 58 2
9 0 51 2
1 0 51 1
75 1 69 2
86 0 13 2
40 0 58 2
12 2 58 1
35 0 11 1
76 0 25 1
94 0 92 2
23 0 3 1
43 0 97 2
30 0 99 1
65 0 7 1
83 0 82 2
66 0 24 1
34 0 11 2
58 1 91 1
25 0 40 0
69 2 28 1
16 1 61 1
27 1 92 1
46 2 17 2
44 0 68 1
54 1 36 2
9 0 93 2
31 0 89 1
31 1 82 1
58 0 98 0
51 1 98 2
32 0 95 2
44 0 6 2
42 0 70 1
32 0 64 1
90 0 33 1
29 0 42 0
74 1 94 1
41 0 42 2
94 1 73 1
43 1 25 1
16 0 40 2
3 1 4 1
56 1 15 2
62 0 70 2
93 0 63 1
19 1 44 2
6 1 84 1
7 2 53 2
15 0 99 2
38 0 54 2
25 0 70 1
1 0 22 2
23 0 26 1
79 0 96 2
36 0 89 2
46 2 55 1
4 0 98 2
4 0 13 2
96 0 72 0
20 0 24 1
55 2 25 1
42 0 50 2
40 0 76 2
21 0 75 1
35 2 87 1
52 0 60 1
49 1 88 1
96 1 85 2
70 0 83 0
62 0 60 1
44 0 78 1
89 0 18 1
93 1 36 2
54 0 99 1
6 1 88 2
71 0 6 1
8 0 24 0
58 2 62 1
28 0 63 1
9 0 99 1
50 0 36 0
26 0 9 1
12 0 24 1
68 0 31 0
69 2 62 2
14 1 4 2
35 2 42 1
72 1 47 2
68 0 40 1
84 1 97 2
95 1 85 1
15 0 72 2
54 0 26 1
71 1 31 2
53 2 97 2
4 0 82 1
22 0 3 2
86 0 27 1
76 2 45 1
84 1 31 2
27 0 12 0
87 0 22 2
1 0 56 1
60 0 57 2
69 0 49 1
23 0 75 2
47 1 57 2
50 0 83 2
6 1 54 1
47 0 84 1
33 0 67 1
55 2 13 2
30 0 25 2
38 2 34 1
1 0 42 1
31 0 65 2
18 0 3 0
18 0 50 2
44 0 81 2
73 0 11 0
52 0 84 2
76 1 84 2
51 0 71 1
7 0 18 1
22 2 40 2
38 1 91 2
33 0 39 2
78 0 74 1
46 2 9 1
20 0 98 2
79 1 51 2
52 1 62 2
60 2 16 2
3 2 56 1
98 2 80 1
92 2 35 2
62 0 88 1
40 0 5 2
42 0 19 2
86 0 96 1
3 1 74 2
11 0 74 1
77 2 62 2
84 0 27 2
24 0 16 2
58 2 6 2
68 0 16 1
5 0 55 1
31 1 52 1
27 1 65 1
21 0 22 1
57 0 79 2
77 0 66 1
70 0 50 1
31 1 52 2
83 0 88 1
58 1 43 1
95 0 60 2
21 2 42 2
12 2 13 2
53 0 97 2
1 1 97 1
51 0 68 2
85 0 83 0
46 0 55 2
8 0 90 2
9 0 21 2
62 0 40 2
4 0 98 2
84 0 70 0
66 1 84 1
56 1 21 1
65 0 17 2
3 0 90 1
95 0 80 2
98 2 70 1
91 2 47 1
13 1 7 2
81 0 56 1
58 1 50 1
44 0 64 1
99 0 74 1
67 1 4 1
27 2 74 1
49 0 96 2
38 2 89 1
30 0 49 1
63 1 62 1
92 0 31 1
35 0 17 2
21 0 79 1
82 0 27 1
100 1 25 2
92 0 78 0
34 0 82 2
33 0 89 1
5 0 76 2
5 0 79 1
27 1 95 2
19 2 38 1
55 0 40 2
44 0 24 2
72 0 85 1
24 0 40 0
34 0 78 1
10 0 96 1
60 2 74 2
93 2 55 1
59 0 10 2
7 0 68 1
22 0 48 2
11 0 56 2
83 0 19 2
5 0 50 1
25 0 37 1
9 1 41 1
23 0 12 1
9 0 26 1
38 2 81 2
99 0 33 1
30 0 43 1
91 1 24 2
54 0 91 1
91 1 34 1
52 0 22 2
17 0 68 2
33 2 10 1
47 0 59 2
27 0 85 1
63 1 52 1
94 0 34 1
94 0 27 2
74 1 51 2
22 0 80 1
80 0 74 2
50 0 29 0
9 0 63 1
10 0 76 1
22 0 93 1
53 0 96 2
42 0 61 1
42 0 93 2
80 2 28 1
34 0 58 1
23 0 35 1
26 0 89 0
50 0 73 1
5 2 69 2
10 1 14 2
52 0 24 2
97 0 59 2
65 0 34 1
87 0 64 1
30 0 66 1
84 1 6 2
62 0 75 1
40 0 99 2
76 1 86 1
75 0 49 1
10 0 77 1
56 0 72 1
66 1 62 1
11 0 46 1
37 0 95 2
19 2 15 1
53 2 83 2
89 0 21 2
37 2 41 2
87 0 73 1
61 0 72 1
77 2 97 2
62 0 50 1
44 0 11 2
54 0 74 1
80 0 61 2
64 0 37 1
75 2 44 2
15 0 34 2
82 0 49 2
76 1 20 2
15 0 79 2
44 0 26 1
43 0 31 0
80 0 32 1
90 1 14 2
92 1 66 1
69 0 43 1
2 0 34 0
98 0 44 1
85 0 51 1
4 0 5 1
20 0 53 0
28 0 24 1
59 0 46 2
88 0 58 2
70 0 39 1
41 0 28 2
70 0 10 2
59 0 28 1
1 0 3 1
43 0 90 2
48 0 67 2
100 1 29 2
24 2 54 2
88 0 18 1
94 0 46 2
54 0 53 2
45 1 53 1
40 0 45 1
30 1 69 2
41 0 1 1
9 0 41 1
2 0 27 2
62 0 26 1
93 0 5 2
76 2 67 2
28 0 88 1
47 0 78 1
39 2 55 1
56 2 53 2
10 0 8 1
100 0 49 1
76 0 41 1
61 1 62 1
70 0 51 1
72 0 79 2
68 0 41 2
28 0 20 2
52 0 47 2
2 0 60 1
73 0 61 0
51 0 25 1
89 0 82 1
85 0 76 1
11 0 75 1
29 0 92 2
6 0 81 1
83 0 59 1
79 0 10 1
29 0 50 2
63 0 16 2
91 1 72 1
4 0 58 2
32 0 97 2
30 0 62 1
55 0 42 1
15 0 20 1
54 0 33 1
23 1 70 2
59 1 88 2
50 0 68 1
81 2 21 1
90 2 53 1
34 1 2 2
20 0 12 2
39 1 67 2
96 0 64 2
94 0 64 2
88 0 16 2
74 2 24 2
86 0 26 1
90 0 68 2
12 1 33 2
34 0 8 2
70 0 12 2
37 0 94 1
22 0 38 2
46 1 26 1
29 0 91 1
4 0 64 2
1 0 90 2
69 2 41 2
9 0 18 1
84 0 96 1
87 1 10 1
30 0 94 2
24 0 93 1
76 1 25 2
80 0 88 0
73 2 7 1
89 0 66 1
11 0 59 1
56 0 49 0
59 0 64 2
33 0 84 2
98 0 68 2
45 0 11 2
43 0 21 2
13 0 62 1
75 0 3 2
80 1 6 2
81 2 16 2
60 2 41 1
10 0 43 1
55 0 15 2
73 0 80 0
79 0 72 1
23 0 18 2
81 0 63 0
92 1 45 1
6 1 63 2
35 0 59 0
100 0 16 2
58 0 96 1
77 1 99 2
74 1 6 2
74 1 87 1
64 1 87 2
71 0 93 1
68 0 13 1
63 2 25 2
100 0 20 0
85 0 60 1
31 0 50 2
84 0 8 0
81 2 29 2
92 1 61 2
78 0 92 2
84 2 87 2
20 0 82 2
69 0 87 1
45 0 91 1
72 0 7 2
95 2 63 2
56 0 93 1
1 0 46 2
84 2 59 2
5 0 13 2
71 0 29 1
94 0 27 2
68 2 75 2
39 2 36 2
69 0 70 2
74 2 7 1
34 0 81 2
36 2 44 2
46 1 68 2
2 0 82 1
74 2 69 1
16 2 41 2
64 2 81 1
79 0 10 1
17 1 84 1
12 2 40 1
17 1 94 2
99 0 17 1
46 1 55 2
51 2 86 2
17 1 42 1
34 0 56 2
28 0 37 1
3 2 55 2
43 2 76 1
2 0 43 1
99 0 60 2
79 0 45 0
35 2 84 2
72 0 58 2
71 0 86 1
100 1 84 2
48 0 25 1
85 1 71 1
84 0 97 1
95 0 17 2
69 1 2 2
32 1 88 1
25 0 7 1
22 0 92 2
40 0 71 1
80 0 8 1
59 0 21 1
34 0 35 1
8 2 7 2
24 2 99 2
71 1 59 2
20 2 34 1
9 0 59 1
72 1 99 2
30 0 34 2
67 0 27 2
43 0 42 2
10 0 95 1
30 0 97 2
27 0 76 2
59 0 96 1
19 0 91 1
100 1 65 2
76 1 42 1
92 2 63 1
35 0 37 1
72 0 76 2
84 0 68 1
84 2 4 1
70 0 92 1
86 2 83 1
64 1 29 2
37 0 56 2
50 0 47 2
98 2 89 1
79 0 28 0
88 0 94 1
18 0 24 2
39 0 78 1
50 1 97 2
84 2 86 2
93 0 80 2
12 0 79 2
62 0 92 1
14 0 100 1
96 0 59 2
4 0 88 2
26 1 70 2
47 0 18 2
3 2 44 1
86 0 3 2
100 0 50 1
54 0 29 1
22 0 9 2
50 1 4 2
87 2 10 1
28 2 15 2
83 0 74 2
15 0 65 2
71 0 56 1
66 0 76 2
79 2 8 1
23 0 88 0
86 0 78 2
99 0 78 1
18 1 15 2
57 0 63 1
9 0 17 1
58 2 25 1
77 0 69 0
65 0 20 1
43 1 25 1
51 1 71 2
32 0 86 0
6 0 49 2
24 1 100 1
29 1 59 2
51 1 71 2
89 1 83 2
7 2 76 1
30 0 77 2
92 0 18 1
10 0 33 2
22 0 98 2
21 1 10 2
77 0 38 2
57 0 84 2
44 0 93 2
11 0 71 2
15 1 44 2
15 0 41 0
13 0 77 1
35 1 21 2
17 2 22 1
1 1 20 2
70 0 3 1
27 2 61 1
49 2 30 2
38 0 29 0
96 1 6 2
26 2 42 2
68 1 18 1
47 0 55 2
18 2 11 1
33 1 24 1
14 1 48 1
66 0 61 1
14 0 16 2
56 0 26 2
75 0 68 0
65 1 23 2
33 1 55 2
92 2 2 2
65 0 40 2
2 0 43 1
11 0 51 1
17 0 49 2
29 0 65 1
53 2 14 2
49 2 83 1
93 2 21 1
49 2 50 2
16 0 4 1
22 1 63 1
97 0 68 2
24 0 93 1
88 1 9 1
25 1 28 2
1 2 47 1
82 0 25 2
44 0 17 1
73 0 22 0
94 2 58 2
75 1 44 2
81 1 50 1
16 1 66 2
44 0 3 2
74 1 56 2
74 2 49 2
79 0 33 2
51 0 85 1
96 0 51 1
61 0 22 0
31 1 10 1
11 2 45 1
60 0 77 1
74 2 61 2
26 2 61 1
100 0 94 2
97 0 13 2
97 0 98 2
82 2 89 1
78 0 7 0
75 1 62 2
13 0 27 1
8 1 24 1
92 0 47 1
57 1 69 1
46 1 38 1
62 2 10 2
71 0 99 2
77 0 17 2
76 0 96 2
77 1 32 2
72 1 25 2
50 0 16 2
65 0 32 1
57 0 31 2
13 0 96 1
92 0 46 1
30 0 6 1
17 0 2 1
92 1 70 1
77 0 88 1
98 1 56 1
6 2 53 1
20 0 21 2
60 0 42 2
50 0 64 1
44 0 42 2
20 0 16 2
74 0 16 2
78 1 31 2
14 0 30 2
85 2 48 2
61 2 86 1
60 0 56 1
60 1 48 1
3 0 82 2
22 0 43 1
77 2 67 2
38 0 99 1
86 0 39 2
61 1 57 1
55 1 43 2
62 0 70 2
87 1 97 2
86 0 43 1
38 1 94 1
69 2 30 1
57 0 23 1
23 2 45 2
96 0 18 2
78 1 2 2
38 0 95 2
4 0 55 2
94 1 47 1
100 2 45 2
42 0 79 1
10 0 90 1
27 2 76 2
52 0 51 1
80 2 42 2
38 2 54 2
29 0 13 1
67 0 3 2
89 0 66 2
42 0 70 2
13 1 52 2
47 0 41 1
82 0 92 1
68 2 16 1
84 2 100 1
27 1 40 1
42 0 22 1
7 0 93 2
91 1 100 1
51 0 7 0
91 1 80 1
64 1 75 2
96 1 83 1
7 0 99 2
47 0 68 2
59 0 88 0
11 0 59 2
3 0 68 2
92 2 57 1
4 0 20 1
14 1 44 1
77 0 63 0
35 2 53 2
20 0 94 1
54 0 5 1
42 0 71 1
81 1 60 2
51 0 47 0
67 0 89 2
74 0 76 0
21 1 30 2
48 0 86 1
22 1 6 2
93 0 73 1
4 0 32 2
36 0 7 1
72 2 88 2
10 0 86 2
40 0 1 1
99 0 64 2
35 0 34 1
53 0 36 1
47 0 37 1
67 0 12 2
88 0 93 2
58 1 24 2
17 1 66 1
92 1 71 2
86 0 31 2
49 0 27 1
82 0 38 2
100 0 19 1
79 1 42 1
63 0 1 0
78 0 1 2
85 1 1 2
3 0 29 1
31 2 23 1
10 0 50 2
1 0 94 1
34 0 49 1
23 0 93 2
68 1 17 1
10 0 23 1
73 0 26 2
74 0 98 1
51 0 75 2
99 2 69 2
66 0 43 2
29 0 67 2
18 2 13 2
82 0 35 0
25 0 64 1
25 0 50 2
54 0 38 2
67 0 100 1
17 1 99 2
81 0 64 1
80 0 56 2
29 0 16 2
44 0 10 2
81 0 12 1
60 0 7 2
86 0 65 1
33 0 10 0
95 0 4 1
29 2 21 2
53 0 11 2
37 1 79 2
70 0 13 2
62 0 89 1
90 0 39 1
64 0 44 2
82 0 30 0
31 0 61 2
25 0 93 2
11 0 92 2
49 0 22 2
65 0 66 0
65 2 52 1
36 0 33 2
98 1 53 2
81 0 18 1
35 0 85 1
35 0 27 1
21 0 81 2
73 2 43 1
43 0 83 0
62 0 26 2
51 2 83 2
90 2 83 1
76 0 91 2
5 0 42 0
17 0 54 0
1 0 87 0
53 0 73 2
98 0 84 1
15 0 49 1
6 0 57 2
5 1 91 2
50 2 28 2
99 0 27 1
76 0 77 2
39 2 47 1
69 0 62 0
8 0 68 1
13 1 29 1
2 0 38 2
40 0 64 2
68 2 69 1
26 0 59 2
78 2 8 2
64 1 73 2
43 0 55 1
11 0 96 2
19 2 58 1
74 2 51 1
63 0 94 1
85 1 51 1
59 0 34 2
94 0 41 0
6 0 5 1
10 0 26 1
23 2 99 1
88 2 28 2
96 2 61 1
89 0 79 2
20 0 43 1
27 0 1 2
61 0 51 2
98 0 77 1
72 0 100 1
10 0 53 2
30 0 82 1
49 0 81 2
57 0 73 1
18 0 91 2
68 0 93 2
70 0 46 1
56 1 25 2
84 0 68 1
68 0 29 2
1 0 3 1
3 0 5 1
44 0 95 1
53 0 80 2
61 0 93 1
39 2 17 1
94 0 87 0
99 0 64 2
27 2 88 2
9 0 96 1
46 2 85 2
90 0 39 2
45 0 21 2
59 2 29 1
4 0 41 1
53 0 51 1
11 0 75 2
86 0 71 2
68 2 80 2
80 0 37 2
89 0 61 1
50 2 83 2
26 0 45 0
34 0 62 0
7 1 34 2
72 0 96 1
84 0 95 2
93 0 81 1
52 0 49 1
80 0 56 2
98 0 18 1
58 0 1 0
19 1 38 1
80 0 60 2
75 0 46 1
69 0 79 2
22 0 6 2
84 0 41 1
33 0 2 0
62 0 38 1
41 0 34 1
95 0 26 2
62 0 100 2
18 2 29 1
60 2 53 1
90 0 18 1
12 0 87 0
81 1 49 1
12 2 8 2
24 0 6 2
38 0 59 2
66 1 87 1
86 0 71 0
66 2 69 2
49 0 55 1
5 1 32 1
18 1 85 2
32 2 51 2
80 1 7 2
38 1 3 2
99 0 82 2
54 0 87 2
91 1 51 2
52 0 32 1
2 0 80 2
26 1 67 1
9 0 35 1
96 2 16 1
47 0 97 1
96 1 93 1
55 1 90 1
86 0 29 1
60 1 29 1
60 1 85 1
16 1 45 1
34 0 21 1
14 0 99 1
40 0 81 1
66 1 90 2
80 0 55 2
98 1 91 2
19 1 40 1
59 0 79 1
92 0 81 2
24 0 26 1
9 0 29 1
26 2 85 1
13 1 81 2
75 2 80 2
66 0 12 1
97 1 25 2
58 0 100 1
72 0 92 2
85 0 27 1
61 2 30 2
37 0 46 1
41 0 21 1
40 0 52 2
51 0 94 1
85 0 87 0
44 0 11 2
3 1 28 1
87 1 53 1
48 0 16 1
70 0 60 2
31 0 91 2
75 2 83 1
75 2 30 2
86 1 88 1
89 0 81 2
63 0 22 2
57 1 54 1
52 0 18 2
45 0 60 1
31 2 36 2
62 0 27 1
19 0 6 1
5 1 4 1
46 0 97 2
67 0 75 1
1 1 63 2
53 0 99 1
41 0 38 1
35 1 88 2
83 0 58 2
52 0 13 2
93 0 64 1
73 1 65 1
80 0 19 1
85 0 49 1
98 2 53 1
90 2 14 1
37 0 49 2
77 0 40 2
65 0 95 2
91 1 51 2
75 0 20 1
3 1 24 1
95 1 66 2
15 0 4 1
31 0 5 1
88 0 21 1
37 0 81 2
43 0 4 2
7 0 27 2
75 0 21 1
71 0 46 1
40 0 8 2
85 0 15 0
42 0 90 2
17 0 57 2
7 0 44 2
93 0 53 0
66 0 2 2
45 0 75 2
20 0 31 2
43 1 72 1
90 0 19 1
85 1 36 2
34 0 85 1
19 2 73 1
64 0 31 1
14 0 66 2
83 0 2 0
16 2 88 2
17 0 19 2
77 0 6 2
99 1 30 1
20 0 19 2
96 2 62 2
63 0 33 1
13 2 40 1
49 0 48 2
22 0 77 2
35 0 31 2
30 0 5 1
25 0 85 2
39 2 87 2
7 0 16 2
84 0 55 1
23 0 32 1
7 2 50 1
79 0 48 2
76 1 71 2
91 0 62 1
67 0 55 2
62 0 44 1
21 1 82 2
52 0 77 1
7 0 1 2
12 0 24 0
13 2 9 2
91 0 98 1
56 0 92 2
18 1 13 1
76 2 41 1
4 2 28 2
61 2 43 1
70 0 84 2
28 0 97 2
45 0 59 1
52 0 49 1
99 0 8 1
9 0 58 2
70 0 94 1
75 1 24 1
32 0 86 2
90 0 71 2
3 0 89 1
91 0 88 1
29 1 28 1
68 2 57 1
54 0 86 1
68 0 98 0
33 2 71 1
92 0 38 1
30 0 60 1
60 2 25 2
78 1 30 2
87 0 28 0
72 0 93 1
86 0 75 1
78 2 76 1
52 0 85 1
66 0 36 1
77 2 24 2
27 0 72 1
95 1 61 2
4 0 55 1
65 1 2 2
11 0 68 2
81 2 44 1
13 1 94 2
98 0 5 1
52 0 87 0
81 0 17 0
5 1 45 2
42 1 80 2
73 0 11 2
48 0 84 1
70 2 100 2
16 0 68 1
9 0 5 1
96 0 75 2
10 1 72 2
53 0 21 1
26 0 38 2
90 1 48 2
68 0 53 2
15 1 47 2
62 0 31 2
97 0 72 2
49 0 59 2
11 0 86 1
44 2 30 1
41 0 79 1
18 0 97 1
4 0 17 1
83 0 4 2
99 0 95 1
42 0 41 0
52 0 10 0
18 1 48 1
14 0 38 2
34 0 60 2
96 1 47 2
26 1 54 2
99 0 32 2
39 2 32 2
25 0 64 1
32 2 44 2
17 0 92 1
14 0 21 2
89 1 22 2
12 0 59 2
45 0 78 2
3 0 16 2
37 1 59 1
46 1 91 2
67 0 76 2
29 0 17 1
64 2 3 2
4 0 16 2
20 0 47 2
95 0 42 1
23 0 75 1
28 0 15 0
66 0 52 1
61 0 93 1
48 0 58 1
14 1 87 1
61 0 80 2
67 0 64 2
93 0 34 2
94 1 71 2
84 0 38 1
21 0 31 2
63 0 14 2
86 2 88 2
74 0 1 0
20 0 65 1
67 0 84 1
86 2 28 2
79 1 41 2
28 0 37 1
41 0 24 2
43 1 69 1
24 0 55 1
45 0 23 2
2 0 35 2
33 2 29 1
75 1 52 1
84 0 47 1
62 0 80 1
27 0 30 2
90 0 32 2
84 0 40 0
23 0 81 1
56 1 72 1
92 1 97 1
17 1 92 2
66 0 68 1
63 0 7 2
50 0 5 1
77 0 43 0
62 0 31 2
50 0 52 2
96 1 95 2
8 0 13 1
10 0 24 2
71 0 2 0
9 0 4 1
48 0 61 1
10 1 28 2
88 0 96 2
65 1 56 2
79 2 25 1
33 2 90 2
80 0 22 1
87 0 6 2
51 0 55 1
50 1 35 2
78 1 58 2
63 0 55 1
67 2 36 2
61 0 94 1
52 0 41 1
4 0 6 2
45 0 54 1
83 0 76 1
46 1 26 1
57 0 78 2
54 0 1 2
85 2 33 2
41 0 76 1
45 0 3 1
12 1 74 1
67 2 41 2
60 2 62 1
99 0 48 0
25 0 82 2
76 2 41 2
42 0 60 2
28 0 11 2
63 2 53 1
17 0 7 0
7 1 70 2
95 0 22 2
85 2 53 1
6 0 12 1
85 0 79 2
20 1 45 1
59 0 75 1
68 0 17 2
51 0 11 0
31 0 96 1
92 0 71 2
70 0 87 2
46 2 85 2
53 0 87 2
54 0 23 2
61 0 44 1
81 0 28 1
35 2 67 1
89 0 10 1
5 1 25 1
27 2 41 2
74 0 90 2
67 0 17 2
64 0 94 1
48 0 13 2
60 1 95 2
27 0 52 1
34 0 56 2
75 0 24 0
74 0 42 2
57 0 20 2
3 0 18 1
83 0 59 2
92 1 50 2
71 0 86 0
43 0 1 0
26 1 81 2
63 0 74 2
38 0 33 0
81 0 17 2
87 0 29 1
46 1 35 2
78 0 80 1
77 0 24 1
65 2 44 2
43 0 63 0
76 1 89 2
28 0 1 1
42 0 85 2
81 0 93 1
2 0 79 2
40 0 42 1
57 0 90 1
32 2 77 1
97 0 55 1
96 0 95 2
50 0 56 2
75 0 74 2
28 0 85 1
19 1 16 2
47 0 91 1
78 2 69 1
41 0 19 2
53 1 34 2
31 0 79 1
40 0 20 1
66 0 5 1
38 0 45 0
23 0 36 2
78 1 76 1
42 0 93 1
91 1 14 2
98 0 65 2
89 1 11 1
61 1 40 2
17 0 66 2
69 0 44 2
60 1 3 2
66 0 92 1
42 0 66 2
29 0 49 2
34 0 69 1
95 0 14 2
39 1 48 1
32 0 80 1
27 0 49 2
48 0 76 2
53 0 19 1
86 1 66 2
14 0 88 1
76 0 47 2
31 0 26 2
66 0 71 1
44 0 23 1
27 1 84 2
62 0 59 2
45 0 23 2
74 1 27 2
12 0 78 2
79 2 37 2
18 0 44 0
6 0 28 2
63 1 50 2
34 0 31 2
48 0 71 2
96 0 74 2
28 0 16 2
41 0 80 1
7 1 1 1
65 1 69 1
43 0 18 2
34 0 31 2
34 0 21 1
98 1 51 1
88 0 58 1
100 0 79 2
22 1 78 1
92 0 98 1
9 0 42 2
34 0 64 1
35 0 57 2
55 0 31 2
43 0 14 2
99 0 61 1
53 0 52 2
88 0 85 2
52 0 46 1
68 0 29 1
2 0 86 2
13 2 14 1
64 2 31 2
90 0 5 2
14 1 83 2
94 2 16 2
13 1 50 2
67 0 13 2
39 1 76 1
20 0 92 2
46 2 38 1
49 0 77 1
39 1 97 1
56 0 19 2
59 0 93 2
88 1 36 2
25 1 2 2
39 1 7 1
70 0 17 2
76 0 8 1
31 2 7 2
78 2 52 1
77 0 74 1
16 1 39 2
80 0 92 1
80 0 21 1
45 0 18 1
99 0 31 2
27 1 18 2
16 2 54 1
33 0 95 1
6 0 12 2
49 2 15 2
6 1 29 2
56 0 43 1
33 2 8 2
79 0 63 0
88 0 30 1
52 0 84 1
29 2 2 2
29 1 65 2
73 0 72 2
50 0 58 1
78 1 54 1
7 0 4 0
78 0 17 2
28 0 38 1
8 0 61 2
80 0 98 1
1 0 65 2
16 0 25 0
65 0 78 0
22 0 82 0
92 2 54 1
60 1 51 2
32 2 11 1
29 1 45 2
46 1 83 2
96 0 26 0
34 1 28 2
35 1 52 1
58 0 25 2
48 0 33 2
53 0 17 2
17 2 25 1
76 0 80 1
10 1 14 2
34 1 72 2
91 0 15 2
53 0 1 1
50 1 37 2
16 0 32 1
24 1 58 2
83 0 86 2
78 0 55 2
76 0 83 0
50 1 34 1
55 0 68 1
8 0 19 2
20 0 17 2
73 0 19 2
72 0 68 2
93 2 84 1
61 0 96 1
78 1 15 1
65 2 15 1
99 0 7 1
50 0 74 1
51 2 57 1
89 0 70 2
40 0 95 1
77 0 7 0
41 0 12 1
1 1 40 2
76 1 30 2
67 0 60 2
71 0 62 2
81 1 70 2
3 0 40 1
15 0 29 1
2 0 14 1
76 1 8 2
10 2 47 2
1 0 85 2
31 1 52 1
44 0 85 1
85 2 50 1
84 1 89 2
32 1 83 1
37 0 22 0
60 0 51 0
77 2 35 2
54 0 37 1
5 0 38 0
89 2 20 2
15 0 24 1
70 0 19 1
36 0 89 2
78 0 16 2
72 0 68 1
19 1 69 1
57 1 67 2
43 0 18 1
79 2 7 2
79 0 99 1
76 0 90 1
26 1 22 1
79 1 57 2
7 2 11 2
41 0 28 0
67 1 72 2
96 0 15 0
47 0 8 1
18 1 42 1
70 2 86 2
64 2 42 1
68 0 16 2
79 0 66 0
66 0 29 0
25 0 78 1
25 0 64 2
97 0 85 2
26 1 34 2
45 1 30 2
45 0 34 2
23 2 15 2
15 0 53 2
16 1 17 2
13 1 99 1
23 0 62 2
57 0 21 1
25 0 35 2
74 1 94 1
76 1 54 2
13 0 77 2
55 0 69 1
47 0 92 1
48 0 42 1
13 0 60 1
94 0 81 2
52 0 33 2
31 0 96 2
24 2 71 2
48 0 79 1
8 0 92 1
8 0 94 1
63 1 50 2
38 0 92 1
16 2 48 2
51 0 33 2
32 0 22 1
9 1 88 2
14 0 79 1
86 0 85 2
47 0 10 2
57 0 81 1
81 0 23 1
83 0 30 1
32 0 30 2
39 2 45 2
65 1 35 1
62 0 95 1
88 0 100 2
74 2 53 1
14 0 74 1
23 0 38 2
7 0 13 1
13 0 85 2
83 0 39 2
27 2 78 1
11 0 80 1
15 0 5 2
14 0 7 2
32 1 94 2
39 0 26 2
71 1 69 2
14 1 62 2
39 2 85 2
62 0 26 2
40 0 21 1
55 1 65 2
93 1 98 2
34 1 62 1
36 0 57 1
11 0 92 2
44 0 60 1
1 0 89 2
29 0 68 1
45 0 79 2
22 0 24 1
53 2 48 2
26 0 37 2
9 0 90 1
57 0 50 1
6 2 45 1
1 0 48 1
41 1 48 1
45 0 55 2
35 0 98 1
35 0 4 1
94 2 73 2
77 2 80 2
24 0 18 2
100 2 1 2
27 1 40 1
96 0 31 1
95 2 6 1
89 0 9 1
78 0 72 2
28 0 99 2
92 0 21 0
100 0 13 2
37 0 98 1
58 0 64 2
15 0 43 1
88 0 64 1
6 1 67 2
39 0 27 1
65 0 28 2
23 0 8 1
65 0 39 2
74 2 67 2
39 2 49 1
97 0 21 2
11 0 12 2
71 0 13 1
31 0 46 1
92 1 15 1
40 0 43 1
31 0 84 1
51 0 57 0
18 0 28 1
2 1 1 2
16 1 36 2
38 2 35 2
16 1 30 2
13 0 26 1
70 1 97 1
71 0 41 2
38 0 29 1
52 0 97 1
90 0 98 1
24 2 4 1
99 2 52 2
61 1 53 1
96 2 50 1
55 2 47 2
48 0 97 2
53 0 73 1
78 0 46 2
85 0 50 2
64 0 23 2
62 0 82 2
65 0 5 1
16 0 43 1
50 0 79 2
14 1 41 1
69 0 19 1
34 0 29 1
8 0 56 1
76 0 58 2
74 1 55 1
29 2 41 1
45 0 75 1
49 0 78 2
85 0 62 1
67 1 41 2
63 0 66 2
26 0 79 0
94 2 16 2
76 0 3 1
69 2 15 2
87 0 13 2
90 1 14 2
83 0 49 2
52 0 81 2
79 0 41 1
93 0 35 1
92 0 9 0
98 0 2 0
4 0 51 2
26 2 55 1
44 0 53 2
77 0 65 1
11 0 43 2
44 0 7 1
17 0 13 0
94 1 35 1
44 0 45 1
26 0 61 2
43 2 88 1
40 1 57 2
96 1 87 1
40 0 87 1
65 0 64 2
90 0 70 1
43 2 7 2
21 2 10 2
50 0 61 1
100 0 16 1
15 0 1 2
51 0 75 1
94 0 39 1
13 0 56 2
56 0 92 1
89 1 48 2
71 1 47 2
10 0 100 2
40 0 89 2
91 2 86 1
32 0 11 1
31 0 38 1
97 0 58 1
91 0 79 1
26 0 35 1
67 0 69 1
26 1 33 2
1 0 49 1
29 0 42 1
33 0 12 2
55 2 97 1
89 0 83 2
59 2 71 2
69 0 52 1
76 0 8 1
75 2 83 1
44 1 72 2
52 0 80 1
47 0 1 2
3 0 46 2
58 0 26 1
76 0 94 2
39 1 80 1
62 0 67 2
36 1 41 1
38 0 95 2
29 2 48 2
40 0 63 1
97 0 66 1
62 0 5 2
71 1 7 2
94 2 6 1
57 0 65 1
85 2 2 2
60 1 41 1
56 2 57 2
12 0 36 2
3 1 4 1
48 0 65 2
31 0 16 2
65 1 76 2
31 0 58 2
85 1 5 2
55 0 16 1
28 0 5 2
14 0 64 1
71 1 67 1
14 0 30 2
45 1 52 1
62 1 53 2
73 0 60 2
41 0 8 2
33 0 12 1
78 0 41 0
49 0 64 1
59 1 84 2
58 0 12 1
58 0 38 1
55 0 64 1
59 1 70 2
42 0 55 2
71 1 80 1
54 0 5 2
62 1 30 1
9 0 31 2
95 2 50 1
35 1 13 2
93 0 19 2
2 0 55 1
97 0 65 1
32 1 15 2
71 0 48 0
22 0 100 1
80 0 8 1
38 2 78 2
99 0 62 2
18 1 82 2
2 2 30 1
51 0 80 1
40 0 63 1
72 0 69 0
95 1 56 2
3 1 91 2
70 0 66 1
37 0 94 2
23 0 81 1
79 0 40 0
43 1 8 1
53 0 17 1
78 2 1 2
29 1 1 2
51 1 8 1
94 1 87 1
72 0 60 2
30 0 55 2
33 2 100 2
72 2 1 2
8 0 40 2
22 0 33 1
36 0 87 1
18 2 39 1
66 0 12 1
48 0 64 1
40 0 59 1
74 1 32 1
91 0 14 2
89 1 47 2
58 2 15 1
53 0 6 1
53 0 32 2
13 0 34 2
32 1 41 1
85 0 19 1
44 0 97 1
95 0 4 0
85 2 51 2
4 0 25 1
27 0 97 0
93 0 55 2
18 1 68 2
30 0 17 2
82 0 60 2
73 0 6 2
93 2 83 2
34 0 30 1
49 0 92 1
51 0 64 1
79 1 56 1
15 0 1 2
56 0 6 0
25 0 19 1
1 0 61 2
10 0 6 1
60 0 98 1
12 0 5 1
92 0 84 2
94 0 4 2
52 0 59 1
76 1 66 2
93 1 25 2
9 1 67 2
42 0 96 1
45 0 41 1
35 0 12 1
5 0 33 0
19 2 5 1
56 0 86 0
50 0 5 2
74 0 25 0
55 1 65 2
64 2 46 2
21 2 80 2
55 1 98 1
38 0 6 0
54 0 73 2
10 0 19 1
95 0 57 1
16 0 34 2
91 0 93 1
32 1 94 1
96 0 56 0
5 2 13 1
35 0 33 1
73 1 53 2
46 0 83 0
59 0 5 2
2 0 70 2
55 0 20 1
15 0 12 1
25 0 64 1
66 0 10 1
95 2 39 1
77 0 55 2
36 0 71 1
35 2 88 2
25 0 100 1
93 1 64 2
80 0 75 2
23 0 32 2
11 0 18 2
38 2 88 2
35 1 15 2
22 2 57 2
74 0 66 0
11 1 52 1
4 0 8 1
14 0 86 2
54 0 31 2
70 0 33 2
52 0 49 1
50 0 52 1
72 0 75 1
11 0 82 2
36 0 93 1
83 0 53 2
72 0 67 1
53 0 22 1
41 0 3 1
12 2 19 2
75 0 93 1
39 1 20 2
6 0 91 1
83 0 29 1
51 0 54 1
99 1 69 2
88 0 12 2
89 0 5 1
48 0 5 1
34 0 39 1
24 0 77 1
96 0 20 2
38 0 5 1
16 0 84 0
12 1 58 1
22 0 60 2
91 0 3 1
4 1 88 2
57 0 56 1
77 0 90 1
59 0 68 1
55 1 79 1
67 0 47 2
82 0 53 2
20 0 68 2
13 1 62 2
11 0 5 2
38 2 24 2
1 0 86 2
79 0 67 1
90 1 82 2
84 0 19 1
77 0 53 2
68 2 73 1
61 0 72 0
6 1 97 2
67 0 1 0
95 0 28 2
18 0 48 0
66 0 60 1
90 1 47 2
29 2 90 2
59 0 18 2
47 0 65 1
6 0 52 0
96 1 52 1
83 0 38 1
29 0 39 2
60 0 95 1
84 0 36 1
18 1 52 1
93 2 47 2
90 2 40 2
68 1 98 1
66 0 39 2
38 2 88 2
76 0 28 1
27 0 20 2
72 2 44 2
67 1 57 2
80 0 95 2
51 0 77 1
15 0 52 1
65 0 40 2
6 0 22 2
20 0 10 1
50 0 51 1
50 1 30 2
20 0 17 1
68 0 83 1
42 0 71 1
34 0 33 1
55 1 26 2
19 1 63 1
19 2 4 1
35 0 81 2
5 0 43 1
55 0 49 1
18 0 38 0
85 0 92 1
12 0 67 2
55 1 50 2
56 0 27 1
35 2 80 1
64 1 79 1
97 0 75 1
48 0 71 1
76 1 29 1
38 0 72 1
11 1 50 2
98 0 18 1
84 0 57 2
78 2 9 2
55 0 25 0
44 0 14 2
85 0 8 2
23 0 28 0
90 0 27 1
52 0 21 1
34 0 96 2
20 1 21 2
1 1 14 2
9 0 89 1
81 2 86 2
98 0 13 1
38 0 87 0
73 0 40 1
51 0 39 1
11 0 33 2
36 0 92 1
13 2 100 2
78 1 37 1
60 1 95 2
40 0 93 2
43 1 53 1
94 0 81 0
6 1 65 2
11 0 85 2
85 2 69 2
74 0 20 0
57 0 23 1
89 0 66 1
92 0 51 0
43 0 94 1
93 1 55 1
24 1 63 1
80 2 42 1
28 0 10 1
12 1 14 2
51 0 26 2
98 2 61 2
100 0 26 2
37 0 20 1
80 1 36 2
68 0 11 1
72 0 26 1
10 0 77 2
14 1 67 2
38 1 17 1
59 2 29 1
86 0 12 1
76 0 33 1
2 0 78 1
20 0 61 2
42 0 97 2
10 0 71 2
53 1 83 2
12 1 42 1
96 1 100 1
74 2 5 2
61 0 68 2
97 0 58 1
11 0 13 2
39 1 9 2
2 0 17 1
52 0 7 2
86 0 83 0
84 0 26 1
64 2 21 1
46 0 77 0
8 2 50 1
25 2 15 1
87 0 21 1
17 0 75 1
99 0 19 1
41 0 5 1
77 0 45 2
72 0 47 2
3 0 11 0
46 2 95 2
67 0 9 2
6 2 24 2
51 2 25 1
96 1 15 1
31 2 8 2
7 1 61 2
19 0 14 1
88 0 98 1
8 0 92 1
60 1 40 1
34 0 62 0
90 1 87 2
78 2 4 1
32 0 69 1
97 2 54 1
63 0 25 1
67 0 34 0
81 2 99 2
82 2 28 2
56 1 47 2
64 1 53 1
80 0 86 1
8 1 41 2
81 0 7 2
61 0 95 2
88 0 51 2
75 0 96 0
49 2 22 2
37 0 79 1
95 2 76 1
78 2 47 2
2 0 76 2
21 1 37 2
63 0 16 1
88 0 96 2
14 0 66 2
72 0 59 1
44 0 37 1
39 0 17 0
63 0 61 1
80 0 27 2
75 0 76 0
91 0 36 0
62 0 43 2
63 0 24 1
9 0 56 1
3 1 10 2
82 0 80 2
8 1 9 2
62 0 30 0
76 0 70 1
37 2 1 1
67 0 48 0
69 1 28 1
95 2 63 2
90 1 11 2
60 1 26 1
23 2 44 1
35 0 92 2
16 2 50 2
14 0 35 1
36 0 59 1
61 2 71 2
76 0 53 1
12 1 17 1
23 0 19 1
20 0 19 2
51 0 32 1
55 0 89 1
90 2 36 1
90 0 49 2
20 0 90 1
42 0 93 2
89 0 37 2
74 0 16 2
15 0 37 2
92 2 41 1
72 0 59 1
39 2 78 1
32 0 83 2
98 1 61 1
45 2 87 2
10 0 74 1
65 0 44 1
75 1 60 1
94 0 56 2
87 2 54 1
94 0 96 1
4 0 35 1
43 0 55 2
94 0 43 0
89 0 3 1
9 0 22 2
1 0 13 2
10 0 1 1
41 0 92 2
20 1 71 2
54 0 5 2
28 0 87 2
79 0 78 0
61 0 77 1
50 1 2 1
4 1 69 1
3 0 40 1
79 1 52 1
12 0 72 2
79 2 8 2
80 1 25 1
28 0 91 1
82 0 93 1
6 1 63 2
98 0 61 0
34 1 52 2
65 0 8 2
73 2 56 2
72 0 29 1
73 0 34 2
40 0 78 2
35 0 28 1
18 2 15 1
10 0 33 2
96 2 87 2
12 1 25 1
76 0 18 2
11 0 31 1
33 2 57 1
74 2 6 2
25 0 61 1
55 1 40 1
71 0 9 1
95 2 34 2
82 0 24 2
81 0 41 2
74 1 20 1
18 2 40 1
25 0 37 1
26 0 7 1
6 1 91 2
54 0 42 2
63 0 43 2
12 0 80 2
72 0 36 1
25 0 32 2
73 0 75 1
94 2 49 2
86 0 7 2
100 1 67 2
13 0 11 2
32 1 88 2
67 0 23 2
72 0 77 2
68 0 54 0
98 2 14 1
13 0 56 2
61 0 97 2
70 0 94 1
99 0 20 2
92 0 21 2
79 1 58 1
67 0 17 1
19 0 18 0
88 0 34 2
19 2 85 2
47 0 73 1
60 0 66 2
19 1 91 2
50 0 17 2
85 0 25 0
90 0 6 1
41 0 83 2
57 0 79 2
76 0 57 1
48 0 29 2
1 0 3 2
75 0 19 0
40 0 53 2
3 0 10 2
15 0 6 2
26 0 37 2
8 1 91 2
12 0 15 1
90 1 59 2
28 0 21 2
99 0 41 2
96 0 20 0
70 0 28 0
91 1 67 2
40 0 52 1
30 0 73 1
40 0 25 2
76 0 64 1
98 0 93 1
55 1 38 1
89 2 45 1
78 0 84 2
96 0 9 0
13 0 83 0
63 0 46 1
45 0 56 1
87 0 11 1
47 0 72 2
96 1 33 2
90 0 15 2
62 0 68 1
47 0 7 2
44 0 65 1
26 1 30 2
38 0 18 1
82 0 95 2
80 2 41 1
1 0 6 1
3 0 2 1
78 0 95 1
95 0 31 1
71 2 89 2
67 0 49 2
92 2 84 1
18 1 28 1
24 0 97 0
49 2 1 2
33 2 97 2
87 0 90 1
3 2 92 2
52 0 42 1
53 0 66 1
52 0 22 2
24 1 61 2
16 0 1 1
79 0 54 0
78 0 5 1
68 2 100 2
93 0 24 0
75 0 64 0
46 0 25 1
13 1 7 1
37 0 42 1
87 0 89 2
12 2 65 2
89 0 100 2
16 0 77 2
15 0 11 2
49 0 27 1
74 1 71 1
51 2 97 2
13 2 35 1
66 0 14 2
36 0 72 2
72 0 79 2
44 0 19 1
44 2 41 2
9 0 10 1
13 1 30 2
70 0 43 1
13 1 48 1
41 0 87 2
10 0 37 2
89 0 65 1
39 0 44 0
91 0 56 1
1 1 52 1
21 0 68 2
54 0 90 2
73 0 27 2
16 0 78 1
28 0 52 1
41 0 75 2
14 2 2 1
44 0 7 1
85 1 74 2
8 0 70 0
75 0 10 1
83 0 3 2
97 2 88 2
75 2 91 1
62 0 5 2
43 0 73 1
56 0 100 0
13 0 47 0
83 1 87 2
44 0 53 1
89 0 31 1
10 0 71 2
59 0 83 0
42 0 43 2
2 0 100 2
59 1 57 2
42 0 99 0
73 2 48 2
39 0 75 2
44 0 38 1
23 1 53 2
86 1 69 1
46 1 3 1
93 0 18 1
65 0 66 1
76 0 19 1
70 0 98 2
11 0 32 1
97 0 94 2
50 0 26 1
14 0 43 2
19 0 88 2
97 0 34 2
4 0 29 2
42 0 24 2
76 0 26 2
20 0 33 1
28 0 85 2
90 0 57 1
52 0 39 1
16 2 40 2
17 0 47 0
20 0 13 1
61 0 36 2
40 0 42 2
7 2 11 1
20 0 29 1
64 1 2 2
60 0 63 2
41 0 82 2
49 0 19 1
93 0 14 2
15 0 27 2
89 1 78 2
75 1 13 2
100 0 14 0
48 0 90 2
17 0 54 2
38 0 99 0
24 2 83 2
98 0 29 0
15 0 61 1
84 0 3 2
62 0 59 1
13 1 49 2
11 0 59 2
14 0 55 1
99 2 44 1
76 0 94 1
51 0 49 1
33 2 22 1
11 0 19 1
27 1 79 2
35 0 94 1
35 0 99 1
98 0 92 1
42 0 73 1
71 1 90 1
63 0 43 1
85 2 34 1
44 0 78 1
25 0 37 1
80 0 12 2
86 2 90 2
47 0 82 1
77 2 76 2
26 1 44 2
16 0 94 1
64 0 45 1
26 0 49 1
65 0 51 0
23 0 62 0
44 0 58 1
87 0 99 1
96 0 18 2
45 2 72 2
91 0 68 2
84 1 47 2
31 0 5 1
20 0 12 1
63 2 45 2
37 2 54 1
39 0 27 2
50 0 60 2
4 0 9 2
86 0 70 2
9 0 45 2
72 0 52 0
51 0 32 2
89 2 34 2
78 2 52 1
51 0 12 1
24 0 85 2
73 0 87 2
78 0 64 1
74 1 7 2
16 1 66 2
39 0 86 1
53 0 2 1
39 1 14 2
57 2 44 2
51 1 79 2
72 1 48 1
21 1 10 2
64 0 76 2
59 0 33 2
22 0 69 0
79 0 4 1
65 0 84 0
50 0 46 1
51 1 8 2
88 0 81 1
20 0 40 2
91 0 53 2
93 0 58 2
18 0 35 1
90 2 87 2
5 2 70 1
84 0 12 2
46 0 57 2
10 0 84 2
2 0 79 1
71 2 69 1
69 0 47 1
20 0 18 1
80 0 91 2
36 2 83 2
98 0 83 1
32 0 29 2
40 1 52 2
56 0 43 0
34 0 95 1
34 0 71 2
78 1 90 1
20 0 38 2
88 2 1 2
13 0 92 2
44 0 98 2
67 0 92 2
68 0 18 2
96 0 73 0
32 1 69 1
94 0 22 2
27 0 43 2
1 0 99 2
25 0 39 1
99 0 11 0
12 1 41 0
52 0 36 2
76 2 63 1
35 0 11 2
53 0 38 1
10 0 43 2
92 2 48 2
11 0 8 2
6 2 1 1
61 1 94 2
85 1 42 2
41 0 92 2
58 1 2 2
94 0 83 2
44 0 17 1
16 0 32 2
45 0 48 0
17 1 91 2
67 0 100 2
63 0 93 2
67 0 75 2
96 2 94 1
56 1 88 1
4 0 55 1
24 0 92 1
45 0 92 2
36 0 98 1
62 0 20 1
54 0 3 2
51 2 21 1
62 0 85 1
45 0 98 2
21 0 26 1
10 0 96 1
48 0 74 1
43 0 95 2
47 0 74 1
99 0 81 1
47 0 24 1
13 1 47 2
23 0 55 1
30 0 76 2
41 2 28 2
41 0 38 1
65 2 30 2
34 1 44 1
89 0 68 1
83 0 94 2
13 2 45 2
75 1 49 2
69 0 26 1
60 0 55 2
90 1 89 1
61 0 81 2
4 0 41 0
81 0 2 1
31 0 2 2
95 1 54 1
66 1 10 1
88 0 59 2
42 0 56 2
88 2 41 1
33 2 36 1
8 0 75 1
83 0 20 1
69 0 92 2
81 2 11 1
50 0 81 1
87 0 85 1
67 0 93 1
24 0 49 1
89 2 62 1
35 2 2 2
12 2 88 2
85 0 40 0
36 0 77 1
48 0 50 2
23 2 87 1
57 0 13 1
31 1 57 1
45 0 6 2
43 0 18 1
43 0 68 1
16 0 55 0
34 0 38 1
19 2 100 1
51 0 32 2
98 0 82 2
26 1 21 2
3 2 63 1
62 0 58 2
78 2 86 1
88 0 100 1
11 0 97 0
13 0 81 2
10 0 88 1
78 2 25 2
76 1 51 2
80 0 31 1
23 0 56 1
86 0 34 1
68 2 14 1
53 0 94 2
78 1 8 1
90 1 63 1
29 0 90 1
27 0 62 0
23 0 42 1
55 0 8 2
26 1 52 1
50 0 46 1
75 0 54 2
64 1 77 1
7 2 67 1
43 0 58 2
74 2 54 1
67 0 27 1
66 0 75 2
84 0 85 2
92 0 91 2
99 1 87 2
9 2 44 2
85 1 78 1
54 0 87 1
60 0 53 2
56 1 8 1
84 0 64 2
12 2 80 1
75 1 46 1
63 1 57 2
94 0 47 2
54 0 98 2
21 2 53 2
68 2 40 2
95 1 74 2
79 1 1 1
1 0 66 2
72 0 55 1
76 0 55 1
27 0 79 1
66 0 96 1
99 0 70 1
94 0 53 2
59 1 83 1
48 2 41 2
51 0 76 1
28 0 92 1
68 1 40 2
13 0 26 1
91 0 20 2
2 0 88 2
26 2 15 2
82 0 95 2
47 0 80 1
67 0 3 1
14 0 17 1
75 1 43 2
49 0 98 2
62 0 37 1
85 1 88 1
13 2 47 2
67 0 23 2
5 1 9 2
7 1 79 2
89 0 69 2
64 2 77 1
7 0 92 2
96 1 1 1
67 0 94 1
35 1 51 1
51 0 90 2
44 0 26 1
37 2 89 2
32 2 69 1
27 2 9 2
70 2 34 1
26 0 88 1
25 0 5 1
25 0 86 2
66 0 46 1
80 2 14 1
80 1 2 2
83 1 45 2
3 2 82 2
46 0 78 1
95 0 6 0
64 2 6 2
14 0 84 1
28 1 36 2
93 0 15 0
23 0 34 2
47 1 48 1
92 2 83 1
99 0 12 1
16 0 44 1
43 1 13 2
50 0 8 1
48 0 76 1
32 0 64 2
42 0 38 1
37 1 52 2
96 0 51 1
23 0 81 1
31 0 81 2
19 2 78 2
29 0 3 1
27 2 33 2
4 0 74 1
73 0 38 2
49 1 67 2
17 2 99 2
82 1 15 1
18 0 46 0
19 2 100 2
13 1 21 2
51 0 73 2
9 0 8 2
61 2 44 1
16 2 25 1
17 1 59 2
26 2 97 1
91 1 69 1
91 0 49 1
86 2 57 2
55 1 1 1
82 0 18 2
30 0 53 1
40 0 70 1
57 0 33 2
1 0 98 2
74 0 96 1
27 0 43 0
56 1 2 1
12 1 58 2
87 0 42 2
25 1 69 1
50 0 58 1
51 0 98 1
34 0 44 1
26 0 13 2
82 0 12 1
50 0 45 1
64 2 43 1
26 0 78 2
69 0 49 2
27 1 50 2
11 0 49 1
71 0 40 1
41 0 67 1
50 1 78 2
63 0 75 1
25 0 58 1
2 0 59 2
71 2 100 2
87 0 29 2
33 0 46 2
73 1 22 2
56 0 74 1
39 2 34 1
38 1 90 1
36 0 59 1
61 1 98 2
44 0 43 1
9 0 48 1
8 0 79 1
80 2 29 2
69 0 7 2
85 0 31 0
66 0 40 1
7 0 92 2
14 1 4 2
17 0 98 1
24 0 65 1
55 1 24 2
55 0 58 1
17 1 44 2
5 0 47 0
3 1 40 1
72 0 70 1
9 0 72 1
22 1 84 1
12 1 30 2
49 2 69 1
59 0 26 2
61 1 88 1
6 0 81 2
30 0 79 2
30 0 28 0
12 1 1 2
71 0 78 1
29 2 20 2
85 0 27 1
20 0 81 2
54 1 4 2
80 1 22 2
66 1 71 2
34 2 62 2
26 0 64 2
3 0 16 0
57 0 97 1
83 0 59 1
11 0 32 2
66 0 38 2
80 0 62 2
39 0 55 1
41 2 30 2
65 0 34 2
23 0 4 2
73 0 28 1
69 0 61 2
34 1 97 2
50 2 2 1
47 0 50 2
15 0 61 2
21 0 18 2
11 2 40 2
44 0 32 1
90 1 51 2
45 0 44 0
99 0 14 0
83 0 20 1
73 0 95 2
48 0 97 1
42 0 74 1
47 0 26 1
83 0 17 1
49 1 84 1
88 0 77 1
88 0 96 2
88 1 36 1
34 0 77 1
64 1 16 2
68 1 89 1
81 2 3 2
10 0 36 0
17 0 60 2
39 1 72 1
81 0 20 0
76 0 44 1
55 0 6 2
60 0 10 0
64 1 98 1
59 0 86 0
62 0 2 0
97 1 45 2
43 2 22 2
8 1 42 2
63 1 20 1
52 0 83 1
57 0 33 1
60 2 62 2
15 0 62 1
48 1 36 2
11 0 82 2
72 0 4 2
74 0 21 2
7 0 39 1
13 0 21 1
57 1 10 2
37 0 25 1
89 0 73 2
12 0 50 0
7 1 58 2
89 0 84 1
100 0 94 1
98 2 76 1
39 0 23 1
90 0 38 2
97 0 19 1
93 2 41 2
82 1 90 1
19 0 85 2
35 0 29 2
66 1 67 2
44 0 78 2
70 0 96 1
43 0 42 2
7 0 60 1
67 0 53 1
40 0 37 1
12 2 16 1
64 1 79 1
37 0 1 0
80 1 70 2
76 0 56 1
62 0 9 0
33 0 80 1
7 2 45 2
17 2 11 2
2 1 53 2
54 1 36 2
100 2 28 1
81 1 16 1
89 0 67 1
58 1 31 1
16 0 47 0
44 0 43 2
68 1 70 2
3 0 64 1
46 2 92 2
94 2 14 2
41 0 84 2
71 0 38 1
28 0 54 2
8 0 40 2
74 0 9 2
3 0 33 0
52 0 94 1
83 0 40 2
31 1 29 1
29 0 34 2
91 0 62 2
3 2 70 2
84 0 5 2
66 1 34 2
22 0 45 1
46 1 55 2
13 2 59 1
51 1 69 1
77 0 95 2
75 0 45 2
26 1 12 2
72 0 65 2
72 2 41 2
5 0 35 0
28 0 48 1
87 0 49 1
44 0 62 0
94 0 67 2
90 2 4 1
8 0 95 2
83 0 56 1
47 0 1 1
78 2 42 1
36 0 24 2
76 0 93 1
2 0 49 1
55 1 49 1
5 2 62 1
95 1 30 2
75 1 77 1
75 1 52 1
89 1 22 2
80 0 27 2
62 0 94 1
83 0 8 2
50 1 76 2
91 0 38 2
14 0 15 0
43 0 48 2
18 0 61 1
83 0 45 1
51 0 75 2
68 2 91 2
74 1 28 2
72 0 32 1
10 0 78 2
97 0 29 1
82 0 23 2
1 0 56 2
2 0 70 1
89 1 87 1
63 1 86 2
33 1 88 1
65 2 59 2
30 0 24 1
81 2 37 1
2 1 28 2
5 1 69 1
82 2 100 2
15 1 28 2
72 0 15 0
91 0 20 0
14 0 81 2
77 0 30 0
85 0 38 2
28 0 53 2
83 1 34 2
87 0 43 1
60 2 23 2
89 0 70 1
98 0 50 1
42 0 78 1
14 0 20 1
9 0 37 2
73 0 11 1
70 1 40 2
48 0 49 1
31 2 86 1
89 0 13 1
62 0 8 2
84 0 94 2
33 1 4 2
20 0 77 2
95 0 5 1
70 0 85 1
63 0 33 1
36 0 90 2
57 0 43 2
32 0 59 2
98 0 51 2
18 0 74 1
16 1 61 2
61 1 87 1
38 2 88 2
22 0 38 2
9 0 92 1
59 0 55 2
13 2 35 1
1 0 95 2
98 0 39 2
77 2 78 2
80 0 82 2
66 0 92 2
68 0 37 0
54 0 58 2
63 0 1 1
83 0 59 1
13 0 46 2
16 0 46 2
32 1 46 2
79 2 15 2
52 0 29 1
11 1 62 2
9 2 28 2
66 0 70 0
77 0 84 2
62 0 98 2
34 0 96 1
91 0 62 2
1 0 95 1
80 0 33 2
54 2 48 2
79 0 5 1
25 0 93 1
59 0 81 2
77 0 100 2
7 0 66 2
20 0 96 1
38 0 40 0
14 0 43 2
36 1 9 1
9 0 43 1
83 0 24 1
40 0 18 2
24 1 6 2
63 0 94 1
100 0 71 2
62 0 78 2
90 1 11 2
42 2 4 1
4 0 78 2
3 1 80 1
59 0 27 1
36 0 48 1
83 0 75 1
85 0 55 2
39 2 34 1
55 0 19 2
81 1 91 1
84 0 95 2
73 0 40 2
74 0 95 1
87 0 92 1
10 0 25 1
58 0 43 1
32 2 92 1
87 2 2 2
98 2 34 2
38 0 36 2
80 0 49 1
55 1 1 2
36 0 70 1
11 1 21 2
14 0 94 2
72 0 45 0
65 0 26 2
96 2 9 1
11 0 18 1
1 0 76 2
43 0 68 2
35 0 38 2
27 1 38 1
53 0 38 2
24 0 66 0
49 2 28 2
74 1 37 1
29 1 88 2
79 1 17 2
20 0 80 1
97 0 12 2
50 0 9 1
85 0 6 0
88 0 3 2
53 0 18 1
11 0 94 2
25 0 89 1
59 0 4 2
95 0 100 1
88 0 1 1
27 1 10 1
64 2 14 2
38 0 69 0
72 0 66 2
86 2 2 2
38 1 76 1
23 0 98 1
22 0 57 2
80 2 86 2
35 0 13 2
45 0 74 1
99 0 49 1
86 0 70 1
99 0 39 1
51 0 19 2
88 0 12 1
10 0 32 1
18 1 64 1
22 0 67 2
98 2 23 2
82 0 89 0
84 0 10 0
61 0 67 0
49 0 65 2
52 0 97 1
80 2 47 1
72 0 62 2
6 0 63 0
7 0 62 2
75 2 73 1
71 0 34 1
90 0 96 2
78 0 94 2
84 1 58 2
80 0 38 1
3 1 43 2
88 0 33 1
50 0 86 0
2 0 86 2
42 0 32 2
97 1 53 2
96 0 40 1
18 1 70 2
84 1 4 1
40 0 18 1
37 1 76 1
78 0 51 2
47 0 12 2
28 0 80 1
51 1 97 2
81 1 30 1
37 0 59 2
71 1 15 2
18 2 6 1
56 0 55 1
79 2 56 2
45 1 67 2
99 0 90 1
85 1 73 1
10 0 8 2
38 2 82 2
42 1 87 2
53 0 19 2
25 0 22 2
46 2 69 2
35 0 18 2
58 2 49 2
100 0 92 2
37 0 2 2
4 0 100 2
93 0 31 0
17 0 34 2
37 0 59 0
29 0 12 2
93 0 19 1
63 0 67 1
75 0 41 1
92 1 48 2
84 1 56 2
37 0 95 2
97 0 24 1
15 0 77 2
54 1 83 2
47 0 18 2
69 0 39 1
34 0 74 1
100 2 80 2
69 0 50 1
11 2 87 2
29 1 62 1
42 0 13 1
37 0 7 0
5 0 68 2
79 0 93 1
39 1 58 2
52 0 26 2
97 0 45 0
7 0 85 2
19 2 9 2
63 0 9 2
95 0 52 2
2 0 83 0
70 1 88 1
39 2 90 1
58 1 37 2
43 2 15 2
23 0 84 1
36 0 24 2
6 0 43 2
21 0 96 2
90 0 58 2
53 0 66 1
43 0 39 1
27 0 55 0
14 0 8 2
79 0 96 2
81 1 28 1
75 2 33 2
43 0 75 1
82 1 48 2
68 2 77 2
68 0 63 0
16 0 79 1
19 1 8 1
34 2 47 1
96 2 76 2
79 0 39 1
43 0 11 0
86 0 33 1
82 2 67 2
40 0 42 1
64 2 79 1
44 0 26 1
52 0 93 1
76 0 46 2
57 0 49 1
62 0 43 2
54 0 32 1
64 2 71 1
24 0 98 2
96 2 37 2
70 0 94 1
66 0 71 0
97 0 93 1
44 0 14 2
34 0 5 1
67 0 73 2
72 0 94 1
66 0 75 2
25 0 66 2
31 0 12 1
42 0 97 1
34 0 86 1
60 2 57 2
40 0 7 1
47 0 92 1
57 0 60 1
54 0 88 1
35 0 19 2
95 0 92 0
23 1 86 1
19 1 36 2
70 0 54 2
25 0 44 0
39 2 25 2
69 1 30 2
80 0 55 2
55 0 58 2
6 0 93 2
41 0 18 2
50 0 38 1
11 0 76 2
88 0 94 1
63 0 32 1
8 1 34 1
35 0 19 2
54 0 88 2
30 0 43 2
91 1 98 2
11 0 22 1
50 0 33 1
7 0 36 0
95 1 28 1
81 2 51 2
17 0 12 1
15 0 27 2
72 0 64 1
79 2 86 1
72 0 100 1
5 0 77 2
77 2 29 1
68 0 80 1
94 0 99 2
34 2 9 2
27 2 82 2
55 0 81 2
50 0 74 2
11 0 21 1
95 1 57 2
69 0 21 1
20 0 75 2
2 0 5 2
30 0 72 2
58 0 91 1
45 0 58 2
42 0 43 2
66 1 31 1
19 2 41 1
68 0 26 2
72 1 9 1
76 0 85 1
86 0 36 2
93 2 66 1
56 1 55 2
19 0 39 0
13 0 92 2
30 2 15 2
97 0 73 2
80 1 1 2
10 0 49 1
11 0 57 2
76 0 12 2
15 1 36 2
60 2 78 2
8 1 1 1
24 1 56 2
58 0 72 2
26 1 15 1
82 0 92 2
84 0 79 1
96 0 22 0
50 0 23 1
86 1 11 1
62 0 37 1
5 0 56 2
36 0 66 1
74 0 57 0
52 0 29 1
8 0 52 0
62 0 35 1
86 0 30 0
51 0 85 2
48 0 76 1
88 0 76 1
66 0 39 1
36 0 56 2
75 0 56 1
21 0 79 2
85 1 28 2
32 1 92 1
83 0 29 1
76 0 92 2
44 0 73 2
17 0 5 2
77 2 44 1
26 1 30 2
97 2 54 2
70 1 62 2
94 2 100 1
81 0 31 2
74 0 84 2
11 0 99 2
14 0 39 1
9 0 11 2
76 0 29 2
91 1 4 1
4 0 15 0
1 2 36 2
65 0 72 2
62 0 84 1
1 0 92 1
62 0 93 2
33 0 29 1
57 0 67 2
25 0 71 1
17 0 75 1
99 0 75 1
46 0 21 1
67 0 92 1
66 0 80 1
38 0 21 0
57 0 65 2
84 0 61 1
82 0 16 2
89 0 34 0
60 0 56 1
47 0 44 2
35 0 74 2
79 2 24 2
13 1 48 2
6 0 12 2
71 0 26 1
79 1 80 1
67 0 10 1
22 1 70 2
29 0 16 2
93 0 84 2
71 0 67 1
67 0 59 1
27 1 89 1
76 0 65 1
32 2 52 2
74 1 52 1
39 1 34 2
80 0 99 2
80 0 56 1
63 0 43 1
67 0 10 2
43 2 86 2
67 1 36 1
31 1 9 2
46 2 3 1
96 0 74 0
11 0 48 1
94 0 35 2
66 0 27 1
54 0 15 2
73 0 96 2
68 1 37 1
47 0 60 1
47 0 46 1
11 0 93 1
54 0 1 2
53 0 81 1
15 0 56 1
23 0 36 0
56 1 76 1
41 0 66 1
62 0 84 2
42 0 61 1
55 1 33 2
58 0 45 2
19 2 83 1
68 0 20 1
19 0 13 0
41 0 43 1
99 0 51 2
75 0 65 0
31 0 77 1
4 0 81 1
68 2 95 2
28 0 17 1
63 0 55 1
38 2 2 1
1 0 92 2
6 1 20 2
67 0 81 1
10 0 74 2
12 0 21 0
36 0 45 2
92 0 55 2
80 0 96 2
93 0 91 2
18 1 74 1
41 0 87 2
35 0 86 0
1 0 57 1
22 0 55 1
18 1 99 1
2 0 14 1
100 2 10 2
86 2 28 2
47 0 86 2
6 0 75 2
3 2 34 2
2 1 62 2
63 0 42 2
47 0 83 2
84 1 36 1
4 2 41 2
5 0 55 0
95 1 79 2
70 0 73 2
36 0 86 2
36 1 9 2
94 1 62 1
44 0 76 2
57 0 9 0
79 2 10 2
11 2 83 2
51 0 9 2
40 0 93 2
45 0 41 0
55 2 50 1
11 0 30 1
90 2 28 2
94 1 91 2
64 1 99 1
62 0 38 2
86 0 33 1
54 0 58 2
83 1 14 2
68 0 21 2
72 0 22 1
56 2 67 2
90 0 46 1
9 0 77 2
37 2 52 2
49 0 70 0
22 2 90 1
26 2 40 1
22 0 40 0
24 0 87 2
64 0 100 1
34 0 53 1
100 2 87 2
100 1 45 2
72 0 34 2
27 0 54 1
54 1 83 2
42 0 93 2
23 0 3 1
10 0 50 1
36 0 93 1
16 2 40 2
71 0 40 2
91 1 79 2
42 2 41 1
44 0 43 2
62 0 79 2
17 0 75 1
1 0 98 1
30 0 23 1
34 2 47 2
91 2 8 2
53 1 67 2
77 2 40 2
96 0 51 2
66 0 69 0
52 0 29 1
89 0 46 1
99 0 71 2
5 2 45 1
15 0 3 2
56 1 42 1
32 0 77 0
97 0 19 2
82 0 52 2
95 0 68 2
89 1 44 1
62 0 49 2
99 0 8 2
59 0 49 2
66 0 34 2
22 0 47 2
68 0 30 2
79 0 81 1
16 0 33 2
6 0 74 1
68 2 50 2
36 0 52 2
32 2 55 1
77 1 74 2
46 1 6 1
43 0 9 2
56 0 26 2
100 0 15 2
48 0 76 2
50 0 61 1
66 0 28 1
63 0 71 2
28 0 64 2
37 1 71 2
8 1 70 1
1 0 69 0
97 0 40 1
84 1 4 2
57 0 13 2
18 2 32 2
45 0 2 0
12 0 85 0
14 0 90 2
2 0 79 2
99 0 86 1
70 0 69 1
16 0 65 1
79 1 56 1
67 0 12 1
81 0 68 1
69 0 12 1
51 0 14 0
98 1 62 2
95 0 75 2
4 0 9 2
8 1 52 1
11 2 45 2
13 0 12 1
97 0 6 1
47 0 2 1
65 2 86 1
55 1 17 1
60 1 69 1
70 2 8 2
64 0 87 0
12 2 77 1
44 0 59 2
62 1 1 2
7 0 24 1
47 0 89 1
66 2 87 2
83 0 25 1
53 0 6 2
12 1 23 1
82 0 88 2
100 1 51 2
82 0 32 2
31 1 21 2
51 0 13 1
99 0 73 2
48 0 85 1
7 0 66 1
37 1 79 2
37 0 17 1
65 1 22 2
67 0 29 2
5 0 4 2
73 2 37 2
5 1 23 1
16 0 5 2
48 0 10 2
90 0 55 2
72 0 71 1
3 0 43 2
98 2 20 2
23 0 35 1
95 2 33 1
43 0 90 1
49 2 6 1
9 0 24 2
5 0 38 2
89 1 43 2
39 0 65 1
89 0 29 1
39 0 88 0
94 0 41 0
35 2 62 1
9 0 90 1
43 0 18 1
3 0 40 2
33 2 81 2
100 0 52 2
4 0 23 2
81 2 6 1
88 0 36 1
9 0 75 1
22 0 25 0
47 0 24 1
46 0 4 0
74 2 10 1
93 0 63 1
41 0 11 1
37 0 96 1
37 0 74 2
87 1 53 2
26 1 33 1
42 0 90 1
6 2 53 1
100 1 71 2
61 0 15 0
71 0 9 0
41 0 58 1
93 1 75 2
32 1 19 2
84 0 99 0
59 0 87 2
32 0 72 2
86 1 9 2
35 0 32 1
96 0 84 0
24 1 45 2
84 0 55 1
14 0 55 1
63 0 12 1
73 2 40 1
46 1 68 2
88 0 8 1
87 0 90 1
55 2 37 2
81 1 6 1
34 0 48 2
93 2 54 1
91 0 20 1
96 0 49 2
69 0 44 0
69 1 62 1
58 0 99 0
87 0 93 1
6 1 8 1
10 1 97 2
73 2 11 1
70 2 23 1
39 1 38 2
52 0 87 0
54 0 100 1
79 0 27 1
11 0 24 2
11 1 97 1
96 2 90 1
35 0 43 1
64 0 15 2
7 0 84 2
53 0 67 1
93 0 84 0
21 0 33 1
97 1 9 1
40 0 46 1
83 0 16 1
69 1 52 2
60 0 39 1
19 1 40 1
86 2 62 1
29 1 89 1
9 0 38 2
30 0 83 1
82 0 98 2
43 0 48 2
77 0 1 0
62 0 98 1
97 0 25 2
37 0 95 1
81 0 80 2
43 0 84 2
74 2 20 2
82 1 43 2
14 0 55 1
7 0 75 2
42 0 71 1
67 0 91 2
70 0 18 1
69 0 79 1
38 0 84 1
47 0 5 1
69 0 7 1
89 2 42 2
7 0 49 2
8 2 15 2
7 0 75 2
89 0 8 2
22 0 50 0
80 0 96 2
86 0 85 2
65 0 60 1
35 0 18 1
32 2 22 2
92 1 87 2
72 0 24 1
44 0 79 2
79 2 57 2
95 2 67 1
61 2 59 1
16 1 17 1
10 0 23 2
29 0 98 2
68 0 9 2
78 2 76 1
75 0 62 2
29 2 10 1
96 2 88 1
4 0 12 1
15 1 57 2
39 0 75 2
29 1 24 2
36 0 78 1
54 0 56 1
2 0 64 2
88 0 64 1
91 1 40 2
46 1 45 2
24 1 70 1
71 0 13 2
32 0 31 0
61 2 88 2
51 1 72 2
9 0 39 2
58 0 67 2
93 2 58 1
80 0 78 1
18 2 74 1
3 2 21 2
1 0 61 1
51 0 60 1
4 0 12 1
37 0 96 2
77 1 38 1
60 0 66 2
43 0 52 0
19 2 30 1
3 2 86 2
37 1 29 2
72 0 7 2
73 1 78 2
93 2 99 1
92 2 22 2
1 2 48 2
50 2 14 1
49 0 5 1
83 0 73 1
79 0 54 2
58 0 96 2
95 0 45 2
63 1 76 2
38 0 15 1
39 2 34 1
59 1 40 1
96 0 62 2
9 0 71 1
40 0 67 2
38 2 11 2
3 0 8 0
67 0 98 1
76 0 92 1
21 0 27 1
79 0 18 1
44 0 55 1
78 0 39 2
27 1 18 1
23 1 24 2
55 2 65 1
48 0 11 2
52 1 28 1
34 1 9 2
93 2 8 1
17 1 47 2
1 0 16 2
57 2 2 2
75 2 53 2
66 2 23 1
3 0 96 2
25 0 12 2
48 0 82 1
72 0 12 1
100 0 38 2
50 0 75 1
28 0 32 1
92 0 96 2
5 1 56 2
53 0 76 1
37 1 1 2
61 0 52 2
5 2 13 1
97 0 55 2
34 0 20 2
30 0 82 2
93 0 20 2
71 0 28 1
72 0 100 2
91 0 19 1
81 1 34 2
37 0 27 2
73 2 24 2
11 1 48 1
50 1 9 2
97 1 1 2
6 0 93 1
57 0 77 2
91 2 10 2
92 0 53 0
41 0 73 2
34 0 35 1
72 0 86 1
67 1 34 1
49 0 5 1
73 0 58 0
49 2 25 1
49 0 62 2
87 0 43 1
100 0 79 2
61 1 10 2
29 0 18 1
91 0 27 2
48 0 84 1
59 0 91 1
71 0 58 2
2 0 87 2
60 0 63 1
34 0 47 2
82 1 51 1
65 0 60 1
72 1 88 1
46 0 6 2
46 2 38 2
96 0 74 1
31 0 56 2
73 0 36 0
32 1 30 2
46 2 98 2
10 0 64 2
3 2 36 2
10 0 56 1
59 0 8 1
24 2 30 2
45 0 77 1
7 1 35 1
70 1 100 2
22 1 34 2
27 2 6 2
16 0 41 1
44 0 92 1
66 0 64 2
47 0 33 2
93 2 32 2
58 0 60 1
4 0 36 1
24 2 47 1
34 0 86 2
41 0 91 1
52 0 76 2
4 0 11 1
15 0 59 1
88 0 78 2
49 0 91 1
20 1 28 1
59 0 10 0
67 0 84 2
56 0 33 1
85 0 33 0
69 0 72 2
57 0 86 2
15 0 21 2
68 0 58 1
71 0 32 1
44 0 84 1
20 0 44 1
5 1 83 1
83 0 60 1
73 0 85 2
19 2 42 2
26 0 17 0
2 0 100 2
20 0 86 2
34 0 48 1
95 0 52 2
68 1 63 2
82 0 86 1
29 1 80 1
20 0 59 1
70 0 23 1
94 1 69 2
81 0 99 1
74 2 32 2
49 2 22 1
19 0 62 1
79 2 28 1
30 0 50 2
30 0 76 1
25 0 71 2
71 1 34 1
58 0 81 2
5 0 21 2
81 1 11 2
20 0 86 2
34 0 8 1
17 1 71 2
1 0 27 1
24 0 46 1
19 1 45 1
48 0 52 1
87 0 18 2
87 0 12 2
82 0 93 1
11 2 15 2
92 0 19 1
55 2 6 1
73 1 14 1
28 0 34 1
57 0 6 1
63 0 49 1
10 0 59 2
38 2 6 2
4 0 32 1
50 0 32 2
21 0 26 1
19 1 81 1
45 1 62 1
97 0 93 1
89 0 13 2
8 0 23 2
77 0 19 1
19 2 66 1
72 0 13 1
25 2 97 1
99 0 72 1
61 0 31 1
45 0 99 1
91 0 18 2
59 2 84 2
51 0 73 1
5 0 25 2
44 0 24 1
85 0 2 0
11 0 10 0
3 1 36 2
100 0 82 2
21 0 83 0
58 0 4 2
85 0 15 2
82 0 50 2
83 0 98 2
13 1 42 1
17 0 9 0
100 0 61 1
11 1 69 2
87 0 26 1
79 0 18 1
40 0 27 1
34 0 60 2
14 0 52 0
93 1 32 2
6 0 88 0
27 2 76 1
66 2 59 2
24 2 4 1
77 0 46 1
52 0 75 2
73 0 66 0
27 1 94 1
76 1 7 2
82 0 58 1
82 2 78 2
65 0 8 0
93 2 89 2
42 0 91 2
94 2 89 2
27 2 57 1
43 0 86 2
83 0 51 1
41 0 15 2
92 1 9 1
75 2 20 2
4 0 49 2
82 1 22 2
20 0 70 1
41 0 61 1
72 0 15 1
62 0 9 1
89 1 66 2
70 0 10 1
36 0 28 2
40 0 43 1
83 0 8 1
84 0 95 2
74 1 4 1
53 0 68 2
12 0 53 1
24 1 78 1
26 0 11 2
30 0 37 2
69 0 13 1
14 0 29 1
36 0 55 2
29 2 48 1
75 2 6 2
12 1 7 2
47 0 96 2
39 2 31 1
63 0 43 1
91 0 82 0
96 0 1 1
77 0 19 2
24 2 42 2
34 0 19 2
61 2 51 1
5 2 90 1
71 2 62 2
75 2 30 1
34 0 6 2
44 0 83 0
52 2 40 1
10 0 50 1
86 0 26 2
23 0 11 0
100 2 15 2
35 0 12 1
36 2 28 1
99 1 72 2
92 0 57 2
12 2 92 1
64 0 2 0
97 1 47 1
7 0 19 2
4 0 65 2
61 0 96 1
8 1 24 2
86 1 4 2
22 0 75 2
46 0 70 2
7 0 93 1
46 0 76 0
65 2 21 1
58 0 56 1
69 0 13 2
60 2 2 2
81 2 82 2
87 1 99 2
96 1 12 2
77 1 20 1
99 0 3 1
46 0 30 0
26 0 73 1
95 1 4 1
48 0 18 1
31 1 20 2
4 2 41 1
6 0 93 2
4 0 61 2
69 0 75 1
23 0 34 0
38 1 66 2
72 0 66 2
35 0 68 1
65 0 80 1
68 0 67 1
19 1 27 2
47 0 71 2
34 0 42 1
77 0 19 1
32 0 8 0
89 0 58 1
82 2 21 2
20 0 99 2
1 0 82 2
73 2 54 1
38 2 73 2
12 0 5 0
45 0 37 1
91 0 42 1
48 0 29 1
14 0 65 1
71 1 22 2
8 2 4 1
71 0 55 2
15 0 98 2
78 1 57 2
40 0 70 2
72 2 41 2
3 0 92 0
18 1 74 2
2 0 56 1
56 0 3 1
99 2 53 1
70 1 1 1
52 0 44 1
93 2 57 1
76 0 85 2
92 2 41 2
94 0 72 1
37 1 100 2
56 1 47 1
80 0 3 1
80 0 79 2
73 2 97 2
96 0 73 2
27 1 90 2
39 1 7 2
51 0 97 2
51 0 86 2
57 0 7 2
41 0 6 1
73 2 83 2
6 0 4 1
64 1 9 2
85 2 33 2
49 0 90 2
31 0 29 0
71 0 46 2
24 1 51 2
83 0 86 2
18 0 70 1
29 1 99 2
9 0 3 2
10 0 24 2
40 0 71 1
68 0 8 0
97 0 21 1
88 1 83 1
28 0 65 1
4 2 28 2
89 0 59 1
42 0 84 2
9 0 58 1
5 1 33 2
60 2 15 2
90 2 62 1
5 2 85 1
88 0 76 2
72 0 93 2
88 0 78 2
68 2 45 2
18 0 11 1
17 0 64 2
43 0 29 1
20 0 93 2
42 1 21 2
53 1 72 1
62 1 4 2
57 0 52 1
98 0 68 2
65 0 46 1
7 1 73 2
11 0 76 2
19 0 68 1
3 2 49 1
64 2 23 2
76 1 70 2
43 0 79 2
64 1 42 2
74 2 2 2
100 2 90 2
43 0 5 2
64 0 74 1
56 0 28 0
30 0 93 2
58 0 19 1
65 0 68 1
69 0 57 1
87 0 28 0
96 1 12 2
86 1 69 1
98 1 16 2
73 0 91 2
76 0 61 1
30 0 91 1
34 0 23 1
45 0 29 2
64 0 58 0
55 2 69 1
49 0 59 2
49 1 22 1
89 0 87 0
74 1 65 1
31 0 11 0
91 1 9 1
48 0 24 2
37 0 38 1
37 0 36 0
56 2 88 2
58 0 92 1
82 0 27 1
70 2 36 2
90 2 69 1
54 0 84 1
60 1 83 1
85 2 38 2
52 0 1 0
18 0 76 2
26 1 86 2
39 0 35 1
32 0 31 2
18 0 76 0
100 0 16 2
2 0 55 1
55 0 85 0
66 0 12 1
90 0 54 2
31 0 33 2
11 0 49 1
14 0 33 2
51 2 63 1
67 0 19 2
61 0 89 0
36 0 66 2
77 1 92 1
3 0 28 2
4 0 3 1
40 0 79 2
17 0 3 2
54 1 34 2
16 0 32 1
97 2 30 2
13 2 30 2
28 1 48 1
98 0 14 2
38 1 70 1
33 1 53 2
44 0 97 2
3 2 10 2
94 1 72 2
30 0 15 1
88 1 36 1
44 0 35 1
30 2 47 2
43 0 64 2
21 2 50 2
66 2 52 1
59 2 99 1
71 0 55 1
51 2 99 1
88 0 20 2
80 0 43 1
9 0 65 2
43 0 85 1
26 1 33 2
95 1 88 1
82 1 50 1
20 0 67 2
44 0 99 1
7 0 71 2
8 1 11 1
62 0 58 2
55 0 86 0
29 0 32 2
39 2 3 2
65 0 18 1
7 0 66 0
96 1 5 2
26 1 1 2
56 1 51 2
82 0 58 2
47 0 84 2
45 0 52 1
28 0 25 2
19 1 29 1
5 1 72 1
7 0 95 2
66 2 44 2
65 0 75 1
41 0 15 0
71 2 86 2
39 2 48 1
61 0 58 2
30 1 57 2
19 0 98 0
15 0 92 2
91 1 88 2
66 0 34 1
42 0 51 2
83 0 42 1
10 0 59 2
91 0 23 2
11 0 65 2
59 0 77 1
19 2 55 2
7 0 28 0
41 0 11 1
70 0 22 1
80 0 48 1
68 0 95 0
83 0 24 2
45 0 79 2
32 1 10 1
63 1 69 1
30 0 27 2
92 2 4 2
12 0 18 1
92 2 94 2
74 0 35 0
50 0 18 1
93 2 21 1
71 0 44 1
43 2 20 2
59 0 40 1
75 0 82 0
27 2 81 1
22 2 42 2
41 0 42 2
18 0 90 2
16 0 29 1
77 0 57 0
92 0 30 0
28 1 69 2
17 0 6 0
39 1 48 2
56 0 6 2
20 0 78 1
54 0 80 1
23 0 16 1
76 0 63 1
51 0 98 1
86 0 11 1
62 0 86 1
66 2 76 1
91 1 7 2
3 1 5 2
87 1 48 2
62 0 84 1
15 0 64 2
65 0 67 0
59 0 7 1
20 0 86 1
99 0 91 1
67 0 34 0
89 0 67 2
95 0 37 0
32 2 66 1
41 0 77 1
39 0 1 2
79 1 25 2
39 0 84 2
20 0 9 1
45 0 89 1
30 0 1 1
92 2 84 1
56 2 31 1
78 0 66 0
26 1 14 2
97 0 80 2
89 1 71 1
59 1 9 2
80 0 71 0
94 2 80 2
10 0 86 2
6 0 46 1
4 1 10 1
59 2 21 1
46 1 43 1
70 0 37 0
25 1 57 2
82 0 89 1
51 0 85 2
68 0 90 0
60 0 39 1
60 0 65 2
93 1 89 2
94 1 26 2
69 0 84 1
95 2 26 2
41 0 49 2
16 0 67 0
8 0 15 2
33 1 66 2
22 2 54 1
91 0 95 2
15 0 26 2
82 1 89 1
50 0 16 1
23 0 58 2
11 0 17 2
13 2 52 2
21 1 80 1
64 2 38 1
40 2 15 1
78 2 62 2
23 0 61 1
33 0 47 0
65 0 38 1
8 0 63 2
85 1 28 1
43 1 67 2
46 2 44 1
28 0 70 1
78 1 98 2
46 2 9 1
5 2 25 1
91 0 33 1
20 0 86 2
42 0 72 1
45 0 36 0
89 0 77 1
81 1 91 1
18 2 63 1
27 1 10 2
82 2 47 2
15 0 97 2
89 0 61 2
41 0 29 2
55 0 93 1
75 1 9 2
75 2 63 2
67 0 18 2
86 2 4 1
6 2 31 2
86 0 91 2
4 0 22 2
65 0 8 0
11 1 21 2
62 0 50 2
48 0 26 2
50 0 32 2
90 0 94 2
68 0 75 1
71 0 81 1
27 0 44 2
32 0 62 0
31 1 59 1
74 0 39 2
73 1 16 2
17 0 19 1
85 2 63 2
79 1 36 1
71 2 42 1
2 0 15 1
75 2 45 1
80 0 33 2
91 0 92 2
7 1 61 2
9 0 97 2
46 1 19 1
97 0 24 1
46 2 19 2
52 2 88 2
30 0 38 1
73 2 23 1
54 0 35 1
58 2 82 2
99 1 34 2
80 0 48 1
20 2 14 1
63 0 71 2
87 0 19 1
82 0 77 2
79 0 63 2
96 0 57 1
25 0 14 1
65 1 53 1
57 0 95 2
5 1 49 2
40 0 42 2
61 0 1 2
12 2 62 1
69 0 9 1
87 0 82 2
59 0 17 1
73 2 9 2
55 0 95 2
44 0 11 1
7 0 62 0
71 1 37 2
33 0 85 2
63 0 84 2
78 0 27 2
56 1 43 2
68 2 17 2
46 0 58 0
30 0 60 1
60 2 41 2
45 0 30 2
28 0 27 1
8 0 15 0
19 0 2 2
68 0 95 0
95 0 60 0
95 0 43 2
30 0 45 2
92 0 60 2
71 0 36 2
62 2 2 2
53 0 3 1
64 0 80 1
19 2 49 1
85 0 44 0
89 0 38 1
99 0 21 2
7 0 31 2
98 0 59 0
35 1 78 1
21 0 63 1
29 1 7 2
51 0 53 2
31 2 80 1
21 0 13 2
14 0 74 2
77 2 92 2
97 0 13 2
75 2 79 1
70 0 30 1
28 0 67 1
96 0 47 0
21 0 91 2
40 0 71 2
36 0 31 2
12 1 45 2
47 0 58 1
73 0 26 1
22 0 81 1
51 2 97 2
87 2 2 1
14 0 36 2
43 0 66 1
4 0 46 2
44 1 41 1
18 2 97 2
21 1 10 2
59 0 20 2
12 0 97 2
24 1 62 2
64 0 84 1
27 2 26 2
17 0 80 2
64 0 81 0
70 1 41 2
63 0 70 2
20 0 13 2
49 0 26 1
28 0 94 2
61 0 9 1
49 0 33 1
100 0 97 1
64 1 71 1
85 1 98 1
71 0 45 0
98 0 92 1
77 2 10 1
53 0 22 2
83 0 89 1
98 2 28 1
14 0 96 2
9 0 13 2
33 2 65 2
33 1 65 1
42 0 32 2
40 1 10 2
71 0 48 2
93 0 80 0
65 1 10 2
97 0 99 2
34 0 93 2
68 1 78 1
26 1 71 2
51 1 63 1
66 0 74 1
57 0 58 2
70 0 74 2
52 0 53 2
68 0 54 0
4 0 34 1
8 0 87 0
12 0 43 2
4 0 77 2
44 1 14 2
100 0 62 1
13 0 77 1
17 1 87 1
100 2 40 2
74 0 12 1
38 1 8 2
81 0 12 1
64 2 49 1
28 0 21 1
84 0 17 2
6 0 51 2
83 0 74 1
59 0 38 1
78 2 72 2
12 2 62 2
78 1 51 2
24 0 19 2
58 0 10 2
27 0 43 0
55 0 27 2
16 1 50 2
91 0 76 0
71 0 25 0
74 0 14 2
55 1 47 2
88 0 13 2
39 2 13 1
46 1 71 1
56 2 15 2
1 0 42 1
84 0 81 1
95 0 44 0
2 0 22 1
42 0 28 0
13 2 91 2
45 1 9 2
8 0 74 1
86 2 28 1
42 2 25 2
67 2 10 2
45 0 19 2
4 0 61 1
59 0 18 1
23 2 57 2
99 2 47 2
52 0 68 1
12 1 16 2
38 0 36 2
8 1 56 2
54 0 23 1
56 0 22 0
78 1 80 2
18 1 76 1
37 0 95 2
87 0 97 2
20 0 89 2
82 1 78 1
32 0 64 1
25 0 58 2
16 2 30 1
78 2 100 1
57 2 10 2
74 0 2 1
97 0 42 1
20 0 71 2
62 0 18 1
44 0 18 1
41 0 27 1
60 0 73 2
99 0 49 1
25 0 82 1
25 0 65 1
94 0 88 1
8 1 53 2
12 1 37 1
67 0 35 2
88 0 56 2
88 0 32 1
35 0 17 1
8 1 24 1
93 0 55 1
1 0 39 2
26 2 60 2
29 0 62 1
18 0 74 2
60 1 53 2
45 2 44 1
90 0 86 2
20 0 50 2
25 0 12 1
56 1 37 2
50 1 86 2
95 1 33 2
50 0 3 1
67 0 28 1
54 0 91 1
93 0 60 2
32 0 49 1
19 0 17 2
18 0 94 1
26 2 78 1
73 1 16 2
24 2 97 2
84 0 65 1
8 2 86 2
15 0 38 1
86 1 35 2
13 0 14 0
89 1 66 2
70 0 56 1
56 0 40 0
15 0 68 1
68 2 33 2
45 1 72 1
67 0 18 2
28 0 3 1
40 0 23 2
11 0 19 2
43 0 4 1
37 0 94 1
21 1 45 2
19 0 5 2
42 0 33 2
54 0 71 2
33 0 73 2
98 1 42 1
28 0 95 1
9 0 39 2
76 2 1 2
74 1 58 2
26 0 71 1
31 1 82 1
62 0 24 2
60 1 13 1
47 0 74 2
1 0 77 2
59 0 81 1
21 0 69 1
15 0 1 1
93 1 55 1
27 0 98 2
89 1 100 2
31 0 13 1
47 0 78 1
54 0 74 1
5 0 52 1
44 0 4 2
45 0 78 1
62 0 63 2
64 0 55 2
42 1 86 2
31 2 54 1
58 0 80 2
18 2 55 2
97 0 70 1
33 2 83 2
15 0 53 1
34 0 33 2
85 0 19 1
50 0 2 0
80 0 46 1
68 1 3 1
13 1 22 2
22 0 62 2
8 1 97 1
10 0 26 2
52 0 87 1
45 0 81 1
13 0 25 0
42 1 54 1
28 0 44 2
54 0 74 1
17 2 41 2
21 0 69 2
67 0 55 2
43 0 72 0
71 0 96 1
42 2 4 2
83 2 41 1
98 0 95 1
26 0 40 2
89 0 84 1
45 0 79 2
90 0 24 2
72 1 28 1
46 0 41 1
51 0 59 1
4 0 17 1
79 0 46 1
50 1 90 2
24 0 78 2
74 0 8 1
51 0 12 1
97 0 20 2
1 0 89 2
30 0 33 1
2 0 64 1
35 0 20 1
74 1 80 2
23 0 99 1
46 2 55 2
97 0 61 2
68 0 98 0
12 0 10 0
77 1 56 1
86 0 56 2
76 1 86 2
25 2 10 1
100 0 74 2
98 0 3 2
69 0 5 2
49 2 29 1
86 2 2 1
18 0 65 2
1 2 28 2
61 1 70 2
70 0 5 1
49 0 55 1
6 2 59 2
48 0 43 2
8 0 45 1
6 2 59 2
61 0 95 1
11 0 78 2
5 0 30 2
24 0 61 1
29 0 34 0
98 0 93 1
35 1 4 2
93 0 89 2
33 0 18 1
23 0 46 2
12 2 57 2
87 0 86 1
89 1 47 2
26 2 99 1
61 2 78 2
3 1 50 1
26 2 32 2
65 0 90 2
56 0 26 1
56 0 54 0
26 2 35 1
8 0 92 1
60 1 49 2
70 1 43 2
49 2 90 1
58 0 89 2
41 0 60 1
4 0 77 1
27 0 31 1
81 0 28 2
80 0 65 1
77 1 4 2
50 0 58 1
18 0 94 0
35 1 49 2
99 0 1 1
82 0 16 2
91 0 75 1
12 1 9 1
11 1 45 1
59 2 34 2
79 0 9 2
48 1 41 2
26 1 87 1
36 0 62 0
47 0 89 2
96 2 66 1
57 0 94 2
62 0 23 1
20 1 62 1
100 0 90 0
94 2 28 2
22 2 100 2
46 1 94 1
47 0 90 2
84 2 37 2
50 0 81 1
15 1 9 2
19 0 36 1
37 1 23 1
71 0 12 1
29 0 33 1
70 2 43 2
16 1 37 2
10 0 31 2
21 0 100 0
86 1 20 1
64 0 23 2
54 0 93 2
48 0 82 1
89 1 100 1
22 0 89 1
90 0 42 0
35 0 20 1
58 0 26 2
4 0 32 2
29 0 35 1
13 0 4 2
83 0 36 0
56 1 84 1
