500 3991
249 0 344 1
415 0 139 1
177 2 430 2
486 0 434 1
176 0 154 2
212 0 493 2
40 2 13 2
181 0 427 1
492 1 322 2
303 1 299 2
307 2 425 2
253 1 265 1
438 1 338 2
248 0 67 1
181 0 431 1
255 0 480 1
371 0 176 1
151 1 225 2
124 0 468 2
366 1 431 1
145 1 253 2
197 0 88 2
303 1 296 2
183 1 226 2
488 0 96 0
285 1 60 2
106 1 343 2
415 1 322 2
486 0 155 1
287 0 185 0
188 1 128 2
206 2 47 2
183 0 221 2
248 0 444 1
472 0 487 0
162 0 35 1
419 1 340 1
448 1 369 2
493 0 405 1
486 0 474 1
212 0 300 2
171 1 463 2
139 0 10 1
149 0 299 2
429 0 198 2
498 0 336 2
210 0 140 0
171 0 452 2
95 1 269 2
500 0 105 1
251 0 469 2
424 0 489 1
400 1 127 2
434 0 450 1
5 1 499 2
219 1 314 1
356 0 421 1
51 2 484 2
280 0 52 0
83 0 100 1
330 1 451 2
164 0 385 2
389 1 410 2
328 0 400 2
125 1 292 2
27 2 264 2
177 1 410 2
83 1 290 2
302 0 387 1
22 1 332 2
62 0 105 2
395 2 234 2
456 0 373 2
477 1 273 1
55 1 56 2
356 0 108 1
143 0 182 1
74 0 35 1
375 0 385 1
346 1 164 0
19 1 286 2
305 0 75 2
316 0 105 2
39 1 353 1
140 0 424 2
289 0 177 2
189 0 376 2
186 2 208 2
211 1 95 2
14 1 377 2
277 1 449 2
212 0 426 2
276 0 488 1
196 2 369 2
113 0 198 2
90 1 318 2
276 1 422 2
389 1 178 0
129 0 202 2
193 1 180 1
335 1 423 2
104 0 349 2
202 0 467 1
108 0 247 1
302 0 402 0
374 2 205 2
3 0 461 2
7 1 334 2
354 0 191 0
410 1 405 2
63 1 78 2
341 1 342 2
269 1 8 2
230 1 321 1
496 0 45 1
477 1 199 1
36 0 130 0
366 1 168 2
62 0 37 1
237 0 430 2
309 0 29 1
345 1 295 2
139 1 228 2
207 1 426 2
76 0 438 2
49 0 157 2
423 1 18 2
43 0 22 2
312 1 381 2
477 1 465 2
480 0 57 1
170 0 267 0
304 0 477 1
79 0 426 2
267 1 49 2
339 1 321 2
262 1 404 2
369 0 158 0
329 2 310 2
450 0 366 0
316 0 408 2
327 1 101 1
318 0 487 0
455 2 98 2
293 2 174 2
249 0 386 1
317 1 203 2
239 2 99 2
250 1 144 2
488 2 469 2
374 0 163 1
164 0 289 2
463 0 5 2
202 1 175 2
356 0 12 2
118 0 456 2
300 0 380 2
295 1 81 2
288 0 345 2
402 0 31 0
149 0 310 2
185 2 272 2
67 0 342 2
229 1 288 2
148 1 229 2
320 1 283 0
282 1 43 1
486 0 82 1
187 0 211 1
67 0 266 1
404 1 385 1
61 0 233 2
202 0 154 1
297 0 432 2
83 0 463 0
466 0 236 2
28 1 390 2
412 0 213 1
398 0 102 1
287 1 467 2
253 2 446 2
128 1 416 1
193 0 495 2
339 0 133 1
418 1 380 2
363 0 280 2
218 1 245 1
11 0 373 1
261 0 158 1
483 1 177 2
325 0 249 1
131 0 237 1
320 2 141 2
166 0 441 2
110 0 262 2
18 0 175 2
375 2 484 2
329 0 456 0
441 0 147 2
77 1 38 1
161 1 455 2
434 1 475 2
292 0 458 2
206 2 24 2
222 0 406 1
12 0 132 0
409 1 345 2
122 2 437 2
446 0 328 2
146 1 7 2
343 2 491 2
322 1 198 2
257 1 435 2
432 0 207 1
86 0 378 2
188 2 189 2
419 0 41 2
418 0 89 1
208 1 349 2
93 2 243 2
355 0 498 0
344 1 78 2
235 0 59 0
493 0 404 2
279 0 13 2
49 1 340 2
218 1 351 2
412 1 443 2
344 1 54 2
350 0 217 1
51 1 179 2
97 1 47 2
140 1 28 1
360 0 447 2
120 0 331 1
237 1 124 2
30 1 418 2
57 1 71 2
25 2 14 2
376 0 57 0
162 0 247 2
207 1 419 1
287 1 327 2
435 0 206 0
451 0 217 2
404 1 112 0
452 0 297 1
294 0 269 1
396 0 327 1
440 0 86 2
460 1 455 2
164 1 204 2
233 1 340 2
82 0 284 2
279 1 158 2
319 1 452 1
476 0 111 2
362 1 260 2
280 2 371 2
223 1 349 2
191 0 28 1
427 1 125 2
383 0 288 2
459 0 8 2
362 1 281 2
358 0 340 1
229 1 491 0
112 1 47 2
114 0 61 1
370 1 105 1
174 0 16 1
192 0 105 2
145 0 48 1
233 0 216 2
43 1 282 2
12 0 477 0
484 1 406 2
106 0 23 2
305 0 416 2
408 1 163 2
220 0 251 0
149 1 398 1
78 1 175 2
167 0 303 0
290 0 315 1
414 0 147 1
23 1 467 2
309 0 159 1
270 0 362 2
489 0 452 0
205 0 121 2
369 1 320 2
189 0 228 2
95 0 255 2
445 1 111 0
272 1 107 2
326 1 249 2
94 0 290 0
307 1 269 2
82 1 452 2
437 0 382 1
439 0 168 2
211 1 225 2
132 1 316 2
20 1 59 2
214 0 168 1
387 1 339 0
104 1 322 2
133 0 325 2
96 1 341 1
337 1 3 2
481 0 168 2
455 1 334 2
92 0 254 2
288 0 375 2
66 0 22 2
18 0 150 2
162 1 68 2
500 1 286 2
220 1 199 2
474 0 432 2
148 1 459 2
266 1 184 2
271 2 19 2
464 0 175 2
335 0 209 1
408 0 200 1
144 1 184 2
1 0 413 2
87 0 180 0
481 0 198 2
54 1 455 2
133 0 325 2
41 0 138 0
430 0 357 2
400 0 148 1
244 0 230 2
20 0 8 1
147 0 393 1
213 2 133 2
384 2 51 2
434 0 257 2
243 1 288 2
332 0 236 1
23 0 91 2
186 1 267 1
211 0 358 1
219 2 213 2
497 1 434 2
461 0 311 0
398 1 461 2
358 0 290 1
444 0 467 2
153 0 466 2
360 0 324 2
330 2 158 2
169 0 354 1
386 0 401 0
93 0 136 1
195 0 271 1
292 0 160 2
164 1 353 2
121 0 70 0
368 0 195 2
16 0 304 2
409 0 367 1
294 0 2 1
69 0 89 2
299 0 490 1
311 0 312 2
290 1 268 1
127 1 426 2
447 0 445 1
298 1 395 2
63 0 69 0
111 0 328 2
367 1 480 2
380 0 197 1
214 1 462 2
235 0 379 2
496 1 222 2
117 0 260 2
192 2 89 2
358 0 206 2
318 0 47 1
386 1 66 2
329 0 300 1
95 0 284 2
109 0 470 1
422 1 103 1
493 1 323 2
465 1 58 2
257 2 232 2
316 0 233 2
458 1 177 2
323 1 333 2
354 1 488 2
398 1 197 2
81 0 207 2
46 1 24 1
473 1 258 2
209 0 33 1
50 0 176 2
216 0 372 2
346 1 258 2
436 1 169 1
19 1 358 2
356 0 125 1
299 1 483 2
75 0 460 0
187 0 214 2
2 0 335 1
334 0 7 1
131 0 470 1
135 1 351 2
159 0 280 1
467 2 3 2
441 1 11 2
316 0 345 2
350 1 74 2
20 0 406 2
34 1 126 2
366 1 121 2
50 0 12 2
212 0 32 1
142 0 82 0
36 1 480 1
441 0 262 2
239 0 498 1
5 0 270 1
497 2 482 2
184 0 301 1
140 2 192 2
285 2 14 2
267 0 192 0
284 0 372 0
395 2 363 2
287 1 303 0
7 1 96 2
301 1 157 2
108 0 477 2
172 0 17 2
7 0 94 2
293 1 32 1
178 1 490 2
420 1 411 2
49 1 75 2
180 0 159 2
209 1 92 2
240 0 252 1
254 0 213 2
353 1 116 2
181 0 190 1
334 1 391 2
453 0 150 1
157 1 119 1
232 2 413 2
155 1 244 2
213 0 105 1
362 2 135 2
19 0 483 2
298 1 498 2
67 0 364 0
190 0 258 1
326 1 350 2
376 0 90 0
349 1 10 2
438 1 20 1
433 1 90 0
21 1 71 2
81 0 267 1
478 0 401 0
26 0 460 2
435 1 325 2
97 0 358 2
419 2 103 2
38 0 253 2
275 2 444 2
108 1 208 2
244 1 336 2
142 1 291 2
328 1 430 1
41 1 114 2
160 2 42 2
343 1 480 1
180 1 106 2
97 0 36 1
248 0 442 1
41 1 491 1
289 0 497 2
249 1 273 2
51 0 458 0
30 1 367 2
61 0 174 0
73 0 231 1
489 1 38 0
249 0 225 1
494 1 355 2
319 1 175 2
493 1 357 2
168 0 477 2
138 1 454 2
455 0 213 1
435 0 229 1
447 0 193 2
110 0 302 0
19 0 172 1
13 0 150 2
21 0 486 1
130 0 455 2
321 0 447 2
157 0 218 2
278 2 87 2
118 0 104 1
179 0 261 2
155 0 113 2
434 0 27 2
457 0 429 1
291 1 163 2
439 1 223 1
484 1 463 2
413 1 463 2
33 1 112 2
333 1 499 1
446 0 116 1
169 2 191 2
205 1 182 2
407 0 371 0
397 1 48 2
164 0 499 2
410 1 132 2
155 0 74 2
70 1 399 1
78 0 395 2
285 0 431 1
3 0 46 1
427 2 68 2
63 0 467 0
179 0 110 2
275 2 418 1
147 1 467 2
485 0 310 1
313 0 304 1
237 0 479 1
359 1 6 2
498 0 339 2
358 0 468 1
67 1 434 1
418 0 302 2
254 1 365 2
427 0 500 1
294 0 170 2
160 0 311 1
169 1 185 2
92 1 253 2
242 1 122 2
421 2 395 2
417 0 429 0
290 0 264 2
260 1 371 2
212 0 46 2
245 0 287 2
461 1 212 2
114 1 403 2
406 0 208 1
137 0 450 2
304 1 80 2
124 1 412 2
174 0 226 2
15 1 8 2
447 1 414 1
406 2 244 2
220 0 328 2
159 2 496 2
113 1 243 2
160 0 422 0
158 1 304 1
426 1 133 0
205 0 375 2
331 1 159 2
185 0 162 1
368 0 238 2
96 0 249 2
257 1 86 1
241 0 365 1
309 0 275 2
406 1 459 2
266 1 83 1
404 2 386 2
191 0 320 2
181 0 273 2
88 0 71 2
65 1 71 2
13 0 300 1
404 2 149 2
100 0 480 2
316 0 92 2
184 0 335 2
95 1 262 2
2 0 183 1
496 1 81 2
216 1 475 2
37 0 299 1
342 2 393 2
269 1 56 1
490 1 471 2
299 2 429 2
105 1 368 1
49 0 276 2
362 2 295 2
6 0 491 1
289 0 429 1
49 1 219 2
46 1 204 2
132 1 4 2
36 0 381 0
390 0 63 2
44 1 497 2
181 0 32 1
449 0 330 2
274 1 321 2
369 0 117 1
416 0 193 2
298 1 76 1
211 1 356 2
481 0 407 2
135 0 255 2
138 0 345 1
396 0 158 1
338 1 376 1
336 0 324 0
245 1 477 2
126 0 109 1
477 1 486 1
486 0 481 0
320 1 479 1
384 0 428 1
11 1 243 1
173 0 209 2
98 2 81 2
86 0 497 2
190 0 111 1
241 1 292 2
369 2 277 2
27 1 232 1
389 0 252 0
320 0 6 0
298 1 288 2
118 0 398 2
244 1 462 2
402 0 68 1
123 1 460 1
211 1 24 2
254 0 290 2
331 0 297 2
132 0 396 1
5 1 428 2
365 0 28 0
216 0 25 1
129 0 368 2
423 0 262 1
365 0 19 2
142 1 270 2
30 0 317 0
331 0 106 2
150 1 203 1
232 0 23 2
169 0 38 1
194 2 463 2
257 1 244 2
185 0 174 2
425 1 176 2
202 1 88 2
463 0 89 1
413 1 466 2
203 2 114 2
299 0 125 0
280 0 179 1
105 1 125 1
10 1 378 1
107 0 420 2
430 0 203 1
370 2 99 2
214 2 72 2
210 2 108 2
489 0 329 1
224 0 373 1
160 0 315 2
382 0 323 0
344 2 187 2
20 1 6 2
111 0 223 2
496 1 193 2
405 0 337 1
136 0 2 1
259 0 158 1
38 0 234 1
316 0 236 2
323 0 440 1
460 0 18 2
36 2 153 2
169 0 23 2
383 0 31 1
399 0 127 2
114 0 11 2
472 0 384 1
228 0 121 2
133 1 312 2
165 0 225 2
485 0 50 1
494 1 205 2
195 0 456 1
296 2 159 2
35 1 188 2
264 0 404 2
91 0 37 1
223 0 452 1
222 0 476 0
499 1 454 1
250 1 465 2
127 1 204 1
407 1 398 2
5 0 231 0
129 1 367 2
244 0 376 1
228 0 44 1
209 0 93 1
48 0 92 2
282 0 329 1
442 0 269 1
220 0 396 0
475 0 179 1
390 1 237 2
295 1 417 1
100 1 496 2
329 0 349 2
84 0 493 1
300 1 386 2
322 0 67 1
238 0 472 1
7 0 155 1
458 1 170 1
431 1 276 2
398 1 294 2
227 1 432 1
250 2 347 2
47 0 225 0
140 1 213 2
376 0 57 1
240 0 175 2
455 0 492 0
279 0 335 1
388 2 401 2
273 1 181 1
224 2 311 2
289 0 275 2
225 2 259 2
470 0 129 2
110 2 67 2
427 1 129 2
208 0 386 1
92 0 197 0
197 0 473 2
133 0 443 2
142 1 8 2
241 0 189 1
190 1 225 2
310 1 155 0
276 1 389 2
279 0 2 2
382 0 436 1
318 0 35 1
295 1 41 2
14 0 323 0
414 1 392 2
96 0 400 2
182 2 93 2
432 1 426 2
346 1 289 2
36 2 429 2
50 0 439 2
182 1 74 0
73 0 450 1
412 1 214 2
40 2 181 2
451 1 300 2
217 1 27 2
440 0 452 2
319 0 138 1
153 0 99 0
235 1 124 0
460 0 441 1
9 0 202 1
349 0 171 2
118 0 480 2
336 0 171 1
418 1 199 2
232 2 159 2
242 0 414 1
244 0 107 0
148 0 483 2
320 1 475 2
93 1 57 0
303 0 447 2
423 0 152 2
425 0 268 1
120 1 331 2
455 0 375 1
324 0 342 1
97 0 349 1
5 0 98 1
22 1 177 2
190 1 12 2
247 1 219 2
203 0 498 1
77 0 390 2
327 0 403 1
309 1 388 2
306 0 202 1
387 2 405 2
486 0 242 2
50 0 368 1
238 1 412 2
412 1 297 2
247 0 140 1
311 1 452 2
428 0 347 1
181 1 96 2
252 2 191 2
25 0 304 2
473 0 490 1
411 0 361 2
39 1 308 2
199 1 490 2
473 1 310 2
298 1 162 2
130 0 451 1
232 1 279 1
198 0 374 1
388 1 485 1
262 0 246 1
157 0 192 1
396 0 451 2
353 0 7 0
460 1 490 2
362 0 216 0
93 0 308 0
146 1 283 0
46 0 18 0
83 1 312 1
247 0 166 0
239 1 40 2
199 0 22 2
421 1 158 0
284 1 453 2
61 0 147 2
318 0 185 1
225 1 440 0
127 1 95 1
175 0 248 2
359 1 291 2
82 0 489 2
154 1 200 2
185 1 168 2
115 2 86 2
320 2 298 2
265 1 403 1
181 1 58 2
378 1 141 1
74 1 319 2
41 1 462 2
469 0 145 1
268 0 213 1
337 1 488 2
140 1 326 2
440 1 55 2
94 1 378 2
415 0 252 2
85 1 106 0
366 2 133 2
457 0 93 2
322 0 384 2
35 0 377 2
354 0 396 2
427 1 301 0
219 1 446 1
498 1 124 2
253 0 386 2
91 0 457 2
377 0 139 2
247 0 355 1
16 0 339 1
440 1 403 2
248 0 413 2
197 1 380 1
230 0 156 2
147 0 249 1
408 0 84 2
20 1 134 1
303 0 158 2
14 0 146 2
128 0 430 1
124 0 426 2
50 0 228 2
122 0 141 0
85 1 293 2
438 1 264 0
25 0 194 0
395 1 485 1
369 0 365 2
59 0 332 1
269 0 3 2
43 0 180 0
178 0 444 2
320 1 351 0
483 1 160 2
458 0 259 0
396 1 51 2
21 2 493 2
274 1 312 2
28 0 342 2
483 2 484 2
272 1 372 2
27 1 330 2
63 1 359 2
299 1 406 2
471 1 54 2
313 0 96 1
495 2 283 2
315 1 264 2
385 0 319 1
324 2 83 2
441 0 282 1
306 1 345 2
448 0 152 2
306 0 41 2
321 1 271 2
474 1 97 1
310 0 144 2
229 0 382 2
43 1 457 2
247 1 377 2
440 0 80 2
83 1 189 2
82 1 146 2
479 0 408 0
114 0 222 1
87 1 178 2
386 1 434 2
472 0 84 2
23 0 419 1
411 1 396 2
315 0 473 0
325 0 395 1
330 1 447 2
488 0 217 0
449 1 316 2
155 2 380 2
341 0 132 2
185 0 497 2
56 1 267 1
445 1 65 2
124 0 452 2
5 0 257 1
454 0 50 2
476 0 489 2
8 0 183 1
423 0 221 2
305 1 214 2
237 0 421 2
484 1 480 2
82 0 219 2
492 2 166 2
176 0 444 2
132 0 368 0
241 0 301 2
55 1 303 2
133 2 383 2
322 0 170 0
264 1 423 2
69 0 396 2
471 1 278 2
296 1 440 2
395 0 271 2
399 0 442 2
263 0 111 0
191 0 23 2
470 0 264 2
133 0 494 2
98 1 446 2
196 1 282 1
236 1 205 1
41 0 414 2
29 0 49 1
15 0 70 1
2 1 75 2
171 1 187 2
447 0 256 1
323 0 132 2
68 0 98 0
146 0 127 0
64 0 208 1
238 0 249 2
263 0 218 2
456 0 254 0
427 0 87 1
39 2 70 2
196 1 474 1
271 0 438 2
73 2 201 2
477 1 403 2
202 1 138 1
202 1 34 1
102 0 152 0
466 0 289 1
259 0 442 1
167 0 197 0
391 1 7 2
253 0 221 2
369 0 343 1
498 1 223 2
9 0 491 1
104 1 239 2
90 1 486 2
425 1 467 2
240 1 226 1
60 0 337 1
369 0 484 1
254 1 330 2
12 1 108 1
98 1 322 2
58 1 118 0
170 0 117 1
367 1 114 1
462 2 245 2
133 0 300 1
117 1 164 1
482 0 478 1
148 0 120 2
82 0 362 2
29 0 494 2
203 0 305 0
195 0 138 2
108 0 300 2
162 0 447 2
14 1 354 2
67 2 130 2
340 0 433 1
209 0 83 2
31 0 484 2
344 2 70 2
194 0 142 2
486 0 317 2
325 0 38 0
22 2 470 2
281 1 35 2
381 0 171 2
16 0 291 2
226 0 258 1
267 1 387 2
407 1 97 0
273 0 317 1
214 1 213 1
24 1 253 2
437 1 415 1
197 1 126 1
277 0 188 2
161 2 174 2
498 0 421 2
97 0 427 2
154 0 222 2
426 0 94 1
223 1 264 2
122 1 131 0
486 0 232 1
467 0 370 1
55 0 297 2
418 0 106 2
472 0 419 2
222 1 484 2
169 0 212 1
256 0 479 2
7 0 137 2
413 0 260 2
484 0 311 0
248 1 214 2
438 0 426 1
336 1 7 1
102 0 224 2
27 0 379 1
3 1 441 1
395 0 81 1
317 0 37 2
313 1 128 2
366 1 116 2
103 0 475 1
299 1 43 1
5 0 86 1
308 1 93 2
51 0 53 2
189 1 51 2
139 1 255 2
360 0 35 1
157 1 339 2
293 0 79 2
48 0 214 2
82 1 344 2
163 2 170 2
467 0 350 2
192 1 357 2
416 1 167 2
239 0 152 1
488 2 10 2
216 0 275 2
411 1 111 2
451 0 350 2
280 0 80 1
135 0 201 2
70 1 104 2
206 0 107 1
386 0 277 1
368 0 490 2
63 0 250 2
53 1 127 2
132 0 401 0
65 0 284 2
367 0 165 0
127 0 58 1
148 0 59 2
133 1 123 1
269 0 296 1
153 1 3 2
362 0 414 2
6 1 379 2
468 1 383 2
210 0 35 2
361 1 403 2
170 0 406 1
198 1 319 2
310 1 416 2
5 0 463 0
452 1 357 2
478 2 217 2
232 1 285 1
199 1 143 1
367 2 40 2
105 0 459 2
230 0 306 0
233 0 216 1
330 1 437 2
453 2 304 2
391 1 373 2
47 1 372 2
35 0 379 2
329 0 285 0
466 1 449 1
214 0 120 1
242 1 489 2
435 1 87 0
219 0 149 1
231 0 354 1
484 1 47 2
437 1 376 2
197 2 313 2
155 1 135 2
142 0 356 0
366 0 377 1
481 0 429 1
219 2 374 2
213 0 60 2
51 1 341 0
35 1 301 1
67 1 500 1
135 0 127 2
13 0 267 1
381 0 355 2
88 0 381 2
393 0 225 1
191 0 410 1
348 1 405 2
279 1 71 2
247 0 497 2
150 0 479 1
309 0 497 2
176 1 179 2
360 0 272 2
345 0 39 0
399 0 253 2
43 0 26 1
263 0 490 1
196 0 55 1
321 0 18 2
284 2 371 2
232 2 330 2
55 0 264 2
76 0 385 2
179 1 419 2
411 1 105 2
65 0 492 2
258 0 319 2
22 0 224 2
182 0 39 1
204 0 280 1
179 0 143 1
166 0 329 2
192 1 490 1
474 0 110 2
240 1 206 2
69 0 35 2
461 0 168 1
496 0 383 2
11 2 21 2
117 1 390 2
177 0 127 0
370 0 32 2
120 0 491 0
47 2 470 2
273 1 103 1
260 1 10 1
51 0 246 2
93 2 444 2
58 1 411 2
187 2 181 2
307 1 117 2
249 1 51 2
117 0 382 2
474 0 71 1
358 0 199 1
313 0 381 2
257 0 488 2
482 0 396 1
325 0 291 2
340 2 401 2
416 1 463 2
191 0 291 2
299 2 330 2
220 1 165 1
402 0 347 0
500 1 68 2
108 1 130 2
404 1 260 1
213 2 22 2
489 2 28 1
59 1 139 2
196 1 360 1
42 1 405 2
448 0 312 0
275 0 251 2
229 1 318 2
315 0 391 1
70 0 234 1
449 0 337 2
377 1 148 0
267 1 208 1
152 0 215 1
284 0 324 0
228 0 191 1
71 0 122 2
92 1 252 2
124 1 416 1
401 0 275 2
457 1 365 1
86 1 109 2
342 0 123 2
258 2 235 2
469 1 396 1
92 0 340 1
187 0 330 2
140 0 106 0
281 0 223 1
402 0 228 0
323 0 421 2
472 1 113 2
463 0 65 2
209 1 467 2
354 0 68 2
177 0 327 0
231 0 263 1
414 1 337 2
289 1 268 2
468 0 420 1
253 1 256 0
443 2 409 2
289 0 357 1
13 0 338 2
327 0 11 1
244 1 474 2
276 0 480 0
376 0 451 1
392 0 339 1
393 0 416 0
71 0 167 0
37 1 38 1
129 2 34 2
106 2 256 2
376 0 52 2
483 2 226 2
331 0 103 1
330 0 331 1
44 0 441 2
428 2 155 2
331 0 123 1
285 0 112 2
297 0 312 0
72 0 328 2
468 1 428 2
277 0 54 1
155 0 494 2
281 1 486 2
338 1 71 2
186 0 125 1
203 0 321 1
497 0 260 2
207 2 494 2
171 0 32 2
494 0 176 1
28 1 256 1
281 0 161 1
179 0 269 2
462 0 439 1
111 1 126 2
258 1 35 1
255 1 193 2
143 0 390 2
91 0 4 1
449 1 438 2
163 0 6 1
228 0 38 2
384 0 396 2
162 0 28 2
150 0 478 2
409 1 497 2
253 0 167 1
214 1 108 2
27 0 350 0
142 0 449 1
408 0 431 2
55 0 294 1
263 2 70 2
222 1 330 2
192 2 446 2
306 0 343 1
308 1 380 1
477 0 68 2
170 0 15 0
396 0 445 1
243 1 47 2
317 0 48 0
357 1 81 0
106 0 49 2
390 0 231 1
227 0 239 2
253 0 366 0
440 0 198 2
190 1 128 2
335 0 257 2
109 0 183 1
251 0 357 2
254 0 496 1
448 0 306 1
400 0 466 2
351 0 416 2
360 0 492 2
31 0 176 2
391 0 373 1
97 0 53 0
99 1 186 1
10 1 463 2
151 1 238 2
384 2 44 2
362 1 44 1
237 0 376 1
210 2 222 2
181 0 287 2
273 1 468 2
34 0 415 1
468 0 390 1
266 2 64 2
140 0 235 1
192 0 137 2
385 0 326 0
446 0 83 1
101 1 328 2
29 1 420 2
200 1 427 2
70 0 330 2
156 0 480 2
115 0 193 2
220 0 330 0
489 0 435 2
364 1 259 1
85 0 485 2
362 0 372 2
437 0 487 2
483 0 297 2
319 1 64 2
349 0 427 1
127 0 436 2
124 0 38 0
60 2 412 2
267 1 401 1
356 1 203 2
458 1 141 2
361 0 108 0
203 1 130 1
107 0 204 2
433 0 8 2
127 0 430 2
109 0 381 1
133 0 403 2
118 0 315 2
489 2 102 2
148 1 471 2
474 0 485 2
239 0 38 2
446 0 318 2
257 0 420 2
425 1 328 2
399 1 487 2
487 0 105 2
418 0 65 1
217 1 100 0
44 1 245 2
331 1 125 1
313 0 356 2
415 0 226 1
385 0 366 2
422 0 236 2
426 2 363 1
307 2 81 2
125 0 164 0
94 2 288 2
461 0 143 2
270 0 37 1
346 0 436 2
226 1 303 2
405 0 290 0
227 1 150 2
372 1 224 2
259 0 389 2
262 1 355 1
22 1 275 2
47 0 322 1
340 0 359 0
385 1 347 2
137 1 310 2
459 0 94 2
431 0 241 1
133 0 287 2
182 0 12 2
341 1 439 2
146 0 261 2
459 1 294 2
73 0 328 2
26 0 230 1
416 0 472 2
252 1 121 1
500 0 357 2
84 1 137 1
48 1 65 2
68 0 241 1
375 0 430 2
119 0 167 2
175 0 431 0
494 0 186 1
310 2 472 2
256 1 330 2
178 1 343 2
443 0 171 1
254 0 337 1
54 0 95 1
143 0 490 2
99 0 441 1
175 0 95 0
226 0 195 0
478 1 164 0
238 0 230 1
88 1 449 2
263 0 471 2
495 0 448 2
229 0 404 1
221 0 390 2
458 0 279 0
64 0 240 0
335 0 390 2
495 1 399 1
491 0 273 2
446 1 11 2
375 0 387 2
382 2 145 2
60 0 333 2
72 0 389 2
341 0 281 2
188 1 25 1
116 0 402 0
158 1 345 2
46 0 107 0
36 0 257 1
303 0 312 1
219 2 162 2
56 0 76 1
444 2 181 2
137 1 87 2
464 1 229 2
138 0 349 1
7 0 297 2
85 1 104 0
452 0 284 1
263 1 312 2
299 0 209 0
309 1 253 2
424 0 416 0
457 2 89 2
188 1 475 2
122 0 279 1
123 0 31 1
461 0 276 1
365 1 322 2
189 0 68 1
66 1 22 2
386 1 384 2
413 0 78 2
485 0 481 0
189 0 447 2
497 0 141 2
485 0 199 1
400 1 499 2
491 1 352 2
188 0 93 0
415 1 296 2
479 1 130 2
182 1 203 2
130 0 11 1
50 0 210 1
8 1 353 1
392 0 415 2
147 0 224 1
490 1 497 2
450 0 307 2
119 1 293 2
23 2 66 2
285 1 78 2
18 0 435 2
473 2 228 2
415 0 21 2
47 1 310 1
31 2 335 2
22 1 395 2
379 1 140 1
341 1 353 2
246 1 164 0
291 1 416 1
144 0 98 1
45 0 267 1
159 0 180 2
46 0 5 2
185 2 74 2
268 1 156 2
178 1 213 2
340 0 58 1
441 0 422 2
239 0 303 0
369 0 147 2
320 0 77 0
153 0 455 2
83 0 271 1
13 0 472 1
30 0 476 2
489 1 245 0
23 1 301 1
473 1 41 2
454 0 244 1
305 1 287 2
32 1 307 2
28 0 382 2
116 1 413 0
457 0 151 1
24 0 1 1
32 0 278 2
117 0 393 2
95 0 129 1
464 0 205 1
396 0 400 0
161 2 199 2
206 1 341 1
156 0 202 0
237 1 221 2
82 0 386 1
296 2 399 1
385 1 364 1
307 0 341 2
406 2 422 2
9 0 268 2
71 1 481 2
318 0 492 1
468 1 59 2
201 0 236 2
299 1 19 2
364 0 167 2
74 1 492 2
266 0 92 1
464 0 81 2
366 0 177 2
32 0 410 2
429 0 212 2
480 1 283 2
62 1 264 1
370 1 260 2
140 0 73 2
43 1 323 2
340 0 420 2
66 0 342 2
143 2 144 2
63 2 51 2
292 0 149 1
497 0 236 1
387 1 331 1
255 0 177 2
269 0 357 1
463 0 442 1
114 0 284 2
103 1 397 1
420 1 194 2
322 1 444 1
205 0 489 2
392 1 108 2
361 1 57 2
448 0 464 1
39 2 500 2
82 1 24 2
318 1 422 1
499 1 79 2
254 0 61 1
244 0 357 1
444 1 311 2
374 1 340 1
99 0 24 2
356 0 14 1
69 0 422 1
192 1 59 2
251 0 389 2
104 1 341 2
138 0 318 1
183 0 162 1
337 0 487 1
440 0 431 1
39 1 404 2
52 1 473 2
492 1 374 2
422 0 198 1
223 2 228 2
422 0 27 1
7 0 176 2
246 0 58 2
116 2 107 2
135 1 170 2
458 0 374 2
136 1 77 2
464 0 104 2
221 1 25 2
406 1 123 1
229 0 86 1
483 0 193 1
386 0 383 1
294 2 245 2
219 1 353 2
162 0 389 2
24 0 178 1
444 0 280 2
18 0 307 1
411 0 432 2
351 1 480 2
447 1 88 0
240 0 494 2
259 0 306 1
373 0 481 0
157 0 142 2
487 0 275 2
350 0 474 0
370 1 91 2
280 0 382 2
118 0 377 2
311 1 448 2
254 0 461 1
367 0 274 2
32 0 76 1
70 0 215 1
300 0 412 2
272 0 203 2
31 1 9 2
76 0 98 2
437 1 410 1
155 0 302 2
131 1 403 2
277 1 72 2
492 0 65 1
78 0 500 2
62 1 421 2
36 1 466 2
259 0 58 2
101 0 404 2
416 0 404 2
405 0 107 1
365 1 293 2
111 0 20 2
210 1 28 0
153 0 462 2
490 1 478 2
4 0 258 2
134 0 133 2
385 0 157 1
206 1 323 1
155 1 101 2
402 0 482 1
106 1 73 2
87 0 194 1
164 0 35 2
425 0 174 1
34 0 289 2
343 1 175 2
208 0 402 1
227 0 105 1
340 0 352 2
142 1 465 1
87 1 311 2
35 0 420 2
231 1 64 2
329 0 151 1
270 0 94 1
102 2 116 2
245 2 357 1
184 2 326 2
435 0 266 2
300 0 483 1
114 1 93 2
136 2 408 1
367 0 285 1
500 1 375 2
248 0 315 0
76 0 157 2
449 1 420 2
434 0 465 2
78 0 175 2
280 1 177 2
400 0 383 0
499 2 282 2
452 0 214 1
227 2 313 2
198 1 412 0
234 1 21 2
333 1 166 1
401 1 284 2
83 0 438 2
192 0 296 1
370 0 169 1
192 1 405 2
327 0 474 1
132 0 289 0
145 1 395 2
496 0 447 2
68 1 303 1
477 1 15 1
371 0 75 2
491 1 242 2
393 0 212 2
119 1 133 2
309 0 106 0
205 1 482 2
486 1 338 2
483 2 310 2
480 0 254 1
248 1 108 2
248 1 408 0
82 0 270 2
87 1 1 2
221 1 375 2
268 0 215 2
485 0 405 2
235 0 93 2
39 1 195 2
38 0 438 2
272 0 490 1
497 1 466 2
335 0 478 2
158 0 38 0
8 1 365 2
178 0 93 2
460 1 261 2
381 0 294 2
363 0 182 2
207 0 79 1
358 1 225 2
417 1 403 2
39 1 97 2
195 1 4 1
24 0 39 1
365 0 379 2
17 0 465 2
390 0 445 1
98 0 317 2
78 1 390 1
62 1 49 1
485 0 310 2
444 0 210 2
181 0 274 2
244 2 114 2
14 0 303 2
21 1 211 0
423 0 54 2
360 1 338 2
160 1 176 1
170 1 213 2
136 1 337 2
461 1 420 2
353 0 85 2
457 0 441 2
82 0 343 2
62 1 237 2
147 2 105 2
228 0 20 2
162 0 376 2
230 0 169 1
1 0 59 2
327 0 353 2
82 0 27 2
239 1 60 2
118 1 71 2
347 0 271 2
47 0 375 2
270 0 43 0
386 0 207 1
285 1 429 2
153 1 339 1
407 0 466 1
151 0 30 0
187 1 375 2
167 1 162 2
260 2 385 2
495 0 339 1
378 0 270 2
257 1 43 1
228 0 417 2
393 0 48 0
213 2 16 2
310 1 197 2
162 0 233 2
103 1 126 2
488 2 198 2
185 0 342 1
328 0 106 0
49 0 308 2
5 1 491 2
390 1 8 2
493 0 427 2
340 0 402 0
130 0 6 1
112 1 337 2
436 0 287 1
278 1 105 1
33 0 346 1
467 1 86 2
269 0 310 2
299 0 8 0
62 1 230 2
419 0 471 0
364 1 11 2
173 2 470 2
328 0 293 1
268 1 442 2
314 1 140 2
59 0 363 2
457 0 299 2
312 1 86 2
453 0 64 2
307 1 436 1
1 1 159 2
285 0 15 1
298 0 246 1
225 2 72 2
303 0 342 2
218 1 230 1
419 0 482 1
85 0 104 2
279 2 498 2
131 0 98 1
128 2 313 2
390 1 286 2
305 1 99 2
390 2 108 2
244 2 107 2
346 1 457 1
279 1 107 2
51 0 190 1
241 1 206 2
453 0 412 2
204 0 415 1
338 2 244 2
26 1 27 2
63 0 94 1
2 1 58 2
8 1 226 1
305 0 43 2
77 2 500 2
422 1 177 2
31 0 285 1
102 2 449 2
128 0 6 0
210 0 407 2
364 0 282 2
62 2 400 2
415 1 115 2
44 0 133 1
44 0 493 1
344 0 213 1
335 0 29 0
156 0 485 1
399 1 300 2
452 0 79 2
191 0 402 1
310 0 394 1
181 0 98 2
241 0 409 2
305 0 87 2
93 1 107 1
351 1 198 2
64 2 279 2
35 0 49 1
302 0 2 2
65 1 224 2
46 0 29 0
184 1 31 2
330 0 492 1
375 0 417 1
500 0 487 2
187 0 359 2
109 0 299 2
36 0 291 0
304 0 231 1
159 1 328 2
2 0 15 1
379 0 389 2
433 0 64 2
71 0 140 1
298 0 315 1
88 1 120 2
365 0 106 2
9 0 45 2
71 0 210 2
220 0 93 1
229 0 314 0
296 0 447 2
134 0 467 2
196 0 296 2
351 1 375 2
485 2 341 2
484 0 184 1
476 0 327 2
210 0 437 1
186 0 348 1
80 0 246 2
181 0 442 1
436 1 302 2
272 1 89 2
362 0 439 2
339 0 128 2
346 0 46 2
198 1 156 2
182 1 426 2
227 1 442 1
32 0 430 2
295 1 383 1
246 2 180 2
442 0 142 2
339 1 74 2
444 1 18 2
373 0 440 1
360 0 126 1
417 2 308 2
468 2 81 2
92 0 284 1
451 0 313 0
153 1 484 2
461 0 434 2
241 0 448 2
152 0 490 2
262 2 368 2
354 0 304 2
498 0 105 2
117 0 132 2
267 0 443 2
316 0 290 1
194 1 204 2
436 0 391 0
317 0 137 1
298 0 476 0
2 1 316 1
95 1 160 2
302 0 219 2
133 0 4 2
466 0 463 1
252 1 340 1
167 0 97 2
147 1 443 2
378 2 26 2
371 0 398 0
379 0 120 2
294 0 25 1
162 0 63 2
42 0 215 2
326 0 204 1
311 1 350 2
173 2 237 2
145 1 285 2
178 0 475 1
14 1 486 2
351 0 320 2
266 1 320 2
175 0 212 2
62 0 484 1
250 0 476 1
59 1 375 2
484 0 469 2
362 2 442 2
485 1 453 2
59 0 13 1
62 0 113 2
273 1 185 2
420 0 110 2
217 0 313 1
406 0 213 2
125 0 260 2
453 0 364 0
27 0 257 0
143 1 73 2
320 1 125 2
226 1 24 1
274 0 450 1
293 1 235 1
321 0 458 1
239 0 274 0
357 0 114 0
205 1 112 2
327 0 232 2
80 0 170 2
297 0 350 1
18 0 102 1
236 0 287 1
486 0 161 1
138 0 371 2
39 2 259 2
376 0 458 2
142 0 456 2
435 1 20 2
300 0 253 1
107 0 73 2
363 1 105 2
335 1 209 2
99 0 147 2
445 0 210 1
450 1 66 0
126 0 146 1
138 2 106 2
466 1 159 2
451 1 38 0
315 0 473 1
258 0 193 2
368 0 328 2
305 1 469 2
324 1 152 2
452 1 19 1
311 1 168 2
479 1 401 2
286 0 261 1
25 0 475 0
304 1 373 2
215 0 16 2
241 0 126 2
410 0 128 2
115 2 433 2
362 0 205 1
197 0 354 1
217 1 43 1
471 1 308 2
85 0 58 2
352 1 414 2
232 0 452 1
77 1 151 2
343 1 173 2
308 0 150 2
258 0 103 1
462 1 380 2
273 0 309 1
303 1 233 2
215 0 117 1
30 0 333 1
135 0 156 2
351 1 478 2
335 1 172 2
205 0 145 2
296 1 207 2
164 0 169 1
303 0 378 2
239 1 445 2
456 1 363 0
306 0 248 2
386 1 480 1
416 0 256 1
208 1 311 1
72 1 456 2
288 2 181 2
463 0 419 2
313 0 204 1
485 1 103 1
4 0 25 2
141 2 72 2
209 0 343 1
71 0 118 1
39 1 477 2
342 0 235 2
189 0 488 2
103 0 195 1
264 1 14 2
226 0 20 2
432 1 474 2
259 0 321 1
186 2 463 2
391 0 252 1
42 0 71 2
214 0 148 2
68 1 395 2
220 0 133 0
195 1 492 2
281 0 232 2
483 2 70 2
158 0 341 2
148 2 301 2
382 2 352 2
198 1 313 0
66 0 459 2
114 0 467 2
34 0 452 2
160 0 237 2
240 0 64 2
159 0 95 0
56 0 268 1
15 0 391 2
413 0 193 2
162 0 452 2
136 2 405 2
232 0 181 0
271 1 77 1
345 0 56 0
254 0 11 2
77 0 355 2
353 1 160 2
97 1 233 2
432 0 499 2
167 0 20 0
238 1 221 2
138 0 372 0
343 0 412 2
425 0 51 2
79 0 228 2
202 0 133 0
169 0 124 2
406 1 233 1
158 0 151 1
95 0 76 2
261 0 104 1
457 0 338 1
420 1 222 1
198 2 462 2
474 1 181 1
416 1 61 2
454 1 433 2
196 0 297 2
58 1 331 0
366 0 4 1
13 0 158 2
302 0 378 0
103 1 13 2
472 0 157 2
216 0 282 1
320 1 229 1
488 0 180 0
220 0 57 2
445 0 406 2
376 0 359 2
227 1 459 1
347 0 461 1
449 0 307 2
450 0 278 1
382 1 1 2
431 0 422 1
212 0 189 1
221 0 118 1
321 2 123 2
144 0 160 1
477 0 147 2
434 0 172 0
371 1 468 2
221 0 493 2
420 0 64 1
478 0 110 2
249 0 54 0
43 0 343 2
335 0 401 1
131 0 148 1
90 0 161 1
80 0 447 2
224 0 414 1
106 1 170 2
152 0 230 2
357 2 286 2
292 1 216 1
429 0 459 2
270 0 59 1
127 1 289 2
216 1 442 2
101 1 425 2
18 2 251 2
26 0 86 1
22 0 343 1
204 0 247 0
186 0 264 1
65 0 57 1
414 0 204 1
181 1 454 2
139 1 360 2
458 0 426 1
370 1 36 1
339 1 359 2
416 0 401 2
467 0 468 2
355 0 375 2
321 2 481 2
449 0 382 2
345 0 328 1
495 0 330 2
252 0 385 1
4 0 371 2
214 0 462 0
164 1 436 2
66 1 298 2
438 1 68 1
439 0 246 1
224 1 232 2
256 0 11 2
148 0 335 0
134 0 492 1
63 1 129 2
466 1 258 2
258 0 159 0
252 2 312 2
93 1 301 1
101 0 182 1
30 0 90 1
63 0 377 2
463 0 197 1
59 0 135 1
153 0 499 2
33 1 3 2
335 1 291 2
56 0 134 2
306 0 203 1
100 0 418 0
289 0 498 1
215 0 296 1
98 0 153 1
113 0 497 1
425 0 308 2
147 1 138 2
9 1 320 2
218 2 183 2
477 0 342 1
67 0 453 2
17 0 196 2
197 0 478 1
3 1 151 2
228 0 1 2
99 1 373 2
245 0 6 2
57 0 49 1
350 0 135 2
308 0 147 2
318 1 165 0
193 0 446 0
337 2 461 2
458 0 448 2
58 2 130 2
148 0 381 1
364 1 385 2
358 0 58 2
452 0 343 1
481 0 286 2
451 1 335 2
188 0 138 1
114 1 263 2
381 0 344 2
186 1 182 2
343 2 145 2
24 0 105 1
291 1 39 2
360 1 28 2
456 1 48 1
406 0 212 2
170 0 484 2
459 0 453 2
176 2 327 2
285 0 218 1
45 1 283 1
345 0 122 1
270 0 212 0
120 0 8 2
137 0 249 1
317 0 187 1
203 0 108 1
189 1 324 2
462 1 343 1
496 0 225 2
425 0 98 1
198 2 12 2
454 0 84 2
167 0 154 1
494 1 124 1
206 0 116 2
493 0 280 1
241 0 163 2
345 0 41 0
348 0 390 1
169 0 297 1
370 0 405 1
342 1 228 0
109 0 145 0
224 0 359 2
180 0 487 2
374 0 74 1
236 1 347 2
314 2 42 2
261 0 102 2
118 0 304 1
459 1 303 1
273 1 180 2
271 1 327 2
206 0 465 2
490 1 97 2
48 0 54 1
44 0 252 2
332 0 4 0
65 1 316 2
463 0 420 2
49 1 294 2
231 1 498 1
301 2 172 2
203 0 368 0
140 1 126 1
474 0 172 0
3 1 282 2
377 0 497 1
329 0 491 2
483 0 329 1
85 2 457 2
115 0 475 2
238 1 371 2
426 0 347 2
432 0 372 2
76 0 231 1
403 0 133 0
299 1 129 1
116 0 414 1
368 1 55 2
242 2 26 2
403 0 245 1
185 1 280 2
7 0 210 2
386 0 252 2
33 0 189 2
386 0 285 1
124 1 287 2
433 1 317 0
44 1 129 2
227 1 193 2
183 0 196 2
348 0 438 2
63 0 187 0
4 0 2 2
459 0 98 1
270 0 395 1
418 0 302 2
268 0 181 2
43 0 250 2
260 1 274 1
298 0 349 1
310 1 220 2
87 0 198 2
435 0 413 0
76 1 417 2
24 2 283 2
46 2 191 2
228 0 344 2
361 0 172 0
410 0 91 2
14 0 65 0
88 1 217 2
439 0 29 1
153 1 431 1
303 0 233 1
219 0 301 2
63 0 348 1
480 0 57 2
97 0 392 2
119 0 234 1
353 0 389 1
428 1 76 1
148 0 9 2
300 0 8 2
301 0 211 2
310 0 361 1
111 0 40 1
83 1 287 2
7 0 63 2
419 1 253 2
311 0 117 1
112 0 231 2
364 0 326 1
376 0 110 2
491 1 224 2
313 1 20 2
113 0 99 0
328 0 440 2
168 1 445 2
282 0 445 2
309 1 235 2
109 1 101 1
100 0 202 2
301 1 200 2
23 0 63 2
312 0 44 0
331 0 125 0
437 0 354 0
140 0 334 1
254 0 369 1
403 2 326 2
297 1 28 1
81 0 128 2
256 0 284 2
26 0 303 1
38 0 441 1
219 0 217 1
45 0 140 1
426 1 264 2
241 1 79 2
31 1 479 1
449 2 434 2
321 2 37 2
414 1 316 0
453 0 369 0
374 0 202 0
91 0 241 2
197 0 431 2
182 0 410 2
198 0 59 1
26 0 204 2
160 1 399 1
346 0 336 1
197 2 133 2
210 0 457 1
137 1 335 2
19 1 315 2
391 0 448 1
422 0 242 2
310 2 394 2
11 2 367 2
206 0 425 0
315 1 36 2
448 0 191 2
132 0 369 0
407 0 124 1
427 0 220 2
425 1 260 2
291 1 280 2
103 1 247 2
401 0 419 2
155 0 438 2
481 0 210 2
210 1 95 0
112 0 271 2
349 0 226 2
478 0 329 1
382 0 59 1
370 0 5 2
447 0 165 1
271 1 15 2
232 1 186 2
112 1 302 2
122 1 75 2
309 2 87 2
293 0 443 0
315 1 380 1
22 0 373 1
384 1 138 2
267 0 107 2
36 0 5 1
45 0 367 1
383 0 187 2
388 0 158 1
352 0 123 2
286 0 384 2
160 0 334 1
229 0 386 2
378 1 251 0
382 1 55 2
46 1 236 2
80 1 371 2
408 0 346 2
18 0 349 0
269 0 369 2
458 1 145 2
457 2 83 2
256 1 405 2
458 0 361 2
43 0 401 1
238 0 216 1
206 0 130 0
458 1 335 0
363 1 49 2
409 1 481 2
1 2 169 2
38 0 206 2
107 1 472 2
213 0 121 2
143 2 460 2
398 0 397 0
389 0 388 2
94 1 119 1
414 0 74 0
47 1 115 2
111 0 462 2
282 1 277 2
493 1 223 2
61 0 203 1
153 0 412 2
402 0 47 2
399 1 72 2
16 0 261 0
456 1 293 2
239 2 294 2
309 0 235 2
193 2 30 2
187 0 302 2
120 0 419 0
132 0 418 0
476 1 165 2
76 1 159 2
100 0 193 2
249 0 436 1
100 0 398 2
120 2 368 2
177 1 393 2
493 0 325 0
263 1 66 0
35 0 9 2
266 1 315 2
22 0 186 1
360 2 95 2
351 1 63 2
54 1 309 2
4 0 113 2
432 0 449 2
376 0 220 2
26 1 469 2
42 1 17 2
303 0 400 2
415 0 205 0
272 0 437 1
320 1 4 0
35 2 247 2
237 0 326 2
257 1 89 1
396 0 281 0
77 0 177 1
287 2 19 2
166 0 80 1
72 1 275 2
369 1 218 2
116 0 168 0
297 0 377 1
46 0 296 2
116 0 318 1
41 0 188 2
477 0 307 1
44 0 98 1
233 0 78 2
482 1 227 2
472 0 51 2
330 0 189 1
476 0 232 2
363 1 39 2
284 2 47 2
317 0 307 2
351 0 169 2
71 0 280 2
374 1 90 0
293 1 391 1
280 0 347 0
337 1 467 2
117 0 292 2
105 1 461 1
184 0 55 0
255 2 170 2
200 0 226 2
242 0 141 0
416 0 210 2
261 1 217 2
233 1 11 2
104 0 479 0
163 0 36 2
360 0 87 2
156 0 359 2
429 1 233 2
429 1 137 2
9 0 249 1
371 0 121 2
274 0 420 1
353 0 39 2
437 0 92 2
469 1 152 0
450 0 498 0
290 0 23 1
488 2 103 2
37 0 374 2
472 0 286 1
477 1 88 2
482 1 199 2
146 1 185 2
396 1 46 2
408 1 343 2
268 0 3 1
187 0 183 2
110 1 178 1
229 0 457 0
210 0 273 0
459 2 492 2
315 1 313 2
310 0 215 2
270 0 283 2
422 1 139 2
10 0 232 2
128 0 214 1
375 0 79 2
407 0 421 1
437 0 38 2
414 1 131 1
175 0 367 1
147 0 413 2
345 0 314 2
319 0 237 2
421 0 263 2
265 0 367 2
25 2 368 2
41 1 112 2
382 1 174 2
409 1 329 2
289 0 417 0
445 0 306 0
456 1 405 1
39 0 395 0
449 2 186 2
217 2 107 2
393 0 170 0
13 1 59 2
239 1 493 1
434 0 432 0
276 0 160 2
208 0 500 1
31 1 476 2
61 1 304 1
192 0 191 0
262 0 96 1
170 0 84 1
421 0 487 1
335 1 80 1
74 0 59 1
215 1 272 2
463 1 152 2
160 1 117 1
341 0 448 2
472 2 176 2
315 1 153 2
38 1 90 2
114 0 304 1
464 0 441 2
118 0 224 2
169 0 463 2
404 2 424 2
386 0 317 1
497 1 439 2
78 0 343 0
489 1 450 1
470 0 127 2
43 0 136 2
118 0 484 2
391 0 217 2
4 1 32 2
275 1 408 0
312 1 141 2
99 1 398 2
115 1 483 1
233 1 186 2
63 0 370 1
31 2 440 2
193 0 25 2
143 0 478 2
52 0 24 2
55 0 342 1
465 0 211 1
323 1 270 2
321 0 469 1
6 0 249 1
36 1 103 1
210 0 389 1
204 1 491 1
348 0 249 1
375 1 358 2
216 0 310 1
355 0 239 2
346 1 17 1
290 0 288 1
150 0 375 1
428 2 343 2
71 2 376 2
152 0 43 1
432 0 307 2
95 0 167 2
151 2 172 2
87 0 261 2
445 2 179 2
388 1 459 1
486 2 317 2
33 1 236 2
438 0 440 1
152 1 9 2
447 1 242 2
371 1 249 1
249 0 94 1
240 0 11 1
220 0 307 2
342 1 400 0
95 0 435 2
222 0 265 1
177 1 111 1
256 1 486 2
449 1 383 2
276 0 448 2
260 0 122 1
279 0 248 1
213 0 322 2
205 1 245 2
208 0 141 1
356 0 311 0
312 1 470 1
386 1 186 2
110 0 108 0
198 0 72 0
180 0 182 2
195 0 363 2
282 0 119 1
488 0 278 0
353 0 491 1
344 0 366 0
90 1 80 1
38 1 63 2
95 0 255 2
310 2 216 2
55 0 335 2
177 1 431 0
63 1 370 2
298 0 225 2
260 2 228 1
127 0 399 1
85 0 289 1
293 0 357 2
322 1 365 2
59 0 226 2
297 1 233 2
122 2 20 2
412 0 101 0
240 0 270 0
289 0 278 2
206 1 161 1
135 0 202 1
358 1 460 2
397 0 314 2
351 0 309 2
202 0 304 0
432 0 412 1
368 1 123 2
7 0 200 1
188 0 209 2
345 2 125 2
417 1 469 2
428 1 62 0
441 0 435 2
445 0 253 2
218 1 107 2
226 0 424 2
222 0 448 2
410 1 430 2
59 1 267 2
66 0 125 0
123 0 149 1
229 1 287 2
67 0 57 2
126 0 383 0
62 0 305 1
87 0 129 1
432 0 317 1
8 0 136 1
443 0 343 2
321 1 258 2
5 1 163 1
152 0 436 1
432 1 305 2
30 1 433 2
449 1 221 1
14 1 293 2
114 1 25 2
206 1 297 2
304 1 318 2
259 1 61 2
76 0 313 2
318 2 170 2
346 0 342 2
185 0 389 2
326 1 299 2
341 1 261 2
85 1 49 1
101 0 296 2
92 0 342 1
34 0 450 2
2 1 434 2
273 2 358 2
371 0 115 2
416 0 431 1
43 0 119 2
23 0 275 2
34 0 371 2
293 0 462 1
102 0 456 2
308 1 474 2
469 2 437 2
364 1 328 2
67 1 68 2
178 0 339 1
55 1 110 2
471 0 393 2
199 0 410 2
224 1 483 2
391 0 22 2
412 1 229 2
271 1 374 2
310 1 52 0
159 0 475 1
330 0 97 1
204 1 124 2
363 1 336 2
397 1 64 2
103 1 466 2
252 1 180 2
134 1 139 1
177 0 413 2
469 1 445 2
134 2 361 2
47 0 98 2
150 0 86 1
97 0 158 2
247 2 311 2
221 0 133 1
477 1 496 1
282 1 399 0
9 1 122 2
321 2 138 2
247 0 365 1
179 1 391 1
261 0 2 1
300 2 476 2
232 0 126 0
292 0 104 0
192 0 108 2
245 0 80 2
433 1 359 2
152 0 448 2
176 0 158 0
300 0 153 2
17 0 84 2
204 0 396 2
312 1 27 2
95 1 160 2
130 1 485 2
222 0 77 1
76 1 109 2
98 0 93 2
151 0 67 2
257 0 115 0
52 1 309 2
267 1 142 2
50 0 226 1
15 1 218 2
8 1 298 2
214 0 268 1
82 1 205 2
394 0 189 1
105 0 295 2
42 0 432 0
464 0 269 2
296 0 361 1
439 1 137 2
277 1 405 2
249 1 298 2
80 0 285 2
386 1 406 2
54 1 362 2
226 0 115 2
460 0 214 2
89 2 281 2
253 0 320 2
173 2 325 2
342 1 16 2
425 0 142 2
41 0 461 1
156 1 286 2
498 0 153 2
147 0 343 0
104 1 50 2
468 0 166 2
268 0 17 0
440 0 306 2
169 0 446 1
162 2 228 2
150 1 242 1
144 0 267 1
410 0 321 2
6 0 409 0
19 1 419 2
305 0 446 2
285 0 252 2
50 0 194 1
119 0 417 0
80 1 270 2
110 1 343 1
49 0 344 2
369 0 322 2
160 2 83 2
292 1 63 2
246 0 462 1
393 0 489 1
216 0 364 0
9 0 350 2
136 1 353 1
318 0 182 2
218 1 496 1
274 2 251 2
57 0 169 2
225 1 484 1
219 1 262 1
386 0 244 1
464 1 375 2
102 0 329 1
350 1 354 1
84 1 251 2
115 2 465 2
220 0 198 1
469 1 67 2
149 1 292 2
354 1 42 2
30 0 261 1
390 2 418 2
253 2 150 2
323 0 404 2
426 0 242 1
165 0 13 2
233 1 454 2
107 1 350 2
351 1 118 2
379 0 275 1
289 1 470 1
372 0 277 0
158 0 490 1
150 0 348 0
88 0 349 2
59 0 39 2
71 1 82 0
497 1 339 0
439 1 347 2
413 1 330 2
496 1 352 2
489 1 457 2
499 2 353 2
46 1 100 1
174 1 189 1
336 0 220 2
290 0 302 2
259 1 186 2
403 2 133 2
433 0 13 1
493 0 161 1
276 0 282 1
478 1 182 2
60 0 189 2
26 1 74 1
437 0 462 2
75 1 247 2
54 1 402 2
57 0 34 2
372 1 475 2
390 0 277 2
363 0 79 1
283 0 364 2
194 0 428 2
370 0 214 2
243 0 24 2
470 1 298 2
292 0 435 2
304 0 336 2
24 0 193 2
352 0 350 2
307 1 390 2
108 1 272 1
312 0 357 1
226 1 433 2
61 2 237 2
35 0 106 2
55 1 246 2
220 1 492 0
180 0 377 2
230 1 169 2
313 0 500 0
195 1 35 1
432 1 297 2
370 0 192 2
73 1 53 1
67 0 105 0
125 0 470 1
411 0 354 2
317 1 97 2
497 1 90 0
457 2 138 2
112 1 215 2
405 1 472 2
418 0 497 2
450 1 328 2
215 0 108 0
134 0 417 2
326 0 138 2
409 0 118 0
362 1 343 1
305 1 387 2
54 0 15 1
388 2 361 2
45 0 474 1
461 2 74 2
20 0 237 0
493 0 106 2
460 1 227 2
291 1 407 2
124 0 32 1
377 2 432 2
160 0 500 1
421 0 196 1
332 1 66 1
381 0 217 1
414 0 409 0
391 0 213 1
323 1 36 2
272 0 493 2
450 1 17 2
425 1 19 2
417 1 474 2
119 0 4 2
441 0 343 1
401 0 40 1
12 0 61 0
116 0 128 1
144 1 384 2
387 0 468 0
3 1 251 1
69 0 330 2
236 1 219 1
223 0 130 2
108 0 310 1
277 0 34 1
312 0 228 0
35 0 462 1
67 0 242 2
218 0 329 0
406 0 394 1
265 0 84 0
457 0 212 0
208 0 500 1
118 1 310 2
64 0 67 1
444 1 312 1
257 0 25 2
339 0 389 2
29 0 123 1
204 0 254 0
33 1 340 2
256 0 380 2
179 0 246 2
413 0 82 1
294 0 456 1
346 1 467 2
374 0 459 2
462 0 439 1
261 0 96 2
25 2 41 2
370 0 369 2
209 0 16 1
321 1 283 2
361 0 105 1
282 0 267 0
22 0 396 1
46 1 398 1
57 1 169 2
177 1 387 1
223 0 202 1
120 1 45 2
115 0 210 2
190 0 79 1
270 0 151 1
309 1 448 2
439 0 47 2
445 1 86 2
441 0 366 1
351 1 346 2
272 1 200 1
268 2 158 2
282 0 234 1
310 1 463 0
194 0 329 2
451 0 155 2
318 1 210 2
416 0 467 2
218 1 458 1
427 1 245 2
87 1 2 2
160 1 244 2
441 1 224 2
277 1 46 2
331 0 470 1
255 1 40 2
29 1 154 2
392 1 307 2
363 0 403 1
330 0 265 2
41 1 249 1
369 0 352 1
437 0 156 2
473 1 262 2
287 0 205 1
102 1 148 2
428 0 227 0
467 0 291 1
157 1 23 2
93 2 61 2
185 0 130 2
212 0 96 2
486 2 316 2
96 0 339 2
258 2 351 2
362 0 16 1
220 1 123 1
227 0 357 1
475 0 359 2
401 0 374 1
37 1 486 2
35 0 469 2
104 0 122 2
235 0 393 1
125 0 55 2
313 1 360 1
233 0 268 1
58 0 203 2
6 0 94 2
188 0 16 1
338 0 140 2
486 2 490 2
403 1 305 2
422 0 171 1
380 1 351 2
182 2 238 2
268 0 84 1
158 0 355 1
111 0 99 1
268 0 6 2
359 1 372 1
442 0 248 2
6 0 217 1
130 0 297 1
218 0 159 2
483 1 451 2
41 1 372 2
191 0 305 2
282 1 185 2
172 0 95 0
131 0 248 1
221 0 298 1
370 1 149 0
403 2 222 2
441 0 323 1
302 0 444 1
253 0 64 1
347 0 468 1
456 0 322 0
462 2 259 2
315 1 329 2
262 2 104 2
462 1 288 2
123 0 144 1
256 1 273 2
417 0 210 2
291 0 242 1
495 0 257 2
74 0 483 2
429 1 420 2
34 0 482 1
11 2 53 2
11 1 138 2
264 1 353 2
127 0 253 2
426 1 346 2
201 1 133 2
419 0 250 1
34 0 283 0
99 2 341 2
50 0 272 1
266 0 417 2
168 1 467 2
154 1 18 2
383 0 355 2
14 0 167 2
258 1 153 2
81 2 32 2
498 0 246 2
379 0 342 1
351 1 33 2
454 0 112 2
294 2 74 2
113 0 299 0
188 0 32 1
169 1 433 2
21 1 167 2
96 0 293 2
422 0 10 1
180 0 4 2
159 0 439 2
299 0 162 0
357 0 243 1
19 0 246 2
341 1 315 2
453 1 267 2
223 1 200 1
167 1 361 2
267 1 203 2
132 0 487 2
194 0 39 1
296 1 475 2
147 0 157 2
239 0 445 1
33 1 228 1
418 0 106 1
187 0 220 2
109 1 255 2
387 1 19 0
477 2 204 2
282 2 444 2
400 0 490 1
376 0 428 2
29 0 482 2
22 0 9 1
284 2 96 2
182 0 28 2
483 0 49 0
200 0 205 2
310 0 157 2
366 0 122 2
273 1 60 2
15 0 442 2
25 1 31 2
377 0 271 0
367 0 451 1
3 1 249 1
98 0 342 1
385 0 161 0
6 0 157 2
284 2 492 1
268 1 2 2
470 0 97 0
206 0 9 1
248 0 14 1
485 0 348 2
430 0 256 2
118 1 192 2
437 0 61 2
360 1 451 2
493 1 403 2
312 0 73 1
353 2 272 2
132 0 318 2
208 0 498 2
276 0 252 1
367 1 407 2
221 2 411 2
141 0 278 2
56 0 345 2
363 1 100 2
31 0 178 1
82 1 415 2
396 0 285 1
450 0 418 1
424 0 296 1
479 1 366 2
296 1 411 0
347 1 253 2
173 1 13 0
64 0 144 1
186 0 12 2
448 0 307 2
496 1 223 2
361 2 95 2
266 0 88 2
200 1 225 2
150 2 446 2
150 0 385 1
161 0 148 2
233 0 231 2
383 0 226 1
115 1 301 0
392 0 88 1
494 0 385 2
395 0 96 2
3 0 445 2
182 2 126 2
262 0 205 2
329 1 289 1
426 1 87 1
221 1 457 2
258 0 318 2
6 1 163 1
413 0 214 2
189 0 298 2
435 1 92 2
232 1 224 2
136 0 469 1
143 0 350 1
12 1 109 1
130 1 149 2
120 0 173 1
249 1 304 1
57 1 310 2
301 0 305 2
222 0 174 2
237 0 440 0
46 1 223 1
307 0 49 1
192 0 384 1
55 1 318 2
428 1 386 0
407 0 436 2
409 0 64 1
113 0 456 1
388 0 71 1
366 0 354 0
312 1 77 2
251 0 337 2
351 0 35 1
401 0 482 2
400 1 489 2
227 1 75 2
275 0 48 1
426 0 200 0
178 0 181 1
241 1 148 2
273 1 423 2
446 0 110 2
68 0 99 2
38 1 66 2
16 0 234 2
10 0 283 1
422 0 326 2
304 1 62 2
493 1 125 2
52 0 470 2
160 0 330 1
108 1 272 1
38 1 436 2
393 0 252 2
237 0 491 1
69 1 476 2
461 1 326 2
4 1 43 2
182 2 192 2
365 1 127 2
195 0 134 2
253 1 232 2
478 1 423 2
46 0 484 1
380 0 161 1
141 0 233 2
191 1 287 2
242 1 455 2
436 0 100 1
404 0 242 1
98 0 441 0
343 0 71 1
200 0 497 2
13 0 381 1
398 0 173 2
58 1 422 1
128 1 392 2
233 1 201 2
234 0 57 1
309 0 435 2
480 0 313 2
119 1 363 0
117 0 463 2
449 0 252 2
459 0 422 1
30 0 225 2
491 0 253 2
480 0 146 2
223 0 457 2
280 0 60 2
350 2 381 2
440 2 476 2
61 1 306 1
306 0 354 1
370 1 183 1
172 0 166 1
62 0 86 1
163 2 141 2
144 1 171 2
451 1 188 2
256 0 395 1
415 0 197 1
349 0 229 1
315 0 366 2
362 0 220 1
27 0 296 2
294 0 321 1
119 1 12 2
128 0 138 2
188 1 223 1
321 0 109 2
13 0 120 1
158 0 141 1
384 1 334 2
495 1 414 2
253 0 500 0
88 0 258 2
362 0 482 2
272 0 457 2
141 0 105 2
337 0 278 1
82 1 200 1
14 1 451 2
488 0 255 1
26 0 470 0
134 0 387 2
380 1 289 2
149 0 413 2
95 0 1 2
367 0 100 0
65 1 164 2
21 1 385 1
128 0 457 0
389 0 355 2
179 0 43 1
377 2 285 2
71 0 330 1
115 1 174 1
189 1 296 2
86 0 369 1
11 2 182 2
431 0 1 1
205 0 243 1
312 0 131 1
349 0 371 2
154 1 144 0
431 0 79 2
385 0 391 2
406 1 52 1
9 0 74 2
162 0 388 1
4 0 153 2
401 0 278 2
52 0 66 2
128 0 84 1
185 1 224 2
392 0 378 2
77 1 358 1
499 0 333 1
329 0 183 2
357 1 309 2
24 1 301 1
219 0 73 0
125 0 186 2
220 0 273 0
129 0 418 0
472 0 487 0
268 0 186 2
330 0 316 0
329 2 47 2
365 0 28 1
341 0 200 2
244 0 210 2
364 1 51 2
500 0 128 2
408 0 477 2
368 1 201 1
109 1 91 2
498 0 185 2
410 1 267 2
249 0 438 2
16 1 20 2
192 0 229 1
183 1 439 1
391 0 240 2
192 0 427 2
286 1 458 2
264 1 312 2
27 0 423 2
294 0 79 2
191 1 410 2
197 1 370 2
416 0 183 2
102 2 300 2
54 1 474 2
115 1 381 2
239 0 215 2
418 1 396 2
130 0 93 2
249 0 304 1
87 1 157 2
90 1 378 2
263 2 24 2
450 2 19 2
254 0 262 1
3 0 166 1
332 0 130 0
274 0 471 2
119 0 192 1
258 0 437 0
44 0 142 2
22 0 328 1
438 0 291 1
411 0 384 2
356 1 279 1
297 0 440 2
379 0 330 0
243 0 70 1
332 0 461 2
377 0 435 1
206 2 187 2
200 1 99 2
93 2 381 2
103 1 331 2
321 0 458 2
120 0 212 0
61 0 9 0
360 0 274 2
106 1 31 2
12 0 46 0
251 1 96 2
470 2 383 2
144 1 19 2
96 0 25 1
328 1 264 1
135 2 272 2
180 1 179 2
133 0 315 0
81 0 112 2
142 1 432 1
492 0 275 2
244 0 182 1
130 0 346 2
232 1 499 2
328 0 357 1
107 0 388 2
247 1 161 2
2 0 290 2
120 0 451 2
29 0 53 1
193 2 124 2
489 0 330 1
434 0 87 2
108 0 109 1
498 1 189 2
101 0 270 1
299 2 238 2
186 0 437 2
160 1 168 1
443 0 421 2
436 0 36 1
149 0 76 2
279 0 189 2
148 0 312 1
355 0 245 2
174 1 363 1
445 0 282 2
186 1 190 2
351 0 471 2
207 2 346 2
89 0 495 0
466 0 204 0
423 0 80 1
402 0 208 0
368 0 4 2
222 0 127 2
252 2 76 1
298 2 22 2
143 1 118 2
311 0 327 2
303 0 200 1
15 1 221 2
187 1 75 2
237 1 60 2
335 1 57 2
227 1 245 2
434 0 149 2
275 1 41 2
30 0 433 2
110 2 286 2
436 0 54 1
485 0 333 2
338 1 44 2
382 1 454 0
100 0 334 2
276 2 174 2
166 0 438 2
393 0 323 0
131 0 359 2
438 0 436 1
415 1 450 2
289 0 253 1
473 1 255 2
40 1 203 2
171 0 352 0
325 0 436 2
132 1 238 2
292 1 141 1
404 1 174 1
330 1 404 2
459 0 268 0
121 0 52 1
231 1 67 2
481 0 256 2
337 0 483 2
452 1 324 2
161 1 436 2
266 2 500 2
250 0 343 2
171 1 246 1
434 1 295 2
116 0 159 1
202 0 93 1
276 1 414 2
478 1 223 2
287 2 17 1
99 0 457 1
128 0 382 1
339 0 32 0
439 0 226 2
181 1 264 2
354 0 241 1
15 1 158 2
9 1 266 2
85 0 100 1
478 0 145 0
375 0 94 1
107 0 235 1
348 0 227 1
6 1 126 1
15 1 311 1
155 0 411 0
280 0 233 2
26 0 54 1
138 1 241 1
72 1 303 2
90 0 314 2
356 0 497 2
239 2 446 2
379 1 73 2
239 0 207 2
23 0 150 0
216 0 220 2
436 0 215 0
485 0 321 1
165 0 257 2
274 1 204 2
499 0 376 2
139 0 102 2
122 0 406 1
243 1 374 2
371 1 479 0
194 0 245 0
319 1 425 0
90 0 132 2
117 1 288 2
32 0 66 1
167 0 403 2
472 1 331 2
424 0 294 1
105 0 344 2
261 1 302 2
241 1 138 2
466 0 156 1
324 0 66 2
100 0 264 1
448 0 29 0
239 0 42 1
406 0 322 2
396 0 246 2
23 0 324 1
134 1 380 2
286 0 2 0
438 1 124 1
376 1 209 1
130 0 314 1
401 0 147 2
196 1 417 2
141 1 345 2
131 0 389 2
437 1 48 1
103 0 247 1
365 0 342 2
46 1 44 0
314 2 386 2
497 2 314 2
162 0 108 1
354 0 39 1
400 1 186 2
84 0 373 2
319 1 80 1
363 0 494 1
138 0 134 1
325 0 221 2
194 0 392 2
6 0 438 2
201 0 94 2
11 2 379 2
133 0 151 1
420 1 22 2
9 0 301 1
119 0 41 2
48 0 79 1
292 2 446 2
403 0 95 1
326 1 426 2
287 0 255 2
279 0 375 2
458 0 266 1
8 1 262 2
377 0 188 1
358 0 422 2
357 0 87 0
389 0 300 2
201 0 147 2
418 0 329 2
366 1 191 2
85 0 177 2
54 0 359 1
413 0 436 2
82 0 265 2
425 0 99 2
399 0 257 2
483 0 285 2
134 1 424 2
110 0 277 1
446 0 305 2
302 2 118 2
444 0 488 1
329 1 389 2
248 0 474 1
304 0 476 1
44 0 218 2
187 1 211 1
105 1 218 2
18 2 50 2
262 0 405 2
110 1 196 1
41 1 70 2
45 1 240 2
178 0 482 2
339 1 214 2
488 2 363 2
263 0 41 2
38 1 139 2
98 0 118 1
445 1 238 2
310 0 413 0
146 0 476 2
386 1 352 2
318 2 248 2
463 2 164 2
1 2 446 2
29 0 230 2
264 0 336 2
91 0 275 2
355 0 339 1
430 0 328 2
333 1 185 1
41 1 80 2
475 0 159 2
166 0 172 1
232 0 108 1
183 2 395 2
363 0 424 2
120 0 199 1
106 0 179 2
370 1 43 2
47 0 1 2
458 0 268 0
45 1 456 2
56 0 463 1
499 1 115 2
472 0 201 2
102 1 446 2
281 1 237 2
97 0 55 2
73 0 251 2
87 1 238 2
299 0 115 1
168 0 96 2
20 1 140 1
333 1 131 1
326 0 77 2
168 2 164 2
223 0 85 2
489 1 483 1
371 0 305 2
265 2 243 2
311 1 393 2
45 1 103 2
116 0 458 1
417 0 424 2
337 1 36 2
70 0 115 2
79 0 361 2
359 0 219 1
380 0 336 2
62 2 354 2
55 1 18 2
431 1 1 2
112 1 292 2
300 0 411 2
269 1 354 1
478 0 78 0
148 1 306 2
127 0 391 1
476 0 169 2
62 1 138 2
206 0 385 0
233 1 59 2
128 1 162 0
179 1 429 1
427 2 129 2
77 1 34 2
479 1 143 2
104 1 205 2
148 0 495 2
41 1 399 1
416 1 229 2
150 0 456 2
368 0 283 2
171 0 265 1
270 0 187 2
18 0 156 2
154 1 408 1
436 0 371 1
75 2 487 2
197 2 48 2
419 1 261 1
186 0 426 1
321 1 205 2
380 0 479 2
312 0 217 1
127 2 28 2
372 1 163 2
357 1 137 2
106 1 259 1
489 0 373 0
284 0 340 2
239 1 492 2
156 1 375 2
3 0 151 1
241 0 242 1
117 0 403 1
119 1 69 0
16 0 414 2
66 1 395 2
486 0 241 1
365 0 386 2
182 0 272 0
357 0 9 0
427 0 274 0
370 1 266 2
416 0 97 2
159 0 86 1
379 0 83 1
239 0 499 2
71 1 21 2
257 1 463 0
352 0 393 1
489 1 122 2
394 0 491 1
34 1 302 2
366 0 42 2
377 0 395 2
59 1 256 1
259 1 452 2
389 0 130 1
166 0 425 1
490 1 291 2
419 0 76 2
36 0 65 1
262 1 382 2
438 0 450 1
407 1 84 2
113 0 303 2
492 0 104 1
161 0 12 1
245 1 33 2
251 1 327 2
310 1 153 2
278 1 120 2
95 0 38 2
130 0 425 1
210 2 74 2
124 0 371 2
35 1 325 2
431 1 9 1
465 0 91 2
267 0 328 2
54 2 176 2
123 0 404 2
283 0 142 2
63 1 93 1
60 0 396 2
272 0 175 2
448 0 174 0
346 1 351 1
455 0 267 0
7 1 63 2
152 0 427 1
412 0 342 1
76 1 229 2
156 1 63 2
30 1 471 1
144 1 278 2
249 1 357 2
438 1 335 1
316 1 83 2
218 2 136 2
169 0 59 0
307 2 52 2
188 0 63 2
411 1 266 2
394 0 39 2
427 1 81 0
271 2 180 2
493 1 95 0
31 0 42 2
44 1 221 2
156 0 169 0
15 0 291 2
221 1 354 1
320 0 303 2
135 0 26 1
255 1 288 1
354 0 411 2
295 0 250 1
314 0 285 1
363 0 433 2
41 1 94 2
309 1 251 0
178 0 322 2
359 1 200 1
356 2 208 2
251 1 125 2
57 1 474 2
