500 6984
468 0 249 1
2 1 113 2
65 2 137 2
328 0 28 1
97 0 484 1
261 0 310 1
357 1 85 2
79 1 472 1
353 1 61 2
231 1 376 1
312 0 495 1
297 0 415 1
454 0 393 2
248 2 280 2
193 0 447 0
271 0 289 2
482 0 258 2
414 1 233 2
329 1 441 2
463 0 15 1
6 1 76 1
39 0 332 0
459 0 346 0
17 0 95 2
268 1 328 1
192 1 71 2
255 0 313 2
354 1 228 1
134 0 284 1
189 1 417 2
94 2 71 2
192 0 449 2
102 0 495 1
236 2 109 1
328 0 420 1
321 1 194 2
232 0 388 2
258 2 286 2
93 0 316 2
199 1 125 2
146 1 60 2
314 0 222 2
285 0 249 2
174 0 464 1
319 0 303 1
74 1 327 1
495 1 334 1
9 1 42 1
148 0 183 2
102 0 442 2
204 1 76 0
238 0 390 1
137 0 168 2
411 0 341 2
163 1 22 2
201 2 228 2
165 0 478 2
43 0 168 1
185 1 426 2
446 0 208 0
367 0 92 2
477 2 190 2
44 1 465 2
11 0 90 2
141 0 339 1
243 0 56 1
188 2 349 2
160 0 404 2
232 0 126 1
131 0 404 2
172 0 271 1
122 0 189 0
376 0 28 1
237 0 25 0
159 0 241 2
327 0 82 2
17 2 49 2
298 0 123 2
95 0 130 1
74 2 124 1
204 2 370 2
299 1 43 1
427 0 437 1
458 0 312 0
93 0 327 1
329 1 11 1
80 1 280 2
161 1 76 1
61 2 59 2
481 0 493 1
262 1 451 1
177 0 92 0
138 1 155 1
475 0 395 1
371 1 314 2
104 0 252 1
143 1 457 2
365 0 160 2
95 0 61 1
70 0 163 1
120 0 418 1
204 0 304 0
296 0 226 1
278 0 234 2
201 2 5 2
338 0 293 2
350 0 226 2
57 0 345 2
17 0 423 2
194 0 40 1
352 0 68 2
136 2 137 2
194 1 14 1
468 0 209 2
368 0 197 1
170 0 322 0
133 2 285 2
388 1 74 2
15 0 308 1
394 1 85 1
233 0 30 2
378 1 96 2
90 0 270 1
82 0 87 1
168 0 2 0
424 1 88 2
294 0 25 2
396 0 241 2
20 0 464 2
69 0 290 0
318 0 399 2
298 1 76 1
439 0 430 0
217 0 152 1
46 0 3 1
48 0 262 2
469 0 497 1
94 2 21 2
276 0 206 2
410 2 248 1
240 0 178 2
422 0 16 2
440 0 29 2
362 1 72 2
476 0 232 1
220 0 364 2
131 1 192 1
258 0 55 2
264 0 107 1
3 1 22 2
282 0 253 1
39 1 477 2
421 0 59 2
255 1 373 1
253 0 118 2
305 2 286 2
317 1 451 2
57 0 314 2
310 0 358 2
470 2 179 2
295 0 106 1
390 0 49 2
14 1 461 2
485 0 464 2
14 0 195 1
415 0 108 1
499 2 465 1
382 0 389 2
203 2 3 2
183 0 498 1
412 2 422 2
11 1 356 2
100 0 478 2
440 1 141 2
371 0 441 2
360 1 374 2
10 0 278 1
306 1 3 2
268 2 83 1
489 0 172 2
160 0 198 2
350 1 440 1
321 1 417 2
271 0 92 1
231 0 284 2
271 0 133 0
237 0 198 1
435 0 415 1
437 1 47 1
476 1 53 2
433 0 487 2
22 0 68 0
488 0 280 2
305 1 190 2
49 0 338 2
72 0 494 1
218 1 300 2
41 0 261 2
281 0 65 1
117 1 248 1
24 0 60 2
359 0 465 1
189 0 112 2
43 2 273 1
250 2 83 2
426 0 439 2
401 0 357 2
408 0 165 2
471 0 71 2
315 0 428 1
149 0 367 1
98 0 29 1
270 1 1 2
394 1 481 2
500 0 395 0
231 1 193 1
426 1 467 2
115 0 344 0
274 1 339 1
283 0 146 2
239 0 140 2
254 0 155 1
111 0 223 2
154 0 461 0
171 0 456 2
18 1 86 2
246 0 168 1
28 0 372 2
365 0 383 2
426 2 406 1
157 2 160 2
105 0 98 1
383 0 74 2
121 0 469 1
409 0 351 1
202 0 105 1
91 0 60 1
130 2 264 2
362 2 133 1
347 1 441 2
331 0 447 2
365 0 482 1
218 2 397 2
112 0 304 1
127 0 235 2
488 1 260 2
312 2 20 2
109 0 404 2
284 1 105 2
164 0 333 2
49 0 446 1
279 0 129 1
62 0 325 1
39 1 496 2
148 0 97 2
225 0 399 1
58 2 484 2
19 0 134 2
34 2 281 2
275 0 442 2
213 1 347 2
297 0 467 1
104 0 400 2
226 0 37 1
121 0 237 1
437 0 121 1
419 0 162 0
322 0 226 1
382 0 424 2
481 0 303 2
195 1 234 2
306 0 292 1
318 0 118 2
499 2 317 1
383 0 335 1
463 0 85 1
212 0 235 2
315 0 457 2
93 0 377 0
137 1 36 2
355 0 416 2
351 1 490 2
369 2 396 2
52 0 107 0
466 0 425 2
317 0 278 1
170 0 300 1
327 0 15 2
21 0 42 2
415 2 229 1
477 0 147 2
5 0 426 0
401 0 41 1
434 0 173 1
254 2 16 2
496 0 361 1
423 0 214 2
81 0 327 2
320 0 74 1
82 1 109 1
310 0 353 2
265 0 414 0
377 0 59 2
279 0 59 2
492 0 101 1
188 0 208 1
446 1 78 2
397 0 51 1
445 0 290 2
292 1 21 2
197 0 183 0
405 0 314 2
105 0 448 1
417 0 484 1
357 0 359 1
34 1 194 1
302 0 132 1
32 0 276 2
62 0 487 1
279 0 103 1
97 0 14 2
377 0 319 1
41 0 250 2
454 1 82 2
115 0 316 2
267 1 312 2
201 0 274 1
103 2 112 2
331 0 217 0
141 0 65 0
470 2 280 2
82 1 104 1
33 0 390 2
146 0 402 2
92 1 50 2
91 0 446 2
103 1 74 1
282 0 477 0
402 0 157 2
220 0 407 2
420 2 479 2
253 0 172 1
200 1 334 0
434 0 97 2
338 0 60 0
339 0 48 2
484 0 31 2
336 0 175 1
216 1 38 2
490 1 92 2
160 1 105 2
386 0 224 1
297 0 189 1
391 1 194 1
266 1 18 2
261 0 279 1
386 0 435 2
373 0 142 1
265 0 439 2
191 0 115 1
359 1 434 2
272 0 283 1
195 1 22 2
241 0 414 0
5 1 290 2
32 0 204 2
299 1 420 1
459 0 109 0
381 0 312 0
239 1 45 1
193 1 302 1
326 0 500 1
82 0 62 1
218 0 394 2
166 1 51 2
11 0 293 1
285 0 101 2
348 0 264 2
12 0 58 2
46 1 80 1
466 1 316 2
282 0 16 0
127 0 365 1
72 0 309 1
341 0 118 1
357 0 395 1
292 1 146 2
294 1 435 1
17 2 80 1
78 0 50 2
5 1 369 2
98 0 455 1
423 0 481 2
153 0 368 0
325 2 490 2
332 0 430 1
345 0 298 1
112 1 142 2
268 0 357 1
37 0 291 2
332 0 40 1
486 0 34 2
173 1 9 1
481 0 284 2
326 0 451 2
32 1 100 2
244 1 346 1
35 1 366 2
496 0 129 1
160 0 26 2
434 0 489 2
282 2 147 2
381 0 468 1
95 0 292 1
220 0 374 2
394 0 408 1
351 1 317 1
262 0 324 1
464 1 35 2
363 1 303 2
98 0 166 1
281 0 450 1
487 1 360 2
149 0 458 2
174 0 384 1
487 0 149 0
373 0 384 2
400 0 6 1
266 1 295 2
139 0 125 1
233 0 111 1
326 0 478 0
330 0 492 2
134 1 312 1
99 0 487 2
394 1 177 2
286 0 420 1
47 2 77 2
398 0 391 1
89 2 255 2
374 1 77 2
419 0 152 1
167 1 81 2
184 0 168 1
137 0 181 2
304 2 306 2
447 0 492 2
12 0 446 2
448 0 379 2
147 2 63 2
95 0 204 2
133 0 366 0
348 1 115 1
253 0 339 1
81 1 32 1
480 0 215 1
139 0 348 0
1 1 398 2
39 0 112 2
208 0 346 0
332 2 32 2
296 0 70 2
386 0 31 2
13 0 38 2
14 1 327 1
441 0 46 1
424 0 391 0
375 0 68 1
142 1 291 2
311 1 126 2
249 2 178 2
483 0 245 1
428 1 449 2
31 1 100 1
466 1 476 2
185 0 138 2
83 0 87 2
498 2 108 1
347 1 126 1
60 0 118 1
92 1 465 1
408 2 392 2
424 0 467 0
202 0 395 1
486 1 417 2
490 1 166 2
337 0 9 2
221 0 415 0
118 1 147 1
300 1 129 2
142 0 106 2
444 0 488 2
37 0 436 1
62 2 375 2
459 1 453 2
440 0 323 2
232 0 135 2
311 0 42 2
146 0 454 1
482 0 448 2
326 0 495 2
311 0 322 1
85 1 439 2
308 0 351 1
315 0 285 2
312 0 6 0
250 0 269 0
112 0 100 2
294 2 10 1
342 0 297 1
58 0 123 1
221 1 200 1
315 0 188 1
340 2 4 2
72 0 258 2
421 1 472 2
392 0 374 2
408 1 49 2
41 0 115 1
139 0 262 1
184 0 437 2
365 0 311 2
306 0 408 1
30 0 431 2
24 0 61 1
138 1 211 1
139 0 4 1
327 0 335 1
304 0 131 1
369 0 232 2
429 2 298 2
340 1 19 2
431 1 135 2
257 0 345 2
314 0 328 1
468 0 191 2
347 1 289 2
40 0 144 1
218 0 125 1
408 1 2 2
34 2 137 1
392 0 236 1
313 0 267 1
487 0 451 1
7 0 258 1
121 0 299 2
386 0 42 0
477 0 141 0
119 0 222 2
390 2 196 1
148 0 441 1
471 1 443 1
499 0 373 1
349 0 304 1
302 0 265 1
460 0 158 1
283 0 200 2
475 0 238 1
485 2 367 2
401 0 372 1
232 0 330 1
134 2 328 2
385 0 195 0
290 0 326 2
72 0 319 2
32 0 273 1
447 0 473 2
413 0 407 1
17 0 480 0
224 2 388 2
378 0 280 2
379 0 242 0
419 0 91 0
82 0 118 2
321 0 224 2
389 0 122 1
254 2 367 2
185 2 493 2
261 1 187 1
170 0 254 2
163 1 215 1
166 0 443 1
389 0 261 1
288 0 245 2
225 0 145 1
337 0 108 2
144 0 223 2
306 0 294 1
320 1 330 1
89 2 402 1
58 0 212 0
45 0 22 2
442 1 328 2
70 0 416 1
223 0 454 2
221 0 288 1
393 0 261 2
108 0 16 2
70 1 348 2
286 0 184 1
156 0 81 0
157 1 2 2
365 0 148 1
323 0 342 0
471 1 83 1
191 0 251 2
273 0 110 1
240 0 452 1
16 0 204 2
499 1 268 2
61 0 411 2
309 0 364 1
207 0 82 1
176 2 36 2
52 1 472 2
110 2 107 2
198 0 408 1
279 0 255 0
489 0 251 0
292 0 314 0
236 1 104 2
242 2 246 2
494 1 4 1
8 0 204 1
346 0 394 2
492 2 72 1
389 0 243 1
285 0 473 2
128 0 200 1
286 0 132 2
308 2 151 2
492 1 211 2
451 0 212 2
1 0 80 0
447 1 186 2
466 0 259 2
81 0 267 2
69 0 75 0
139 0 92 2
193 0 269 1
171 1 301 2
264 0 187 2
436 0 62 2
283 2 275 2
335 2 365 2
459 0 168 2
323 0 310 2
64 0 44 1
330 0 201 1
423 0 29 1
421 2 389 2
369 0 480 0
243 1 321 2
247 0 482 2
349 0 200 1
15 2 108 1
388 0 381 2
298 0 102 1
54 1 314 2
438 1 69 2
37 0 183 1
386 0 470 2
222 0 491 2
492 0 248 1
476 2 55 2
368 0 335 1
102 0 49 1
487 2 304 2
292 1 382 2
249 2 212 1
85 0 457 2
35 0 100 0
444 0 225 1
64 0 408 0
217 0 225 1
71 1 376 2
275 1 402 2
279 2 477 2
159 0 225 1
175 0 336 2
370 2 496 1
143 0 85 2
223 1 462 1
225 0 82 2
63 1 480 2
206 0 207 1
173 0 108 0
187 1 303 2
92 0 433 2
130 0 182 2
141 0 381 1
500 0 14 0
372 0 386 2
140 1 274 2
247 0 34 2
111 0 140 1
497 0 240 2
82 0 134 1
102 0 205 1
205 0 263 0
412 2 105 2
30 0 267 1
482 0 117 1
382 0 106 2
247 0 243 0
351 2 228 2
275 0 122 1
65 0 165 2
491 1 216 2
379 1 258 1
34 0 258 0
281 0 223 2
110 0 70 2
314 0 10 2
121 1 33 2
222 1 202 1
74 2 46 2
420 1 180 1
304 1 43 2
272 0 439 2
24 0 293 1
320 0 263 0
382 0 122 2
114 0 142 1
437 0 470 1
339 0 40 2
75 1 166 1
139 0 492 1
31 1 432 1
20 1 144 2
268 0 445 2
66 1 256 2
93 0 454 1
240 0 328 2
387 2 3 2
350 0 353 1
211 2 19 2
250 1 171 2
118 0 135 1
345 0 475 0
30 0 89 1
492 2 30 2
37 0 404 2
324 0 470 1
48 2 13 2
490 2 403 1
463 0 368 1
80 0 294 2
392 1 21 1
69 0 145 2
105 0 469 1
346 0 422 1
338 0 500 2
204 0 85 2
171 0 79 0
216 0 344 2
181 2 226 2
114 0 385 2
248 0 319 1
172 1 375 2
339 0 47 1
268 0 390 2
39 2 30 1
429 0 165 2
382 0 166 2
164 0 40 2
231 1 138 2
32 0 356 2
479 0 394 1
225 0 219 1
59 0 26 1
418 2 207 1
405 0 10 2
185 0 39 1
253 1 426 2
303 0 92 2
211 0 201 2
245 0 149 2
258 0 56 2
197 0 335 1
475 0 453 1
237 0 379 2
424 0 348 2
11 0 304 1
485 1 89 2
286 0 129 1
3 0 393 0
212 0 330 2
495 0 58 2
315 0 112 1
76 1 400 2
360 0 361 0
232 0 311 2
30 0 138 1
443 1 344 2
3 0 248 2
190 2 281 1
494 1 193 2
251 1 337 2
370 0 156 2
101 0 439 2
247 0 396 2
76 0 272 2
62 0 87 1
74 2 2 2
57 0 84 2
399 1 138 1
87 0 127 0
420 2 36 2
350 2 431 2
480 0 381 2
453 0 182 2
439 0 285 1
419 0 113 2
253 0 131 1
391 1 197 2
34 2 27 2
258 0 230 1
69 2 304 2
2 0 134 2
217 0 73 1
49 0 308 2
53 1 330 2
379 0 327 2
164 0 7 1
96 0 255 1
475 0 232 1
411 0 300 1
260 0 274 1
291 0 39 2
67 0 436 2
377 0 333 2
344 0 494 1
199 1 192 2
350 2 449 1
75 1 142 2
411 0 135 2
37 0 256 1
234 1 48 2
201 0 343 0
394 1 31 1
81 0 369 1
493 2 229 1
235 2 19 1
21 0 151 1
378 0 432 1
374 1 389 1
49 0 84 1
127 0 34 2
300 1 129 2
117 0 95 1
154 2 233 2
179 1 480 2
284 0 279 2
39 0 245 0
451 0 181 2
20 1 407 2
336 0 198 2
48 0 66 1
137 1 22 2
370 0 90 1
425 0 41 0
145 0 146 2
112 0 394 1
468 1 377 2
494 0 103 1
294 0 67 1
46 0 75 2
298 0 155 2
418 0 371 1
389 0 38 0
268 1 98 1
66 2 186 1
394 0 206 0
155 0 73 1
473 0 295 1
437 0 293 2
255 1 315 2
340 0 168 1
31 0 50 2
185 0 151 0
376 2 280 2
279 0 109 0
211 2 386 2
192 0 310 1
420 0 15 2
451 0 461 1
466 0 149 1
342 0 409 2
458 1 173 2
33 0 47 1
82 1 158 1
361 0 62 2
32 2 366 2
423 0 24 0
34 0 65 1
233 0 479 1
468 0 340 2
300 0 198 1
251 0 487 2
2 0 14 1
177 1 402 2
368 1 41 2
477 0 340 2
336 0 293 1
5 1 335 2
357 1 419 2
467 0 352 2
347 2 416 2
277 2 68 2
165 1 48 1
337 2 281 2
418 0 230 2
352 0 40 0
357 1 234 2
491 0 223 0
382 0 494 2
312 0 76 1
356 1 153 2
132 2 400 1
262 2 234 1
468 0 160 1
56 2 284 2
286 0 454 1
238 1 371 1
385 1 41 1
31 0 144 1
74 0 498 1
334 0 242 2
118 0 254 2
42 1 116 1
235 0 88 1
67 0 106 2
41 0 499 2
297 0 208 1
347 1 214 2
299 0 347 2
23 0 138 1
471 0 428 1
423 0 229 1
401 1 449 2
410 0 40 1
460 1 6 2
208 0 140 2
319 0 230 1
445 0 54 1
11 0 379 2
57 2 327 1
222 0 27 0
275 0 154 2
137 0 162 0
77 2 389 2
436 0 383 2
169 0 472 2
402 0 481 1
123 0 349 2
313 2 188 2
408 1 340 1
343 0 336 1
224 0 119 0
139 1 445 2
355 1 38 2
345 0 178 0
111 0 193 2
400 0 248 2
364 0 103 2
118 0 54 2
255 1 49 2
226 0 288 1
359 0 288 1
281 0 104 0
182 0 432 0
420 1 484 2
102 0 106 1
99 1 165 2
171 0 70 1
352 0 9 1
106 1 299 2
368 0 18 1
195 0 117 2
275 0 173 1
399 1 331 1
183 0 51 2
124 1 91 2
29 2 389 2
387 0 370 0
435 0 342 1
134 0 310 2
429 1 396 2
352 1 146 2
29 0 212 0
327 1 441 2
263 1 107 2
446 1 403 2
111 0 149 2
403 0 182 1
242 1 62 1
395 0 198 2
296 0 166 1
288 0 90 1
20 0 138 2
369 1 366 2
433 0 73 2
388 0 304 2
22 0 435 1
361 1 457 2
1 1 354 2
85 0 441 0
88 1 433 1
209 1 307 1
461 0 151 1
345 0 155 2
485 0 99 2
350 1 88 1
160 0 445 2
427 0 66 2
250 2 263 2
33 0 165 2
421 0 242 1
91 0 282 2
337 0 391 1
99 0 27 2
175 0 134 1
268 0 244 0
192 0 173 1
404 2 29 2
329 1 320 2
141 0 122 1
79 0 179 2
468 0 274 1
378 2 68 2
34 2 391 2
106 1 104 2
432 0 32 1
353 1 196 2
326 1 454 2
38 0 279 2
422 0 416 2
195 1 96 2
487 2 133 1
202 0 145 2
60 0 197 0
236 2 173 2
218 0 79 0
321 1 465 2
445 2 137 2
241 0 209 1
134 0 126 1
281 1 328 2
363 0 66 1
115 1 263 2
168 1 325 2
392 0 179 2
116 0 269 1
248 0 299 1
119 1 483 2
170 1 461 2
298 0 96 2
171 0 316 1
182 0 195 2
496 0 471 2
82 1 211 2
177 1 32 1
103 0 301 0
164 0 170 1
110 0 130 1
430 0 42 0
100 0 254 1
6 1 414 2
196 0 247 2
461 0 276 1
299 0 150 0
492 0 246 0
482 0 354 1
242 1 419 2
20 1 112 2
364 0 85 2
151 0 256 2
105 0 391 1
300 0 121 2
442 1 396 2
158 0 33 2
375 0 74 2
133 0 40 1
447 0 291 2
441 0 199 1
124 0 268 2
446 0 170 2
244 0 247 0
380 1 56 1
367 0 291 2
116 0 238 1
127 0 475 1
278 0 211 2
69 0 348 0
413 0 278 1
292 2 188 2
104 2 434 2
322 0 325 2
128 1 438 2
496 0 244 1
173 0 298 2
202 1 48 2
482 0 31 2
126 0 88 2
417 0 396 1
94 1 392 1
45 0 499 2
310 2 361 1
126 0 51 1
365 2 180 2
1 0 321 2
54 0 208 2
22 0 279 1
92 0 10 0
117 0 499 1
401 1 66 2
122 0 140 2
451 0 227 2
245 0 212 1
385 0 185 2
490 0 225 2
22 1 59 2
400 0 295 2
331 0 293 2
476 0 416 1
323 2 187 1
448 0 475 1
253 0 499 1
206 1 263 2
322 1 91 2
218 0 489 1
170 0 29 2
378 0 173 1
258 0 333 1
494 2 383 2
124 0 484 2
296 1 240 2
334 1 12 2
276 1 405 1
95 0 87 2
59 0 155 1
12 0 39 1
320 1 256 2
176 1 378 2
340 0 464 1
271 0 407 2
398 2 136 2
208 0 286 2
490 0 452 1
469 1 15 2
292 1 85 2
415 0 5 1
242 1 56 1
270 0 78 0
226 0 160 0
294 2 98 2
110 2 287 1
42 1 434 2
226 1 382 1
310 0 338 2
277 1 407 1
490 0 94 2
32 0 290 1
72 0 79 2
252 0 488 1
6 1 174 2
198 0 147 2
69 0 335 2
174 0 5 2
227 0 382 2
460 0 201 1
73 0 28 2
83 1 340 2
255 2 443 1
101 1 495 2
275 1 440 2
355 1 377 1
329 0 150 1
415 0 279 1
78 1 77 2
317 0 365 2
198 0 487 1
197 0 173 1
293 0 479 2
183 0 242 2
164 1 281 2
264 0 407 2
313 0 92 2
365 0 77 2
15 0 79 0
270 0 1 1
239 1 207 1
280 0 165 1
13 0 20 1
384 2 75 2
404 2 240 1
233 0 304 2
204 1 414 1
392 0 410 1
337 0 118 1
452 0 421 1
204 0 323 1
324 2 426 2
124 0 42 1
257 0 378 2
489 1 316 2
342 0 30 2
235 1 365 2
41 0 79 2
238 1 307 1
424 0 240 1
126 1 107 1
240 1 185 2
184 0 436 1
400 1 160 2
130 0 469 2
241 0 486 2
474 1 451 2
474 0 57 2
491 0 315 1
473 0 248 1
196 1 366 1
124 0 271 2
157 0 334 1
93 0 333 2
158 0 434 2
2 0 382 1
214 0 376 1
204 2 85 2
442 0 369 2
71 2 471 2
87 1 459 2
121 0 60 2
26 0 57 1
61 1 92 2
242 0 182 1
470 1 324 1
374 2 366 1
311 2 198 2
201 0 2 1
374 2 55 1
177 2 192 2
295 1 481 1
6 0 381 1
245 1 304 2
344 0 1 1
60 1 481 2
228 0 76 2
213 1 177 2
406 0 362 2
478 0 484 0
98 0 26 1
118 0 449 0
177 2 377 1
27 0 29 2
157 0 214 1
420 1 37 1
236 2 495 2
197 1 11 1
103 0 246 0
9 2 479 2
181 1 131 2
253 0 168 1
9 0 166 2
30 0 478 1
341 2 228 1
116 0 143 1
180 0 125 1
8 1 116 2
321 0 286 1
349 0 301 2
400 0 300 1
376 0 213 1
181 0 420 1
452 0 57 1
157 0 22 2
421 0 138 2
497 1 326 2
102 0 375 2
246 1 315 1
332 0 164 1
15 2 384 2
373 1 371 2
116 0 173 1
40 0 47 1
158 0 495 2
189 0 36 0
39 0 205 2
265 0 63 1
95 0 326 2
226 0 421 1
249 0 369 2
374 0 19 2
100 0 5 2
304 0 66 1
24 1 473 2
227 0 189 1
246 2 121 2
318 0 450 2
19 0 362 1
212 0 46 0
111 1 119 2
160 0 130 2
206 0 145 2
338 2 432 2
157 0 240 2
487 0 152 0
166 1 88 2
356 1 151 2
455 0 419 2
426 0 154 2
352 0 422 1
131 1 406 2
64 1 445 2
159 1 476 2
185 0 305 2
195 0 245 1
328 0 378 2
121 0 36 0
41 0 196 2
212 0 332 1
338 0 173 2
476 0 52 1
49 0 250 2
365 0 332 1
292 0 494 2
306 0 385 2
488 0 139 1
467 1 253 2
128 1 315 2
123 0 394 2
100 0 171 2
438 0 316 2
402 0 454 2
457 0 274 1
388 1 183 1
400 0 290 1
39 2 27 1
228 1 178 2
178 0 499 1
300 0 470 1
297 0 367 1
274 0 309 2
377 0 34 1
380 0 418 0
270 0 47 1
162 0 61 1
407 2 210 2
376 0 362 2
223 0 99 1
472 0 394 2
135 2 250 2
248 0 448 1
179 0 99 2
139 0 51 0
50 0 162 0
123 0 154 2
465 0 276 1
299 2 119 1
164 0 381 2
142 1 140 2
333 0 250 1
115 1 91 1
474 0 53 1
476 0 257 1
77 1 111 1
498 2 156 2
419 0 203 0
264 2 14 2
55 0 479 1
201 1 341 1
143 0 246 1
158 1 183 2
327 1 339 2
472 0 381 2
351 0 164 0
167 0 418 1
166 0 255 1
250 2 361 2
113 0 58 1
165 0 239 1
128 0 355 2
488 0 191 2
192 0 291 1
154 0 377 1
31 0 111 1
440 1 400 2
299 1 119 1
57 0 494 2
96 0 277 1
293 0 43 0
425 0 193 2
97 0 317 0
43 0 146 2
357 0 244 0
378 0 117 1
323 1 338 2
205 0 263 0
209 0 74 2
82 1 409 1
2 0 147 2
10 0 234 0
67 0 492 1
43 0 369 1
304 0 109 2
487 0 222 0
377 0 426 2
206 2 336 2
319 0 257 2
234 0 248 2
498 0 294 1
78 0 272 2
159 0 303 2
438 0 171 2
90 0 370 2
431 2 137 2
189 0 367 1
24 1 220 1
162 0 190 2
256 0 190 1
163 0 227 2
35 0 66 2
464 1 51 2
90 1 310 1
226 1 101 2
266 1 329 2
365 0 472 1
40 0 297 0
351 0 473 2
367 0 240 2
342 1 343 1
424 0 440 2
336 1 190 2
107 1 263 2
309 1 472 2
276 0 165 1
111 0 350 2
437 0 108 2
450 0 85 1
384 1 47 1
399 0 426 2
388 0 180 2
385 1 403 1
365 0 10 2
421 0 170 0
350 2 145 2
273 0 84 1
159 0 266 2
334 0 402 1
344 0 322 0
496 0 215 1
122 0 390 2
382 0 193 2
418 0 132 1
24 0 337 1
338 2 250 2
413 2 156 1
57 0 431 2
428 2 180 2
224 0 297 0
279 2 127 2
490 2 233 1
361 0 433 2
111 1 402 1
437 0 357 2
396 0 234 1
350 0 187 0
10 0 463 1
447 2 298 1
22 0 176 2
491 1 73 2
271 0 500 1
291 0 233 0
240 0 455 1
396 1 329 2
498 0 470 1
76 1 285 2
436 0 21 2
268 2 472 1
348 2 111 1
181 0 18 2
297 0 397 2
489 2 27 2
115 2 496 2
386 0 313 1
271 0 73 1
330 0 261 2
353 1 277 1
399 0 142 1
69 0 497 2
383 1 345 2
94 1 172 2
170 0 263 2
296 0 114 2
202 1 4 2
245 0 116 1
67 1 283 2
276 0 208 1
500 0 283 2
215 1 137 1
70 0 301 2
367 0 429 2
336 0 244 2
374 0 101 2
289 0 337 2
57 1 137 1
500 0 396 2
242 0 370 2
337 0 487 2
18 0 219 1
27 0 40 1
155 2 366 2
440 0 233 2
226 0 439 2
53 2 287 1
273 0 119 1
477 0 492 2
112 1 480 1
223 0 63 2
115 2 383 2
259 0 493 2
302 0 237 2
356 0 59 2
388 1 292 2
454 1 399 2
283 2 392 2
324 1 270 2
145 0 176 1
371 0 22 2
393 0 244 1
342 1 344 2
86 0 354 1
83 0 500 1
135 0 117 0
263 0 101 2
16 0 330 1
125 0 94 1
308 0 279 2
499 1 97 2
219 2 410 2
113 0 95 1
251 0 421 1
296 0 379 2
19 0 310 1
315 0 34 1
371 0 260 2
107 0 264 2
48 1 195 2
443 0 157 2
217 0 442 2
244 2 336 2
493 2 411 1
37 0 327 0
364 2 402 2
438 0 64 2
453 0 154 1
345 0 282 1
467 0 455 1
142 2 71 2
431 0 487 2
10 0 387 1
393 0 146 2
221 1 347 2
354 0 136 2
451 0 493 1
375 1 273 2
185 0 30 2
267 0 135 2
110 0 362 1
192 0 466 1
465 0 432 1
88 0 321 0
394 2 30 2
20 0 25 1
56 0 431 1
254 1 452 2
81 0 276 2
202 0 122 1
166 0 435 0
362 1 194 2
312 1 105 1
18 0 340 2
342 0 277 1
237 0 410 2
119 0 349 0
252 0 382 1
103 1 375 2
213 1 335 1
471 0 291 2
330 0 355 1
258 0 38 0
98 0 129 2
420 1 321 2
387 1 312 2
283 0 335 2
146 0 97 1
77 2 452 1
15 0 172 2
374 1 111 1
258 0 114 1
54 0 88 1
439 1 118 1
12 0 391 2
318 0 15 2
21 0 227 2
194 1 11 2
156 0 22 1
14 1 136 2
20 1 318 2
140 1 85 2
306 0 185 1
285 0 136 2
410 0 222 2
101 0 5 1
291 0 347 1
145 2 38 2
361 0 246 1
146 0 234 0
359 1 83 1
18 0 74 2
12 0 274 1
436 1 33 0
205 2 455 2
405 0 39 1
237 0 431 1
125 1 127 1
278 0 325 2
108 1 320 2
6 0 209 2
439 1 299 1
164 0 12 2
214 0 386 2
481 0 494 2
242 2 348 1
265 2 102 2
103 2 356 1
126 1 174 2
149 0 55 0
331 1 133 2
432 1 383 1
275 0 253 2
251 0 450 1
423 0 456 1
278 1 322 2
35 0 477 1
106 0 397 1
20 1 472 1
40 0 431 2
386 0 99 1
217 0 361 2
156 1 377 1
446 2 241 2
312 0 93 1
257 2 10 1
218 0 479 2
482 0 68 1
471 0 488 2
349 0 380 2
104 0 498 1
487 2 269 2
347 0 290 2
96 0 491 2
128 0 332 2
237 0 5 2
345 0 293 2
34 0 198 0
85 1 29 2
31 0 54 0
129 0 31 2
253 2 25 2
386 2 409 2
245 1 170 2
321 0 17 2
144 0 338 2
129 0 230 1
382 1 68 2
298 0 430 2
314 0 22 1
11 0 143 2
317 0 423 1
184 0 224 1
134 2 296 1
372 1 38 2
464 1 136 2
228 0 412 1
395 0 359 1
413 0 300 1
351 2 392 2
24 1 378 2
13 1 371 2
455 0 23 1
85 1 170 0
269 2 418 2
283 0 188 1
345 0 436 1
84 0 8 2
71 1 434 2
471 2 321 2
237 0 497 2
40 0 201 2
199 0 113 1
368 0 485 2
166 1 73 2
146 0 393 2
61 2 72 1
437 1 263 1
135 0 316 0
471 0 87 1
314 1 405 2
28 2 23 2
386 0 57 0
223 1 361 2
473 0 378 1
286 0 98 1
276 0 429 0
79 1 26 2
427 1 33 2
22 0 215 1
354 0 437 2
341 2 386 2
81 0 4 2
454 0 458 1
52 0 261 0
371 0 208 2
345 0 379 1
333 0 329 1
102 0 252 1
320 0 261 0
268 0 309 0
427 0 164 1
115 0 110 2
202 0 342 2
99 0 64 1
14 0 330 2
343 0 47 2
252 2 365 1
235 0 195 1
299 2 424 2
354 0 225 1
48 1 343 2
96 1 346 2
420 0 109 0
397 1 213 2
86 2 382 2
117 2 250 2
451 0 121 2
46 0 271 1
367 0 326 1
375 1 301 2
458 0 359 1
139 0 229 2
396 0 241 0
363 0 436 2
150 1 226 2
171 0 313 2
86 1 383 2
419 0 153 1
143 0 125 2
113 1 159 1
276 2 361 2
266 1 192 2
280 0 111 2
429 0 357 2
267 2 375 2
141 0 127 0
44 0 10 0
341 2 251 2
478 1 157 2
410 0 122 0
412 2 388 1
348 0 286 2
325 0 102 1
279 2 352 1
182 2 317 2
269 0 113 1
432 2 460 2
262 2 160 2
262 0 38 0
394 0 75 2
39 0 150 2
154 0 275 2
471 0 329 1
337 0 113 0
360 1 110 2
46 0 11 1
250 0 409 2
430 1 215 2
272 0 143 2
108 0 476 0
111 0 396 1
268 2 405 2
113 1 345 1
109 1 383 1
43 0 32 0
1 0 51 1
285 0 268 1
133 0 410 1
12 0 69 1
476 1 3 2
445 0 227 2
86 0 410 2
296 0 269 1
58 0 263 1
142 1 184 2
1 0 23 0
174 0 363 2
487 0 221 0
181 0 31 1
32 0 93 1
92 2 385 1
129 0 407 1
99 0 108 2
114 0 416 1
272 1 229 1
98 0 122 1
474 1 192 1
118 0 377 2
109 0 475 1
30 0 308 2
161 0 149 1
476 0 182 2
290 0 246 2
154 0 470 1
343 1 77 2
2 0 78 0
259 2 225 2
110 0 294 2
251 0 333 2
326 0 151 1
99 0 405 1
372 0 136 2
418 0 256 1
273 0 8 1
241 0 161 1
243 0 334 0
228 0 229 1
395 2 192 2
367 1 377 2
266 0 315 0
248 0 338 1
16 0 103 2
453 0 448 1
447 1 463 2
14 0 85 2
288 0 485 1
282 2 444 1
235 0 379 2
302 2 438 2
160 0 125 1
70 0 92 2
219 0 302 0
260 0 289 2
307 0 50 2
107 0 428 2
107 0 383 0
55 0 26 1
148 0 162 2
214 0 154 2
459 1 450 2
229 0 370 2
287 0 14 1
76 0 410 2
393 2 36 2
223 1 491 2
218 0 305 2
156 2 361 2
135 0 45 2
49 0 183 2
417 0 68 2
349 1 234 1
99 0 326 1
179 2 186 2
394 2 494 2
82 0 219 2
475 0 408 2
467 0 244 2
217 0 364 1
196 0 360 1
205 0 325 1
130 0 431 1
71 0 470 1
6 0 449 2
408 0 463 1
199 0 52 1
138 0 119 1
270 0 52 1
248 2 96 1
396 1 397 1
241 0 197 2
384 0 244 1
271 2 349 1
401 0 170 2
59 0 495 2
445 0 91 1
109 0 133 2
498 1 15 2
408 0 287 2
346 1 296 2
492 0 366 1
79 1 247 1
144 2 153 2
82 2 23 2
247 0 184 2
35 0 225 2
487 1 480 1
15 0 273 2
492 0 129 0
483 0 75 1
369 0 267 2
242 0 18 2
176 0 219 2
91 0 458 1
341 0 360 2
284 0 169 0
341 0 500 2
264 0 439 2
27 0 236 2
417 1 40 2
218 0 200 2
438 1 51 2
248 0 154 1
67 0 242 2
201 1 470 2
191 1 229 1
138 2 104 1
146 0 396 0
179 2 400 2
283 0 27 0
249 0 309 1
349 0 441 1
385 0 229 1
419 0 81 2
351 0 218 1
368 0 367 2
146 2 368 2
353 2 112 2
163 0 413 2
417 0 105 1
292 0 150 0
84 1 290 1
132 0 403 1
291 0 40 2
352 0 211 2
111 1 194 1
321 0 359 2
191 0 172 2
57 1 3 2
377 1 402 1
327 0 455 1
113 0 24 0
438 0 221 2
263 2 137 1
343 0 160 1
1 1 74 2
262 2 343 2
360 0 427 0
315 0 296 0
217 0 313 1
25 0 354 2
425 1 132 2
448 2 59 2
87 0 469 1
498 0 103 1
122 2 169 1
384 0 89 1
458 2 385 2
220 1 71 2
378 1 364 2
160 0 202 0
385 0 286 2
28 1 347 2
163 0 349 0
375 0 148 2
339 0 191 2
4 0 418 2
397 0 394 2
20 0 316 1
389 0 245 2
407 1 429 2
227 2 147 2
273 0 445 2
312 2 33 1
180 1 396 2
488 2 208 2
140 1 44 2
427 0 293 1
227 0 18 1
407 1 397 2
258 0 472 1
177 0 434 2
8 0 16 2
459 0 283 0
450 0 56 1
481 0 255 2
206 0 152 1
357 0 46 2
313 1 140 1
406 0 290 2
195 1 418 2
340 0 90 1
461 1 30 1
225 1 156 1
240 0 294 1
272 0 286 2
158 0 185 0
414 0 492 2
37 1 476 1
133 0 43 2
169 0 129 1
422 1 495 2
212 0 71 2
483 1 331 2
246 0 140 2
341 0 356 0
154 0 235 1
239 1 427 1
227 2 145 2
429 0 7 1
494 0 117 1
478 0 341 2
493 0 459 2
308 0 53 1
321 0 61 2
463 2 311 1
162 0 121 1
290 0 183 0
190 0 410 2
244 1 98 1
255 0 348 1
232 2 124 2
175 0 48 2
332 0 161 1
277 0 115 0
392 2 331 2
216 0 348 2
25 0 414 2
353 1 1 2
491 1 335 2
71 0 475 1
351 0 387 2
116 0 270 0
56 1 5 2
163 0 1 0
292 1 354 2
431 2 335 2
34 1 225 2
392 0 252 2
121 0 411 1
463 1 297 1
135 1 255 2
422 0 31 2
497 0 56 1
385 0 338 2
228 1 12 2
120 0 344 1
365 1 312 2
299 0 347 1
235 0 69 0
366 0 180 1
77 1 63 2
89 0 464 1
385 0 471 1
107 0 281 2
379 0 108 1
499 1 52 2
41 0 312 1
404 1 69 2
92 0 185 2
1 0 98 0
386 1 312 1
349 0 266 2
393 0 60 2
169 1 471 2
108 1 443 2
207 1 440 2
24 0 437 2
329 0 249 2
149 1 486 2
462 0 455 2
92 2 385 1
71 0 410 1
47 0 496 1
366 0 341 1
424 1 310 2
419 1 315 1
267 2 194 2
388 0 189 0
175 1 184 2
41 0 82 2
137 0 370 2
60 2 13 1
304 0 166 1
464 1 425 1
380 1 132 2
70 0 328 2
305 0 381 0
463 2 120 1
205 2 123 1
461 0 109 1
99 0 207 2
186 0 57 1
235 2 52 2
168 0 46 2
74 2 217 2
270 0 316 2
423 0 85 1
385 0 10 1
62 0 119 1
99 0 170 1
39 1 122 1
364 0 469 2
390 2 95 2
57 0 456 2
251 0 97 2
286 1 209 1
2 0 294 1
403 2 356 2
441 0 392 2
472 1 105 2
41 0 254 2
455 0 425 2
378 0 190 1
324 1 14 2
460 0 71 1
207 0 274 2
109 0 146 2
329 0 257 1
168 0 80 1
252 0 159 2
204 1 166 1
312 0 372 0
500 0 357 2
202 0 283 1
246 0 341 0
230 1 191 2
24 0 44 1
329 1 17 2
160 0 81 1
108 0 426 1
456 0 209 2
164 2 247 2
39 0 133 1
467 0 28 1
257 1 103 1
367 0 323 2
28 1 204 2
442 0 297 1
12 0 138 1
376 0 404 1
59 0 205 2
215 1 71 2
32 0 388 1
469 2 361 1
398 0 83 0
60 0 470 2
344 0 128 0
218 0 136 2
44 1 146 2
372 1 151 2
202 1 127 2
258 0 125 1
32 0 31 2
62 2 313 2
316 2 339 1
462 0 30 2
59 0 280 0
231 0 124 0
433 0 154 2
1 0 157 1
292 1 329 1
424 0 383 0
459 0 185 1
499 0 362 1
8 2 148 2
438 0 229 2
270 0 413 2
278 0 294 2
399 1 32 1
231 0 299 2
99 0 214 1
227 0 3 1
263 2 473 2
125 0 186 2
460 1 443 1
371 1 415 2
477 0 136 2
338 0 234 1
350 0 299 2
326 0 318 2
494 0 312 0
6 0 93 2
365 0 249 1
336 0 319 2
45 1 334 2
247 0 484 2
263 0 275 2
464 2 245 2
71 0 106 1
371 0 72 2
422 2 315 1
326 1 266 1
340 0 494 2
410 0 8 1
445 1 486 2
354 1 240 2
109 0 425 1
186 2 192 2
180 0 269 2
500 0 188 0
195 1 105 2
297 0 485 1
484 0 227 1
168 0 238 2
5 2 389 2
270 0 76 2
78 0 469 1
226 0 450 2
329 0 238 2
366 0 117 2
468 0 86 2
372 2 96 2
347 2 114 2
60 2 283 1
304 1 348 2
284 0 38 1
359 0 81 1
169 1 119 2
271 0 230 1
60 1 122 1
364 0 204 2
390 0 355 1
390 0 145 1
272 0 82 1
432 2 160 2
211 1 10 2
176 0 186 1
248 0 271 1
111 0 327 1
139 1 339 2
82 2 435 1
498 0 15 1
241 0 1 1
191 1 151 2
463 0 218 2
14 0 190 2
236 1 136 2
167 0 420 2
274 0 196 1
475 0 132 1
371 0 382 1
274 0 10 2
166 1 237 2
415 1 368 1
254 0 390 1
222 1 240 1
460 1 446 2
190 0 149 1
189 0 158 2
192 0 184 2
500 0 376 1
466 0 224 2
306 0 470 2
344 1 467 1
448 1 70 1
421 0 117 1
39 0 204 1
447 1 202 1
350 1 173 1
472 0 238 1
186 0 188 2
31 2 106 2
493 0 315 1
19 0 23 2
403 0 486 2
265 1 356 2
117 0 276 2
51 0 483 2
160 0 320 1
79 0 486 1
118 1 270 2
86 0 330 2
456 0 484 1
234 0 313 1
305 2 372 2
90 2 6 2
32 0 25 1
305 0 351 1
173 1 324 2
422 2 159 2
37 0 288 2
465 0 282 2
272 0 434 1
313 0 75 2
56 1 304 1
381 0 147 0
237 1 421 2
186 1 361 2
386 0 108 1
141 0 324 2
93 0 379 2
99 0 132 1
146 0 7 1
166 0 243 0
156 0 49 1
18 2 130 2
251 0 364 2
231 2 318 1
44 1 325 2
163 0 110 0
133 1 91 1
174 1 373 2
364 0 61 2
82 0 195 0
337 1 271 2
387 2 301 2
289 0 214 2
320 2 272 2
417 0 15 2
473 0 295 2
220 1 314 2
99 0 88 1
108 2 334 1
173 0 292 2
185 0 323 1
251 1 391 2
109 1 440 2
417 0 34 1
149 1 222 1
189 0 353 1
200 1 41 1
375 0 481 2
286 0 80 1
349 0 226 1
192 0 292 2
236 0 332 0
50 2 366 2
147 0 135 2
145 1 10 2
393 0 324 1
424 0 425 2
294 2 296 2
458 0 140 1
17 0 488 1
449 0 358 2
221 0 171 2
124 1 216 2
70 0 381 1
372 0 477 1
325 2 402 2
101 0 393 1
212 0 449 2
445 1 214 0
36 0 415 1
197 2 358 2
195 0 228 2
277 0 315 0
226 0 301 1
448 0 409 0
337 0 413 1
72 0 144 1
379 2 75 1
215 0 134 1
136 0 38 0
57 1 348 2
93 0 217 0
121 0 54 2
453 0 113 0
401 0 421 1
140 1 498 2
162 1 435 1
404 1 53 1
319 0 51 1
239 1 329 1
331 0 388 2
388 1 210 2
333 0 374 0
290 0 403 2
302 2 120 2
153 1 141 1
34 0 124 1
224 2 89 2
48 0 191 2
274 0 126 1
217 1 406 2
131 1 29 2
134 0 85 2
154 0 152 2
367 0 149 2
483 0 418 1
390 1 217 2
82 0 326 1
281 0 359 2
428 0 75 0
491 0 190 2
45 1 485 2
370 0 137 0
207 0 159 2
130 0 228 0
126 1 451 1
144 2 105 2
164 0 297 1
324 1 488 2
232 0 85 2
313 0 500 0
35 0 473 0
363 1 111 2
90 1 286 2
69 1 376 1
1 0 308 2
465 0 351 1
275 0 310 2
143 0 29 2
277 0 239 1
299 2 453 2
157 2 162 1
302 1 487 2
176 2 466 1
104 0 126 1
24 2 216 2
197 1 266 2
248 0 352 2
418 0 154 1
341 0 146 2
222 1 388 2
24 0 244 2
265 0 390 2
226 1 405 1
351 1 435 2
140 1 357 2
202 0 38 2
50 1 236 2
331 0 174 2
329 2 280 1
156 0 154 1
11 0 134 2
44 0 56 2
467 0 157 1
427 0 117 2
459 0 320 1
298 0 101 2
491 0 436 2
24 2 198 2
465 0 424 2
92 1 41 2
51 2 55 2
53 0 106 2
8 0 246 2
300 2 81 2
439 1 425 2
151 0 253 2
346 0 48 2
41 0 480 2
231 1 28 2
441 0 237 1
145 1 497 2
175 0 140 2
73 1 105 1
399 1 131 2
23 0 3 1
296 0 28 2
351 0 390 2
208 0 239 1
299 0 59 2
157 0 459 2
39 2 447 2
415 0 383 2
171 0 339 0
100 1 256 2
181 0 311 0
314 1 264 1
232 0 139 2
86 0 354 2
414 0 339 1
484 2 254 2
162 1 371 2
333 1 207 0
46 0 19 2
336 0 125 2
465 1 19 2
83 0 268 2
436 0 384 0
214 2 280 2
248 0 149 1
294 1 300 2
57 2 40 2
225 2 367 2
223 2 496 2
389 0 14 0
161 0 482 1
362 0 311 2
222 2 396 2
70 1 411 2
362 0 28 1
95 0 140 2
11 0 298 2
83 0 438 1
214 1 460 1
412 0 323 2
138 0 333 1
41 0 15 2
445 1 166 1
24 0 399 1
306 0 67 2
177 1 264 2
176 0 431 2
210 2 217 2
17 0 91 2
206 0 135 1
465 0 231 2
124 0 131 2
339 1 451 2
444 2 247 2
342 0 149 1
99 0 391 2
262 2 33 1
460 0 473 1
330 0 478 1
400 0 402 1
446 0 165 2
400 0 281 1
185 0 313 2
182 0 464 1
68 0 356 2
230 2 48 2
125 0 500 0
340 0 2 2
449 0 151 2
262 0 52 1
66 1 291 1
61 1 393 2
399 0 388 2
375 1 334 1
272 0 481 1
190 0 328 1
397 1 170 2
113 1 493 2
48 0 374 1
353 0 489 0
235 1 4 2
110 0 56 2
177 1 269 1
254 0 351 1
82 2 288 2
355 2 397 2
396 2 137 1
311 0 10 2
480 0 308 1
5 0 103 2
101 2 30 2
495 0 333 1
316 0 130 2
350 0 55 0
135 0 422 2
131 0 298 1
173 2 12 2
450 1 250 2
105 0 112 1
205 0 392 0
436 1 447 1
193 0 160 0
153 1 409 2
62 0 11 1
122 2 99 2
439 2 233 2
233 0 28 1
289 1 91 1
34 1 167 1
160 1 286 1
130 0 345 1
122 2 307 2
289 0 500 0
144 1 247 1
319 0 139 2
82 1 461 1
447 1 262 2
302 0 121 1
296 0 112 1
96 1 455 2
460 0 14 2
270 0 384 1
355 0 211 1
245 0 100 0
19 2 169 2
18 1 237 1
192 0 126 2
179 0 405 0
112 0 128 0
36 0 110 1
229 0 350 2
360 0 155 2
489 1 278 2
143 0 329 1
403 0 19 1
65 0 278 0
150 0 382 1
449 0 468 2
115 0 122 1
223 1 355 2
300 0 419 2
374 0 60 2
390 0 357 1
139 1 477 2
89 1 93 2
478 1 238 2
445 0 201 1
402 0 137 1
397 0 28 2
217 0 412 2
431 1 422 1
323 2 275 1
352 1 95 1
50 1 438 1
197 0 204 1
499 0 224 1
30 0 258 1
396 1 161 2
64 1 401 2
33 0 431 2
419 2 375 1
147 1 358 2
372 2 210 2
39 2 100 2
205 2 370 1
354 0 28 2
183 0 348 2
259 0 76 1
449 0 340 2
342 1 491 2
370 1 104 1
344 0 82 2
304 0 292 2
330 1 45 2
288 0 399 2
373 1 354 2
371 0 472 1
414 1 217 2
121 2 278 2
477 2 202 2
464 1 412 2
490 0 325 1
498 1 121 2
482 2 495 2
176 0 363 1
172 2 98 1
52 0 15 2
199 1 21 1
397 0 373 2
315 2 440 2
241 0 122 1
461 0 101 2
50 1 485 1
6 0 23 2
125 0 447 0
456 2 210 2
368 0 308 2
299 0 247 2
464 1 190 1
164 1 141 2
311 1 183 2
304 1 164 2
37 1 278 1
215 0 404 1
427 0 3 2
410 2 83 2
9 1 218 2
138 0 129 1
351 1 105 1
304 0 85 2
113 0 237 1
33 0 231 2
59 0 370 1
439 1 232 2
367 0 146 2
130 0 347 1
487 2 257 2
178 0 318 1
61 0 469 1
199 2 346 1
92 0 52 1
420 0 443 0
169 0 162 2
273 0 326 2
368 0 321 2
491 0 238 2
39 0 359 1
484 0 187 1
466 0 288 0
154 1 490 1
393 0 341 2
294 2 139 2
87 0 305 1
94 0 228 2
181 1 40 1
50 1 87 1
65 1 153 2
409 2 33 2
5 1 240 1
133 1 63 2
168 1 319 0
328 1 137 1
403 0 85 1
406 1 23 2
461 1 212 2
257 0 244 2
440 1 109 2
220 0 448 2
131 0 381 1
462 1 479 2
106 0 338 2
142 0 299 2
7 1 485 2
49 0 122 2
499 0 195 2
252 0 262 1
365 1 398 1
235 0 421 1
6 1 241 1
446 0 226 1
377 0 457 2
208 0 482 2
402 0 396 1
275 0 461 1
90 2 222 2
184 0 240 1
239 1 195 1
163 2 14 2
397 0 55 2
25 2 137 2
410 1 163 2
269 0 153 1
175 1 68 2
367 0 97 2
193 0 179 1
432 2 389 1
115 2 358 1
163 0 277 0
399 2 209 1
393 0 492 1
187 1 167 1
228 1 376 2
265 0 49 2
359 2 451 2
8 1 2 1
312 2 339 1
380 0 17 2
299 2 160 2
4 1 194 1
157 0 440 0
424 2 306 1
326 0 426 2
228 0 487 2
77 1 209 1
227 2 29 2
84 0 305 2
68 1 459 2
13 0 486 2
231 1 317 2
452 0 415 2
397 0 307 1
425 2 430 2
48 0 165 2
170 0 135 2
461 1 443 1
209 0 421 2
160 0 429 2
203 0 59 2
450 0 231 1
346 0 205 2
310 0 157 2
111 0 300 1
284 0 155 2
437 0 87 2
488 0 49 2
100 0 163 1
39 0 395 2
467 0 491 2
475 0 106 2
50 1 439 2
134 2 334 2
492 1 216 2
465 0 184 1
332 1 151 1
291 0 183 0
409 1 407 2
442 0 194 2
466 2 260 1
96 1 238 2
290 0 153 2
340 0 197 1
179 0 151 2
146 0 390 2
453 0 127 0
465 0 188 1
108 1 184 2
496 1 151 2
398 1 53 2
280 0 64 2
417 0 206 1
9 1 335 2
10 0 151 2
142 0 476 2
23 1 406 2
489 0 275 0
255 0 137 0
106 0 447 1
173 0 163 2
243 0 203 1
433 0 289 2
13 0 119 2
62 1 15 2
466 1 68 1
137 0 57 2
184 0 325 1
239 1 187 1
41 0 175 2
350 0 456 2
267 0 193 2
41 0 39 2
232 0 191 2
97 1 232 1
123 0 137 1
405 0 426 2
383 0 239 2
402 0 236 2
444 2 13 2
17 1 171 2
110 0 26 2
100 0 16 1
115 1 344 2
128 1 405 2
232 0 221 1
279 1 204 2
84 0 79 1
89 0 111 1
115 0 63 2
326 0 238 1
76 0 205 2
171 0 203 2
101 0 137 2
1 2 183 2
359 1 453 1
202 0 432 1
349 1 14 2
290 1 53 1
317 1 68 2
366 0 465 2
34 0 469 2
107 1 322 1
416 1 249 2
223 0 12 1
3 0 64 1
355 0 38 2
347 2 221 2
206 1 486 2
342 2 265 2
120 0 73 2
337 0 130 2
51 1 220 1
423 0 499 1
30 0 303 1
414 0 111 1
111 2 109 2
374 1 454 1
124 0 291 1
343 0 428 1
91 0 236 1
455 0 49 0
399 1 282 1
292 1 408 1
388 0 457 2
8 1 9 2
268 2 212 1
110 2 349 1
298 0 304 2
473 0 332 1
1 0 370 1
319 0 252 1
119 0 463 2
170 0 293 1
302 0 98 0
110 0 1 0
2 0 171 1
288 0 142 2
340 1 415 2
324 0 85 1
248 0 83 0
369 1 222 2
29 1 471 1
415 2 417 2
6 0 438 2
416 2 372 1
109 0 283 1
344 0 6 2
180 0 256 2
243 0 405 2
198 0 264 2
283 0 438 0
395 2 318 2
74 1 406 1
398 2 209 2
177 0 295 2
2 0 369 2
213 1 123 1
494 2 147 2
57 1 254 1
108 0 245 2
399 1 200 2
207 1 346 2
497 1 21 2
192 0 488 2
350 2 286 1
442 0 15 1
15 0 4 2
389 0 359 1
375 0 134 2
474 0 111 1
23 0 487 1
372 0 182 1
126 0 192 0
293 0 136 2
210 0 58 2
303 0 246 2
23 0 423 1
148 0 99 2
70 0 201 1
243 0 325 2
375 0 231 2
402 0 240 2
228 0 132 2
337 0 283 1
26 0 224 2
313 2 286 2
354 0 376 0
251 0 377 2
457 0 308 1
436 0 303 2
359 0 498 1
319 0 464 2
21 0 17 2
159 0 225 1
415 0 235 1
408 0 495 2
151 0 79 1
350 0 498 1
497 0 217 0
75 1 332 2
182 0 469 2
148 0 321 2
283 0 399 1
320 1 54 2
181 1 148 1
110 1 160 1
199 2 493 2
157 0 418 0
299 1 224 2
62 1 386 2
387 0 355 2
14 0 135 2
307 0 469 1
83 0 418 1
350 0 341 0
104 0 132 2
81 0 377 1
2 1 126 2
497 0 398 2
250 2 215 2
448 0 97 2
387 1 85 2
479 0 58 2
255 1 401 2
262 1 256 2
465 0 332 1
30 1 407 1
307 0 283 1
7 0 132 2
383 0 187 1
282 0 250 0
167 2 402 2
7 0 435 1
262 0 393 0
51 0 344 2
366 1 340 2
60 1 454 2
48 0 112 2
65 1 313 2
96 1 285 2
329 0 330 1
438 2 195 2
6 0 52 2
202 2 462 2
324 1 463 1
426 0 353 1
391 0 262 1
449 0 8 2
191 0 435 2
453 0 91 0
492 1 139 1
498 1 48 2
103 0 375 1
170 0 290 1
500 2 169 2
261 1 414 2
73 0 191 2
171 2 189 1
466 0 282 1
190 1 104 1
154 0 126 1
61 0 324 2
220 0 357 1
200 1 405 2
359 2 378 2
132 1 419 2
288 0 426 1
389 0 95 1
3 0 436 1
441 0 249 1
68 0 220 1
494 2 1 1
21 0 347 1
234 0 417 1
228 0 484 1
129 1 2 1
344 0 338 2
37 0 438 1
135 0 102 2
418 0 439 2
200 0 242 2
97 1 210 1
359 1 332 2
151 0 310 1
281 0 150 2
7 0 112 1
431 2 254 1
320 0 417 0
296 0 346 2
495 1 352 2
4 0 211 1
284 0 379 2
362 0 212 2
206 0 104 2
48 0 269 1
45 1 325 2
358 0 204 2
332 0 255 1
451 0 29 1
275 0 310 2
253 0 412 2
342 0 56 1
79 0 85 2
466 0 315 0
73 0 426 0
66 2 59 1
158 0 93 2
382 0 423 2
291 1 493 2
225 1 328 2
65 0 175 2
145 1 196 2
54 0 465 2
380 0 44 1
80 0 385 2
432 0 282 0
256 2 415 2
39 1 252 1
301 2 473 1
181 1 395 2
44 2 327 1
424 0 49 1
295 0 27 0
5 2 245 2
264 0 386 2
259 2 251 1
131 1 197 2
447 0 248 0
38 1 70 2
352 0 244 2
151 0 235 2
175 0 472 1
50 1 409 2
413 0 76 2
459 0 105 1
39 2 75 1
200 1 174 1
343 0 421 2
417 0 266 2
264 0 426 2
323 0 314 1
141 0 138 1
481 0 236 2
77 0 449 2
123 0 84 2
174 0 397 0
260 0 229 0
199 1 300 1
34 2 116 1
8 1 447 1
467 1 183 2
395 1 151 1
485 0 92 2
294 2 212 2
65 0 365 1
373 1 371 2
137 0 490 2
38 1 272 2
27 0 114 1
329 0 181 0
126 1 408 2
331 0 412 1
227 1 185 1
409 2 327 2
116 0 166 1
475 0 414 0
237 0 35 0
110 0 387 2
435 0 88 1
173 0 2 2
170 0 171 2
185 0 498 1
108 0 350 2
476 0 33 0
453 0 305 1
93 0 11 2
109 0 211 2
156 1 160 2
368 1 186 2
99 1 332 2
348 0 130 1
469 1 7 2
414 0 431 2
49 0 476 1
31 0 352 1
358 0 424 2
238 0 56 2
339 0 168 2
6 0 336 1
225 2 405 2
2 0 211 1
167 1 212 1
448 0 325 1
348 2 47 2
37 0 252 2
41 0 52 2
146 2 349 1
38 0 65 2
449 0 213 1
422 0 161 1
427 0 390 2
121 1 287 1
157 1 9 2
366 0 37 2
47 0 309 1
483 0 130 2
401 2 403 1
397 0 105 1
439 0 331 2
328 0 441 1
469 1 447 1
235 0 430 0
4 0 277 1
122 1 272 2
19 2 212 2
122 0 487 2
122 2 408 1
36 0 70 2
120 0 144 2
96 1 48 2
28 0 478 1
62 1 154 2
484 1 130 2
463 0 464 1
490 0 69 0
374 1 49 2
354 0 233 2
251 0 130 1
310 0 174 0
233 0 97 2
279 1 175 1
386 1 43 1
434 0 204 2
109 0 389 1
196 0 145 2
84 0 80 0
259 0 56 2
332 0 239 1
153 0 50 2
354 0 197 2
383 0 173 1
228 0 134 2
380 0 214 2
463 2 346 1
349 0 242 2
31 0 333 2
366 0 498 1
263 2 143 2
354 0 355 1
282 1 73 1
467 0 323 2
218 2 397 2
68 0 199 1
342 0 231 2
266 0 351 1
96 0 428 2
286 0 448 2
414 1 24 2
398 1 228 2
12 1 95 2
480 0 398 1
262 2 363 2
343 0 363 1
363 0 348 2
42 2 111 1
9 2 430 2
233 0 264 1
289 1 196 2
176 0 392 0
247 0 475 1
181 1 127 1
298 0 5 2
39 2 407 1
317 0 230 2
121 1 490 2
449 0 399 2
421 1 376 2
355 1 164 2
61 1 490 1
488 0 86 2
393 1 408 2
49 0 456 2
184 1 143 2
109 0 6 2
417 0 464 2
492 1 488 2
29 1 353 2
422 0 19 2
178 0 242 2
129 1 157 2
122 0 445 2
122 0 338 1
287 0 305 2
270 2 443 2
454 2 250 2
46 0 289 2
322 0 348 1
55 0 87 2
177 2 108 2
111 0 208 1
200 0 78 0
37 0 238 1
157 0 450 1
149 0 361 2
73 0 371 1
293 0 259 0
3 0 325 2
457 0 493 2
350 0 204 2
413 1 173 2
431 0 489 0
265 0 361 0
41 0 457 2
24 0 77 2
202 1 433 1
28 0 294 2
498 1 360 2
437 1 119 1
480 0 466 1
234 0 29 2
69 0 359 1
413 0 364 2
221 2 298 1
150 2 461 2
151 1 18 2
175 0 308 1
352 0 229 0
168 0 399 2
462 0 479 1
214 0 396 1
134 0 18 1
47 0 125 2
467 0 5 2
449 0 164 2
276 2 248 2
401 0 465 2
105 1 312 2
353 1 324 2
370 0 347 2
350 1 438 2
318 0 236 2
331 0 93 2
324 1 443 2
434 0 119 2
101 1 250 2
444 1 452 1
155 1 401 2
227 1 250 1
384 2 198 2
159 1 489 2
76 0 320 1
309 0 378 1
168 2 223 2
202 0 100 2
169 1 208 2
445 0 122 0
297 0 209 1
38 0 290 2
171 2 467 2
189 1 372 2
102 0 62 1
14 0 61 2
57 2 98 2
138 0 24 2
120 0 189 2
132 1 420 2
2 1 69 2
13 0 495 1
358 1 337 2
441 0 452 2
193 0 126 1
61 1 62 1
439 2 317 2
327 0 272 1
255 1 227 2
392 0 190 2
116 0 364 2
297 0 308 1
372 0 367 0
16 0 311 2
387 1 311 2
8 0 271 0
156 0 284 0
344 0 490 1
373 1 247 2
58 2 438 2
213 0 126 2
369 1 325 2
500 0 289 2
221 0 50 1
242 0 341 2
183 0 152 2
485 2 327 2
120 0 405 2
21 0 428 1
39 2 405 1
285 0 144 2
461 0 418 2
333 0 362 2
46 1 304 2
133 0 205 1
162 2 373 2
66 1 334 2
387 2 37 2
479 0 442 1
152 1 178 1
30 0 461 2
356 1 285 1
163 0 350 2
479 1 38 1
345 0 90 2
239 0 462 0
167 0 252 2
87 0 153 1
188 0 71 2
348 2 438 2
303 0 132 1
6 0 286 0
416 0 363 1
383 0 456 2
493 1 232 2
53 0 93 2
289 0 359 0
159 0 72 0
85 2 365 1
231 0 23 2
333 0 199 0
141 0 164 0
351 0 25 2
242 0 193 1
80 0 43 1
270 0 448 1
116 0 158 2
153 0 360 1
231 1 358 1
376 0 267 1
215 0 434 0
274 2 288 2
73 1 471 2
315 0 117 2
190 0 317 2
55 0 180 1
61 0 214 2
144 2 284 2
145 2 385 1
411 0 217 1
45 0 257 2
88 0 410 1
350 1 74 1
269 0 402 1
94 2 321 2
400 0 11 0
293 0 93 1
75 0 122 2
6 1 218 2
303 0 412 2
484 0 477 2
298 0 241 2
471 0 282 1
335 0 118 0
171 1 198 1
427 0 352 2
363 0 58 2
89 0 282 0
340 0 250 2
276 0 12 2
415 1 75 2
102 0 64 1
314 1 405 2
416 2 96 1
182 0 345 1
21 1 372 2
367 0 117 1
465 1 245 2
477 0 140 1
1 0 237 2
474 0 51 1
89 1 293 1
85 2 446 1
382 0 36 1
434 0 396 2
267 0 259 2
387 2 71 1
86 0 201 1
256 1 378 2
176 2 170 1
204 0 391 1
291 2 86 1
10 0 17 2
499 1 14 2
500 0 316 1
186 0 17 2
443 0 376 2
416 0 467 1
344 1 112 2
328 0 31 1
412 0 402 1
203 0 347 2
222 1 494 2
249 0 455 2
485 1 371 2
187 1 1 1
35 0 20 0
443 0 451 2
118 1 36 1
395 2 13 1
368 0 475 2
359 2 309 1
145 0 279 2
425 0 338 2
406 0 28 2
498 0 488 0
350 1 47 2
500 0 400 2
80 0 412 2
437 2 273 1
282 2 450 2
363 0 122 2
178 0 421 2
135 0 194 0
242 1 456 2
233 0 231 1
342 1 328 1
323 0 491 0
80 2 49 2
227 2 352 1
86 0 454 1
465 0 479 2
403 1 1 2
66 0 498 2
112 1 240 1
123 1 468 1
499 0 341 1
330 0 351 1
317 0 261 1
12 0 349 0
381 1 4 1
42 2 452 2
3 2 233 2
225 2 283 2
186 1 51 2
291 0 402 0
204 0 68 1
212 0 190 2
1 0 165 2
389 0 261 2
423 2 223 2
7 1 448 1
400 0 141 2
190 0 211 2
182 0 18 2
341 0 199 2
254 0 277 2
454 0 267 0
292 1 281 1
160 0 353 1
423 0 417 1
107 0 425 1
473 1 372 1
138 0 394 1
488 1 184 2
18 2 159 2
175 0 96 2
31 1 338 1
30 1 366 1
424 1 479 1
254 2 318 2
459 0 44 2
384 1 346 1
175 0 288 2
169 1 153 2
500 0 343 1
156 0 458 1
436 2 415 1
286 1 269 2
427 0 455 1
275 1 304 2
47 2 287 1
424 2 151 2
455 0 498 1
206 0 125 1
9 1 339 2
281 0 360 1
203 0 366 0
417 0 425 2
145 0 285 0
89 2 266 2
380 1 303 1
128 0 88 1
93 1 26 2
413 1 1 1
117 2 433 1
455 0 226 1
92 0 235 2
272 0 76 1
77 0 190 1
414 0 100 2
168 0 233 0
485 1 272 2
67 0 201 2
304 0 102 1
438 0 454 2
265 1 96 2
56 0 379 2
222 1 398 2
430 0 408 2
190 0 61 1
46 0 347 2
495 0 440 0
310 0 359 2
43 0 149 1
97 0 213 2
374 1 50 2
22 1 28 2
359 1 4 1
98 0 75 2
85 0 332 0
185 0 292 2
140 2 217 1
197 0 268 2
463 0 209 2
66 0 62 1
316 0 206 0
84 0 231 2
160 0 215 2
336 0 465 1
40 0 61 2
182 0 137 1
413 0 386 1
415 0 485 2
146 1 298 1
83 0 101 1
396 1 65 1
360 1 484 1
420 0 147 2
193 2 403 2
461 0 18 1
367 0 474 2
20 0 80 2
194 0 430 2
331 0 227 1
462 0 257 2
369 0 405 0
34 1 23 1
435 0 390 2
308 0 237 2
357 0 297 2
47 0 15 1
114 0 399 2
419 0 358 1
419 1 184 2
185 0 432 2
145 1 36 1
153 0 178 1
153 0 289 1
81 1 119 1
228 1 98 2
435 1 281 2
472 0 372 2
241 0 442 1
289 0 48 0
8 0 99 0
218 2 46 2
491 1 112 2
290 0 143 2
277 2 371 2
84 2 337 2
296 0 339 2
409 0 340 1
197 0 457 2
427 0 345 2
411 0 331 2
391 0 34 2
435 1 33 1
231 0 310 2
415 0 493 0
261 2 328 2
258 0 82 2
265 0 43 1
389 0 171 2
199 0 19 1
252 0 201 1
155 1 27 1
60 0 432 1
311 2 273 2
177 2 372 1
452 2 406 2
194 0 193 2
232 0 5 1
492 2 132 2
54 2 233 1
355 1 198 1
479 1 441 2
47 0 359 2
124 0 118 1
103 2 489 2
422 1 202 2
163 2 471 1
474 0 352 2
229 0 448 2
145 0 191 2
453 1 364 2
308 0 464 2
147 0 248 1
207 0 120 1
24 0 486 2
102 0 454 1
249 1 181 1
361 0 343 2
461 0 425 1
445 2 162 1
285 0 309 0
244 0 172 1
212 1 306 1
484 2 474 2
93 2 374 2
244 2 13 1
431 1 164 2
455 0 341 1
222 2 41 2
73 2 122 2
249 0 63 1
436 1 93 2
347 2 312 2
239 2 101 2
254 1 53 2
298 0 178 0
448 2 162 1
87 2 167 2
5 1 109 2
70 1 148 2
201 0 295 2
353 0 29 2
294 0 190 2
188 2 80 1
384 1 495 2
170 0 477 2
399 1 22 2
86 0 286 1
475 0 449 1
79 0 191 2
110 2 296 1
76 0 363 2
482 0 298 0
320 1 408 2
294 2 10 2
298 0 35 1
213 0 86 1
462 0 383 2
162 0 342 2
441 1 371 2
399 2 17 2
189 0 88 2
158 1 417 2
322 0 195 1
201 0 127 0
393 1 496 1
287 0 489 2
261 0 237 1
377 1 180 2
337 0 265 2
4 0 290 2
282 0 107 2
105 0 66 1
213 0 423 1
40 0 34 1
479 0 155 2
146 1 136 1
365 0 460 1
271 0 56 1
33 0 330 1
293 1 141 2
103 0 213 0
316 2 467 2
409 0 250 1
54 0 35 2
237 0 434 1
350 2 207 1
190 2 19 2
20 0 252 1
185 2 270 2
470 0 168 1
428 0 431 2
470 2 346 2
481 0 163 2
57 0 204 2
195 0 60 1
124 0 303 2
410 1 202 2
147 0 471 1
190 1 87 2
373 0 147 1
97 0 259 0
285 0 351 1
321 0 316 1
232 1 349 1
167 2 113 2
24 2 71 2
43 1 346 1
353 0 165 2
142 0 438 2
473 1 403 2
340 0 168 2
460 1 116 2
373 0 235 2
206 0 52 2
78 0 453 2
31 1 113 1
462 0 269 1
461 0 347 2
48 1 216 2
463 1 334 1
84 1 356 2
214 0 348 1
350 1 3 2
158 0 71 1
259 0 343 0
457 0 63 1
264 1 393 2
13 0 124 2
359 1 434 2
498 0 436 2
382 1 356 2
448 0 47 1
112 2 35 2
359 0 112 0
452 1 415 2
348 2 169 1
156 0 459 1
83 0 194 1
256 1 92 2
82 2 283 2
374 0 280 2
27 0 447 1
23 1 377 2
492 0 395 1
264 1 203 2
110 2 232 2
86 0 157 2
54 0 218 2
396 0 24 2
348 0 31 1
349 0 182 2
479 0 285 0
483 0 236 2
185 0 118 2
165 0 467 1
58 2 302 2
261 0 387 1
98 0 436 2
105 0 443 1
382 0 69 2
289 0 439 1
110 0 419 2
179 0 8 0
436 2 483 2
18 0 479 2
254 0 401 1
129 1 429 2
135 0 113 1
186 0 341 2
387 0 394 1
259 0 476 2
186 0 455 2
478 0 296 0
230 1 423 2
113 1 395 2
81 0 30 1
244 2 195 1
204 0 346 1
78 0 214 1
62 1 147 2
475 0 348 1
212 0 289 1
284 1 415 2
172 1 429 1
91 0 144 2
287 0 202 1
3 0 336 2
430 0 455 2
41 0 451 2
222 0 434 2
81 2 383 2
345 0 155 1
198 0 34 2
214 1 96 1
422 0 370 1
387 2 195 2
485 0 388 0
474 0 427 1
224 1 342 2
205 1 8 2
202 1 433 1
220 1 339 1
460 1 254 2
55 0 477 1
463 0 495 0
195 0 321 2
230 0 321 0
51 0 335 1
2 0 148 1
206 1 218 2
406 0 439 2
432 2 389 1
313 0 367 1
163 0 19 0
201 1 189 2
277 1 169 2
151 0 68 1
303 0 198 2
402 0 499 2
369 2 253 1
328 0 330 1
220 2 285 2
475 0 422 2
379 0 441 1
403 0 345 2
3 0 338 2
438 0 224 1
316 2 423 2
404 0 41 1
393 0 165 1
301 0 4 0
409 0 122 1
478 2 162 2
332 0 326 2
254 0 390 2
155 1 74 2
488 2 12 1
319 0 194 1
183 0 84 1
105 0 262 2
283 1 284 2
267 0 58 2
63 2 47 2
85 1 389 1
441 0 489 1
436 1 24 2
407 0 405 2
403 0 413 2
366 0 416 1
40 0 17 2
281 0 272 1
265 1 223 1
452 1 493 2
101 0 233 0
13 1 339 1
70 0 432 1
415 0 203 2
355 0 111 2
147 0 396 1
394 0 183 2
480 0 101 2
36 0 309 2
380 2 67 2
184 0 428 2
92 0 484 2
37 0 99 1
304 0 495 1
352 0 378 1
291 0 442 1
169 0 151 1
209 0 172 1
164 0 64 1
61 1 448 2
213 1 295 2
424 0 325 2
214 0 276 1
149 2 60 2
85 1 324 2
189 0 206 2
112 0 386 1
196 0 350 2
479 0 185 1
347 2 293 2
351 2 484 1
332 0 101 2
377 1 46 1
53 0 110 2
373 2 383 2
418 0 363 2
26 2 307 2
491 2 278 2
257 2 112 1
387 1 371 1
200 0 24 1
429 0 194 0
485 2 24 2
367 1 400 2
440 1 443 2
193 0 235 2
330 1 315 1
298 0 409 2
475 0 121 2
381 1 460 2
481 0 220 0
62 0 471 0
42 0 298 1
365 2 417 2
197 1 222 2
359 2 369 2
70 0 87 2
83 0 12 1
269 0 390 2
319 0 352 2
11 0 37 1
369 0 55 2
482 2 202 2
366 0 445 2
463 1 342 1
472 0 330 1
474 0 369 1
410 1 201 2
153 1 386 2
112 0 205 1
346 0 442 1
336 1 292 2
368 0 416 1
352 2 435 1
443 0 13 1
57 0 154 1
358 0 496 1
104 2 427 2
118 0 18 1
208 0 239 1
170 0 361 2
321 0 83 1
2 0 315 1
154 0 100 0
36 0 134 2
211 1 429 2
434 0 369 1
375 1 259 2
180 0 451 1
297 0 205 2
59 1 55 1
42 0 439 2
24 0 419 2
199 0 90 2
380 0 194 2
38 0 55 2
438 2 123 2
238 0 416 2
498 0 126 0
444 1 211 2
88 0 313 2
24 0 372 1
413 1 120 1
25 1 465 2
145 1 433 2
133 0 377 1
239 2 356 2
307 0 39 2
365 0 320 2
12 1 385 2
461 0 218 1
324 0 19 0
21 1 322 2
318 0 7 1
109 0 390 2
367 0 447 1
43 0 383 0
254 1 105 2
355 2 181 2
235 0 195 1
399 2 464 2
74 1 42 2
399 0 204 2
70 0 67 0
184 0 381 1
179 0 15 2
220 0 404 2
3 0 196 2
247 0 193 2
148 1 114 1
4 2 36 2
244 0 9 1
183 0 207 0
249 0 448 1
249 2 143 2
359 1 150 2
448 0 78 2
391 0 362 1
314 0 389 1
393 0 151 1
143 0 174 2
326 1 351 2
309 0 65 1
472 0 387 2
249 1 90 2
159 1 13 2
302 0 148 1
295 1 308 2
431 2 482 1
427 0 173 2
379 1 78 1
494 0 323 1
331 0 141 2
91 0 179 2
195 2 229 2
162 0 195 2
483 0 473 1
341 0 191 2
181 0 191 2
236 0 286 0
34 0 486 2
69 1 254 2
272 0 69 2
380 0 487 1
233 0 268 2
443 0 498 1
469 2 425 2
176 2 262 2
426 0 229 2
91 0 64 2
260 0 283 2
191 0 483 2
161 1 90 2
445 1 215 2
124 0 202 2
170 0 90 1
209 0 267 2
88 0 436 1
32 0 412 2
218 1 174 2
414 0 19 1
247 0 417 1
366 0 339 0
282 2 72 1
287 1 286 2
24 0 213 1
234 0 422 2
67 0 434 2
38 0 108 2
321 0 330 1
494 1 154 2
58 1 55 0
184 1 315 1
240 1 122 2
402 0 370 1
490 2 318 1
314 0 421 2
416 2 202 1
423 0 234 0
88 0 97 2
446 0 145 2
425 1 471 2
341 2 209 2
96 0 470 2
175 0 113 1
62 0 57 0
244 0 257 2
293 0 413 2
257 0 246 1
77 2 6 2
316 0 224 2
172 2 195 2
399 2 358 1
404 2 164 1
233 2 91 2
43 0 31 1
380 1 472 2
297 0 355 1
212 0 327 2
33 0 226 1
390 1 108 1
364 0 39 1
366 0 185 2
88 1 156 1
63 0 185 2
293 0 83 1
76 0 348 2
423 0 277 2
289 1 396 2
296 0 85 2
247 0 301 2
300 2 330 2
340 0 145 2
157 0 292 0
351 0 379 1
331 0 261 1
49 0 438 1
424 0 325 2
87 1 413 2
418 0 392 1
191 0 465 0
105 1 315 2
97 0 464 2
233 0 206 2
85 0 35 2
332 0 187 2
203 1 21 2
440 1 247 2
187 0 443 0
30 1 53 2
214 1 314 2
371 0 473 2
477 1 132 2
95 0 321 2
261 0 273 2
189 0 124 2
118 1 55 1
48 1 158 2
424 0 388 2
487 0 379 2
348 1 156 1
11 0 298 1
467 0 271 1
416 1 164 2
105 1 120 2
312 2 16 2
92 2 334 2
198 0 241 2
322 0 455 2
6 0 404 2
187 0 117 1
34 1 7 1
114 1 449 2
405 1 437 2
126 0 453 2
325 0 403 1
268 0 397 0
358 0 238 1
364 0 333 1
323 0 254 2
56 1 252 2
214 0 431 1
154 0 292 1
239 1 264 2
258 1 351 2
473 0 350 2
235 0 289 2
229 0 241 1
371 0 223 2
153 0 369 2
388 0 401 1
422 1 293 1
30 0 54 1
302 0 453 2
87 0 193 1
446 1 471 1
295 2 398 2
421 0 177 1
288 0 12 2
399 1 395 1
284 0 44 2
431 0 304 1
109 1 319 2
273 0 56 2
44 1 136 2
356 0 60 1
472 0 206 2
228 0 257 2
71 0 274 1
227 2 166 2
73 0 149 2
254 1 102 1
485 1 349 1
68 0 125 1
460 1 57 2
384 0 489 0
157 0 323 2
91 0 475 1
191 0 31 2
32 0 113 2
46 1 382 1
349 0 51 2
416 0 476 0
397 0 402 1
104 0 81 2
480 0 115 1
115 1 113 1
127 0 347 2
135 1 233 2
413 0 242 2
341 0 52 1
304 0 428 1
405 0 349 0
93 0 127 0
458 1 132 2
226 0 465 2
131 2 373 1
407 0 226 2
417 0 500 1
460 0 266 2
150 0 135 2
305 0 62 0
65 1 361 2
312 0 331 1
498 0 220 1
207 0 154 2
203 1 309 2
111 0 108 2
131 2 208 1
34 0 335 0
107 0 416 1
469 0 340 0
398 2 159 2
3 0 413 2
187 1 234 1
463 1 10 2
431 1 102 1
218 2 285 2
158 2 334 2
48 0 17 1
5 0 208 1
174 0 366 0
475 0 263 1
63 0 330 2
452 1 96 1
133 0 485 2
291 0 300 2
215 0 78 1
121 1 59 2
134 0 415 0
277 1 238 2
29 1 302 2
209 1 254 2
492 0 67 1
154 1 415 2
3 1 298 1
480 0 276 1
252 0 177 1
197 1 122 2
196 0 440 0
35 1 111 2
62 0 288 2
381 0 230 2
30 1 133 1
92 0 356 2
359 0 53 2
367 0 412 2
268 1 189 1
259 2 281 2
426 0 369 1
337 2 307 2
244 0 456 2
352 0 41 0
398 0 82 1
413 0 179 1
44 2 290 2
419 2 49 1
300 0 277 1
236 0 372 1
101 0 332 2
468 0 142 1
457 0 478 2
275 0 463 2
132 0 301 0
410 2 398 2
124 0 74 2
302 1 450 1
495 0 169 0
357 0 147 2
376 0 342 1
221 0 293 0
66 2 212 1
5 1 346 1
433 0 379 2
19 1 337 2
464 0 452 0
301 0 491 2
484 1 133 1
390 0 337 1
491 1 160 1
251 0 259 2
427 0 190 2
152 0 58 1
406 0 295 1
151 2 474 2
495 0 408 2
6 0 98 2
248 0 262 1
457 1 290 2
443 0 479 1
335 0 265 0
117 2 284 1
201 0 271 2
301 0 390 1
48 0 77 2
114 0 23 1
496 0 486 2
321 0 375 2
445 0 294 1
402 0 338 2
4 0 261 1
316 0 1 1
421 2 11 2
272 0 407 0
299 0 257 2
64 2 234 2
440 0 311 2
271 0 344 1
91 0 379 2
412 0 361 0
441 0 79 2
283 0 122 2
343 0 359 2
190 0 132 1
126 1 382 1
414 0 416 2
415 0 442 2
86 0 473 2
221 0 62 0
224 1 58 2
59 0 378 1
428 0 438 1
313 2 13 1
191 2 196 2
21 0 299 2
136 1 111 1
14 0 274 1
285 2 159 2
354 0 319 2
56 2 37 1
295 0 1 0
255 1 127 2
273 0 475 2
188 1 331 1
227 0 310 0
57 0 393 0
346 0 219 1
349 0 129 1
352 1 68 2
334 0 314 1
371 0 366 1
348 0 2 1
305 0 335 2
147 0 93 2
215 1 40 1
476 0 51 2
475 0 2 2
311 0 60 1
59 0 144 1
241 0 255 2
102 0 231 1
315 1 389 2
301 0 254 0
230 0 467 1
296 0 211 2
32 0 11 2
265 0 199 2
362 0 161 2
255 2 158 2
93 2 9 2
487 1 403 2
12 0 219 1
203 0 26 2
205 0 190 0
139 1 112 2
495 0 499 1
372 0 360 2
246 0 427 1
29 2 217 2
121 0 69 1
72 0 2 1
123 0 36 2
271 0 327 2
376 0 292 1
163 0 148 1
185 1 495 2
298 0 427 2
62 0 63 2
447 1 253 2
87 0 297 1
123 0 67 2
82 1 203 1
183 0 12 1
61 1 475 2
354 0 154 2
324 0 402 2
123 0 414 0
492 0 71 0
403 0 351 2
389 1 328 2
40 0 135 1
112 0 439 1
38 0 242 2
295 1 384 2
142 0 71 2
282 1 399 2
413 2 241 1
406 1 260 1
28 0 464 2
301 0 151 2
114 0 260 0
370 2 405 2
180 1 446 2
468 1 281 2
378 0 222 2
219 0 60 2
217 0 117 2
195 0 380 2
106 0 267 1
19 0 236 2
188 1 57 2
89 2 266 2
356 1 121 2
93 0 362 0
53 0 27 2
477 0 25 0
31 1 228 2
283 0 112 2
422 0 458 1
319 0 60 1
33 0 170 2
256 1 198 1
2 0 181 2
287 0 151 2
279 0 497 2
207 0 140 2
432 1 418 1
11 0 326 2
42 0 355 1
442 0 458 1
383 0 266 2
90 0 497 1
398 0 362 1
481 1 170 2
385 0 456 1
36 1 434 2
417 0 138 2
62 2 253 2
130 0 291 2
289 0 155 0
352 2 428 2
443 0 322 2
294 0 106 2
340 0 401 1
315 0 84 2
353 1 214 1
362 1 420 1
120 0 446 1
310 2 196 1
62 0 93 1
6 0 303 1
25 1 408 2
269 0 339 0
54 0 104 2
152 0 184 1
391 1 6 1
286 0 68 2
258 0 35 0
331 0 147 1
394 1 349 2
128 0 346 1
302 0 102 0
468 0 395 2
49 0 357 2
296 0 331 1
315 0 98 2
26 0 301 2
459 0 149 1
145 1 263 1
146 0 63 0
396 1 479 2
305 2 381 2
106 2 136 1
33 0 328 1
395 1 424 1
390 2 59 1
335 0 170 2
69 1 44 2
264 0 366 2
231 0 141 0
174 1 480 2
127 0 74 2
300 1 61 2
393 0 223 2
116 0 163 2
64 0 263 2
32 2 98 2
65 0 451 2
423 0 40 0
267 0 34 2
287 1 457 2
74 1 3 1
295 1 329 2
297 0 348 1
418 1 251 2
284 0 56 1
151 1 339 2
441 0 39 2
48 0 66 2
473 1 500 2
37 0 381 1
208 1 192 2
239 0 80 0
113 0 487 2
302 2 331 2
121 1 225 2
355 0 42 1
291 1 39 2
180 0 193 1
237 0 287 0
457 1 270 1
495 0 202 0
49 1 493 2
3 0 162 0
411 0 439 2
343 0 142 1
436 1 27 2
242 0 368 0
121 0 446 1
477 0 171 1
312 0 180 0
449 0 130 1
43 2 27 2
214 0 336 2
494 0 306 1
100 0 431 1
403 0 165 2
196 0 362 2
281 0 136 1
219 0 42 0
66 0 398 1
193 2 446 2
143 0 113 2
170 0 56 1
428 0 147 2
385 1 2 2
439 1 118 2
176 1 238 1
22 0 67 2
120 0 100 1
406 0 282 1
290 0 318 1
20 0 384 2
357 0 60 2
468 2 114 2
171 0 419 1
95 1 275 1
200 2 311 1
264 1 33 2
431 1 500 1
195 0 209 1
350 1 221 1
399 0 247 1
467 0 42 2
138 1 67 1
435 0 450 1
87 0 24 1
411 0 353 2
139 0 390 2
437 0 89 1
261 2 319 2
484 0 197 2
310 0 325 1
285 1 223 2
65 0 319 2
444 2 389 2
231 0 176 2
284 2 114 2
379 0 11 2
121 0 249 1
147 0 36 0
436 1 384 2
309 0 456 2
364 1 340 1
271 0 268 1
62 0 448 2
167 0 234 0
316 0 449 0
343 0 422 2
66 0 180 0
450 0 106 1
167 0 255 1
98 0 227 2
250 0 134 2
375 2 471 2
35 2 96 2
26 0 493 0
21 1 339 2
154 1 236 2
445 2 245 1
434 0 250 2
170 0 424 1
118 2 317 1
185 1 73 2
340 0 110 2
82 0 49 2
500 0 334 1
52 0 401 1
269 0 5 1
401 1 341 1
162 0 333 2
403 1 158 2
265 1 303 2
476 0 455 1
392 0 499 2
184 1 414 2
284 0 348 1
260 0 144 2
27 0 197 2
121 0 31 2
399 1 62 2
334 0 497 2
343 0 18 2
50 0 211 0
436 0 172 1
347 0 135 2
320 0 485 2
330 2 35 2
173 0 498 1
12 0 377 2
495 0 488 1
486 0 91 0
307 0 160 1
334 1 123 2
461 0 409 1
276 0 252 1
347 0 381 2
117 1 154 2
96 1 81 2
413 2 91 1
232 0 281 1
306 0 196 1
4 0 88 2
140 0 311 2
85 2 462 1
160 1 336 2
394 1 84 2
367 0 487 2
485 1 475 2
177 1 450 1
121 0 227 2
283 0 291 2
92 0 290 0
467 0 487 2
352 0 6 1
196 0 143 1
461 1 37 2
243 0 206 2
75 0 375 0
253 0 260 1
202 0 7 1
363 0 384 1
53 0 93 1
68 1 266 2
474 0 407 1
485 0 74 1
44 0 433 2
288 0 463 2
265 0 156 0
497 1 170 1
422 0 384 0
204 1 130 2
358 0 205 2
380 1 31 2
452 0 359 2
363 1 120 1
249 1 63 1
181 2 67 2
176 0 158 2
91 0 308 2
205 1 383 2
191 2 83 1
309 0 477 2
90 0 86 1
370 1 303 2
307 0 254 1
98 0 205 2
66 0 290 2
42 1 195 1
386 0 380 1
320 0 31 1
158 2 220 2
381 0 49 0
141 0 403 2
314 0 291 2
133 0 204 2
70 0 244 2
39 0 278 0
253 0 399 1
430 0 106 1
282 0 229 1
20 1 194 1
228 0 408 2
232 2 373 2
235 2 184 1
424 0 200 1
160 1 162 2
179 1 415 2
458 0 355 0
13 0 205 1
333 1 374 2
444 0 474 1
406 0 419 2
178 1 208 2
187 0 368 1
185 0 394 2
6 2 493 2
236 1 309 0
163 2 38 2
160 0 90 1
483 0 493 1
113 1 127 1
134 0 202 2
72 0 174 1
95 0 255 1
384 2 43 2
479 0 367 1
96 0 237 2
303 0 286 2
226 1 266 2
319 0 288 1
217 0 82 1
473 0 333 2
250 0 489 1
378 2 287 1
264 1 223 2
376 0 238 1
144 0 146 1
284 0 333 2
486 2 402 1
245 0 359 2
198 1 377 2
195 0 460 2
153 0 101 2
464 0 101 1
217 0 412 2
231 1 447 2
165 2 331 2
279 1 385 2
412 0 496 2
143 1 284 2
302 1 487 2
426 2 443 2
392 0 207 0
27 0 72 1
192 0 203 2
243 1 368 2
15 0 126 0
20 0 323 2
440 0 104 1
269 0 149 1
205 1 266 2
240 0 16 1
313 1 185 2
382 0 97 2
53 0 405 2
159 0 487 2
372 0 429 1
355 1 152 1
403 0 56 2
180 0 158 1
115 1 430 2
440 1 406 2
118 0 24 2
316 0 146 1
119 0 488 1
388 0 69 2
238 0 200 1
440 0 78 1
483 0 375 1
264 0 132 2
305 2 422 1
19 1 237 2
245 1 188 2
393 2 16 2
314 0 199 2
139 0 353 2
87 0 473 2
276 1 3 2
322 0 200 1
463 1 415 2
128 0 463 1
154 0 294 1
176 2 428 2
264 1 71 2
153 0 102 0
270 0 242 2
69 0 489 0
78 0 425 2
132 1 453 2
498 1 252 2
447 2 225 2
118 2 462 2
109 0 42 1
452 0 360 1
138 2 486 2
295 1 420 2
287 0 315 1
156 0 239 1
18 0 142 2
455 0 475 1
182 2 207 1
231 0 492 1
436 2 228 2
255 1 10 2
340 1 296 2
393 0 40 2
34 0 453 0
246 1 251 1
112 0 261 2
322 2 334 2
40 0 471 2
295 2 162 1
280 0 337 2
234 0 279 1
95 0 250 1
307 0 186 2
496 0 228 2
317 1 228 2
424 1 283 1
281 0 159 0
180 0 204 1
351 2 162 1
13 0 428 1
71 1 46 2
7 1 376 1
496 0 119 1
15 2 303 1
408 0 158 1
202 0 200 2
436 1 416 2
176 2 255 2
165 0 90 2
165 0 276 1
353 1 384 2
496 0 186 1
158 1 288 1
394 0 195 1
114 0 311 2
487 1 330 2
367 2 178 2
106 1 277 2
474 0 27 2
155 0 89 1
483 0 341 2
172 0 463 0
217 0 379 2
92 1 372 2
192 0 1 1
99 0 429 2
448 2 21 2
482 1 316 2
49 0 500 2
264 0 219 2
67 0 84 1
324 0 35 1
190 0 418 0
485 1 436 2
426 0 180 0
449 0 335 1
272 0 292 1
255 1 93 2
437 2 280 2
160 0 245 2
221 0 219 1
357 1 71 1
459 0 416 2
290 0 213 1
404 1 200 2
208 0 279 2
52 1 359 2
31 0 309 0
340 0 84 2
184 0 8 1
321 0 70 2
323 1 28 2
200 0 351 2
195 0 487 1
258 0 321 2
84 0 14 1
125 1 319 1
430 0 478 1
254 0 343 1
161 1 302 1
236 1 389 1
387 2 376 2
328 0 144 1
98 0 158 2
4 2 11 2
265 0 59 0
400 0 249 2
341 1 189 1
21 1 270 1
109 0 279 2
217 0 464 2
276 0 365 1
72 0 166 2
257 1 60 2
168 0 201 1
63 0 129 1
83 0 325 2
428 2 105 2
185 0 329 1
154 1 500 1
351 1 130 1
331 1 232 2
157 1 342 1
294 0 481 1
490 1 41 1
130 0 33 1
113 0 461 2
313 2 472 1
127 2 402 2
257 0 350 1
257 0 352 2
283 0 308 1
200 1 461 1
120 0 89 1
49 0 401 2
469 2 417 1
59 0 239 1
269 0 191 1
476 0 46 1
76 0 130 2
184 1 398 1
372 0 24 2
33 0 230 1
173 2 184 1
44 2 218 2
365 0 480 1
256 0 436 2
125 2 459 1
127 0 43 1
354 2 411 1
64 0 466 1
159 0 424 1
59 1 344 1
183 0 182 2
296 0 88 2
75 0 132 2
391 2 160 2
421 1 128 1
217 0 54 2
200 1 264 1
294 0 177 1
240 0 242 1
436 0 213 0
399 0 2 1
434 0 309 2
265 0 241 0
178 1 196 2
153 1 121 2
409 0 10 2
260 0 469 2
454 2 341 2
225 0 463 1
265 1 365 2
456 2 451 1
376 0 201 1
347 0 146 0
149 2 183 2
340 0 445 2
494 2 108 1
475 0 39 2
470 0 345 2
99 0 445 1
413 2 397 1
219 0 201 1
461 0 205 1
11 0 159 1
198 0 302 1
214 0 405 2
267 1 465 2
286 1 4 2
415 1 65 2
445 2 129 1
300 0 327 2
116 2 202 2
278 0 283 1
41 0 42 1
59 1 109 1
210 0 230 1
476 0 74 2
36 0 256 2
119 0 497 2
434 0 376 2
67 1 430 2
330 2 366 2
362 2 380 2
333 1 446 2
143 0 482 1
422 0 312 1
356 1 159 2
498 0 317 0
415 1 452 1
263 0 271 1
432 2 467 2
419 1 322 2
145 0 112 2
165 1 378 1
403 1 109 1
17 0 97 2
143 0 265 2
287 0 236 1
74 1 418 1
99 1 455 1
154 1 451 1
395 1 200 2
347 1 323 2
291 2 466 2
246 2 94 2
366 0 213 1
92 0 133 2
424 0 306 1
438 0 147 1
17 2 159 2
473 0 91 0
490 0 239 2
81 2 368 2
287 0 374 2
280 0 8 2
224 0 490 0
135 0 5 0
13 0 371 0
148 0 10 1
79 1 113 2
498 1 111 1
449 0 390 2
350 2 42 1
428 0 236 2
17 2 452 2
127 2 169 2
408 0 270 1
324 0 269 0
129 0 173 1
417 0 1 1
235 1 466 2
433 0 182 2
100 1 96 1
466 0 274 2
476 0 137 1
450 0 40 0
40 0 434 2
47 0 191 2
79 0 334 1
23 1 397 2
15 0 489 2
46 1 483 1
496 0 314 2
316 2 254 2
217 0 200 2
147 0 88 1
207 0 290 1
288 0 138 2
457 0 233 1
179 1 383 0
13 0 3 2
41 0 221 2
94 2 483 2
194 0 414 2
131 0 357 2
19 0 165 2
263 0 79 1
453 0 490 2
160 0 96 0
469 1 123 1
169 0 452 2
250 0 473 2
390 0 133 0
456 0 378 1
448 0 27 1
82 2 207 2
375 0 38 2
437 0 9 2
7 1 415 1
297 0 68 1
117 0 261 2
490 1 311 2
500 1 499 2
480 2 368 2
418 0 282 1
78 0 173 2
445 0 81 2
296 0 186 1
127 0 117 1
190 1 28 2
394 1 149 2
368 0 21 1
257 1 171 2
414 0 323 2
7 0 163 2
161 1 184 2
179 2 255 2
248 0 59 0
240 1 319 2
344 0 282 1
308 2 150 2
408 0 404 1
498 1 416 1
67 0 471 1
168 2 103 2
303 2 30 2
381 1 366 2
324 0 182 1
28 0 239 2
310 1 440 2
96 0 107 2
306 0 465 1
209 0 267 1
194 0 17 2
34 0 412 2
31 1 367 2
66 0 405 2
171 0 191 2
165 1 396 2
438 0 267 2
415 0 153 0
38 1 462 1
479 0 107 2
490 1 79 2
139 1 285 1
36 0 317 0
332 1 1 2
325 1 496 1
235 0 290 1
292 1 169 1
313 0 75 0
469 2 51 2
172 0 395 2
415 0 218 2
70 0 380 1
391 0 452 2
202 0 391 1
128 0 111 1
409 2 217 2
152 0 33 0
226 1 376 2
455 0 353 2
399 0 46 0
393 1 124 1
56 1 169 2
11 0 94 2
289 0 14 2
253 0 390 2
32 0 42 2
80 0 211 2
106 1 71 1
489 0 286 1
252 1 201 2
396 0 120 2
184 0 174 2
67 1 75 2
26 2 260 2
489 0 83 1
476 0 71 1
162 0 140 1
489 0 427 1
180 1 220 1
128 0 103 2
26 2 21 2
458 0 266 0
23 0 337 1
499 0 440 0
303 0 253 2
245 2 49 2
405 0 62 1
179 0 189 2
85 0 74 2
201 0 18 0
141 0 414 1
66 0 110 2
481 0 388 2
363 0 420 2
208 0 348 2
201 2 405 1
455 0 369 2
160 0 450 1
396 0 333 1
275 0 479 1
89 1 269 1
191 0 414 0
148 0 386 1
100 0 393 1
392 0 111 2
431 0 62 2
458 1 185 2
427 0 324 2
481 0 117 1
289 0 336 0
92 0 191 1
113 0 412 2
411 0 54 1
81 0 285 1
447 0 160 0
335 2 385 1
330 0 225 2
455 0 343 2
482 0 485 2
423 0 445 2
96 0 54 2
148 0 243 0
353 1 216 1
463 0 314 1
179 2 151 1
173 2 91 1
446 2 11 1
136 0 281 2
402 0 118 1
320 0 464 2
153 1 38 2
30 0 32 2
244 0 289 2
465 0 456 1
396 2 20 1
337 0 343 1
463 1 226 1
42 0 261 2
88 0 138 2
29 0 486 2
423 1 23 2
268 1 37 1
206 0 384 2
294 1 86 2
314 1 284 1
233 0 45 1
29 0 351 1
2 0 285 1
426 1 87 2
401 0 436 1
428 0 191 1
133 0 233 1
381 0 294 2
299 0 359 1
477 0 162 0
214 1 297 1
471 1 349 1
173 0 40 1
253 0 105 2
52 2 485 2
370 0 236 2
71 1 388 2
275 0 428 1
171 1 190 2
290 0 485 2
442 0 34 1
130 0 244 1
211 0 190 1
26 2 358 2
38 0 8 1
341 1 245 1
239 0 242 2
383 2 417 2
117 1 112 1
341 0 158 1
458 1 15 2
89 2 414 1
420 1 87 2
494 0 201 1
156 0 351 2
479 0 43 2
370 0 329 2
166 2 114 2
387 2 186 2
202 0 149 1
253 2 30 2
174 0 338 2
275 0 60 1
387 1 56 2
100 0 492 2
214 0 73 1
304 1 215 2
313 1 357 2
247 1 496 2
273 1 304 2
216 0 57 1
29 2 360 2
407 0 329 2
352 1 341 2
13 0 377 2
178 0 185 2
210 0 206 2
185 0 449 0
487 1 221 2
495 1 311 2
247 0 274 1
151 0 436 2
220 1 378 2
306 0 330 1
42 0 54 1
375 1 150 2
123 1 133 2
110 0 45 2
227 0 83 2
80 1 166 2
278 0 29 2
135 1 83 2
312 0 249 2
239 1 53 1
187 1 119 1
235 0 7 2
260 0 93 2
161 2 162 1
244 0 350 1
48 1 107 2
415 2 241 2
142 0 15 2
261 0 109 0
20 0 224 2
63 0 342 2
302 0 2 1
86 1 371 1
151 1 192 2
176 1 264 0
427 0 166 1
35 0 486 2
403 0 62 1
76 0 138 1
61 2 238 1
218 0 134 2
130 0 179 1
20 0 236 2
321 0 1 1
231 2 484 1
322 0 218 1
253 0 460 0
169 0 421 2
464 2 283 1
70 1 81 2
316 2 100 2
175 1 2 2
127 0 321 1
41 0 390 1
170 0 62 2
484 0 132 2
463 0 373 2
255 0 151 2
217 0 229 0
85 0 113 1
358 0 468 2
283 0 58 1
46 0 13 2
117 1 51 1
82 2 402 1
346 0 366 1
83 0 343 1
138 1 299 2
74 1 489 1
379 2 271 2
470 2 228 1
265 1 388 2
142 1 366 2
367 0 316 2
205 0 493 1
289 1 496 0
303 0 139 1
475 0 354 2
192 0 255 2
276 0 460 1
29 1 380 2
139 0 179 2
475 0 401 1
163 0 15 1
375 1 376 2
317 0 455 1
333 0 166 0
343 0 320 1
273 0 184 1
162 0 12 2
129 1 52 2
150 1 240 2
59 2 207 1
65 0 68 2
234 0 50 2
343 0 359 2
12 0 405 1
440 0 70 2
181 1 442 2
372 0 458 2
286 0 326 1
335 0 294 1
192 0 174 2
269 1 292 2
222 0 409 0
222 1 401 2
435 1 363 2
51 1 212 1
273 0 227 2
114 0 338 2
204 0 352 1
439 1 493 2
149 2 146 2
32 1 389 2
409 0 92 1
14 0 489 1
465 0 390 1
248 0 447 1
185 0 134 2
78 0 485 1
235 0 198 2
211 0 181 2
52 0 447 1
274 0 496 2
145 0 265 2
187 0 184 0
154 2 436 2
194 0 495 2
400 0 122 1
292 2 402 2
445 2 467 1
368 0 28 2
99 2 86 2
419 1 460 2
225 2 402 2
351 2 207 2
114 0 428 1
484 0 444 0
105 2 358 2
270 0 396 2
341 0 483 0
493 1 238 1
77 0 154 2
80 0 311 1
105 1 308 2
162 1 283 2
55 0 489 2
96 0 284 1
53 1 240 2
332 2 300 2
462 1 455 2
178 0 235 2
243 0 131 2
67 0 230 2
311 1 420 2
173 0 29 0
58 1 121 2
167 0 157 2
452 0 324 2
498 0 400 0
196 0 29 1
204 2 318 2
125 2 9 2
310 1 328 2
21 0 27 2
493 1 4 2
25 1 142 2
497 1 162 2
7 2 141 2
185 0 158 2
393 1 215 2
414 0 63 1
266 0 1 2
269 1 57 1
277 0 49 1
229 0 67 2
142 0 333 1
375 0 249 2
285 0 257 2
42 1 364 2
474 0 58 2
58 0 485 0
236 0 452 0
106 0 373 0
135 0 437 0
444 0 103 1
273 0 197 2
492 0 58 1
482 0 69 1
400 0 468 0
249 1 256 2
19 1 448 2
25 1 429 2
245 1 426 2
52 2 401 2
91 0 208 2
323 0 300 0
304 1 95 2
44 0 192 1
223 2 321 2
292 0 135 1
498 0 149 1
53 0 285 1
308 1 258 2
371 0 299 1
27 0 329 1
446 2 223 2
42 2 496 2
203 0 282 2
27 0 80 2
224 0 21 1
446 0 136 1
52 0 67 0
464 0 160 0
398 0 102 2
110 1 30 1
49 0 410 2
437 1 167 1
236 1 264 1
179 0 414 2
455 0 83 2
178 0 268 2
183 0 218 2
252 2 275 1
315 0 355 1
56 0 269 1
101 0 305 1
333 2 413 2
201 1 339 1
174 0 436 1
390 1 180 2
234 0 141 2
128 0 417 2
373 0 157 2
212 0 498 2
143 0 385 1
285 1 32 2
327 1 465 2
98 1 472 2
303 0 38 2
424 0 154 2
286 0 322 2
169 0 352 2
211 0 253 1
61 0 476 1
31 0 487 1
207 0 223 1
328 1 203 2
225 1 306 1
259 1 207 2
359 2 315 1
388 1 131 2
361 0 30 2
312 2 298 1
233 0 56 2
51 0 160 0
44 0 328 2
18 0 381 1
430 0 350 1
417 0 331 1
406 0 115 2
117 1 241 2
427 0 223 1
136 0 390 2
287 0 358 0
86 2 32 2
129 0 458 2
13 0 326 1
92 0 72 0
459 0 102 0
196 1 389 1
498 1 360 2
142 2 198 2
264 0 336 2
471 0 352 2
223 2 382 2
191 1 350 2
480 0 139 2
384 2 476 1
285 1 280 1
466 0 469 1
292 0 4 2
249 0 355 0
83 0 34 1
400 0 341 1
100 0 407 2
210 0 31 2
211 1 426 1
404 1 210 2
90 0 78 2
490 0 394 1
434 0 346 2
86 0 236 2
48 0 396 1
296 0 338 2
69 0 81 2
406 0 248 2
247 0 454 2
145 2 188 2
327 0 477 1
114 0 258 2
491 0 300 2
394 0 342 1
474 1 14 2
90 1 123 1
224 1 261 2
259 0 274 2
92 2 330 2
360 1 425 1
27 0 442 2
216 0 217 0
247 0 330 2
220 0 79 1
432 0 125 2
122 0 118 1
394 1 101 2
49 0 92 2
90 0 114 2
30 0 167 1
455 1 261 2
275 0 124 1
158 0 12 0
375 0 494 1
61 2 426 1
95 0 87 1
194 0 91 1
241 0 221 1
245 0 299 2
301 0 143 1
437 0 248 2
386 2 495 2
271 2 180 2
297 0 308 2
382 2 96 2
107 0 440 1
144 0 257 1
428 0 224 2
225 1 284 2
311 1 473 2
214 0 252 2
332 2 43 2
43 0 450 1
277 0 455 2
452 0 211 1
75 0 494 2
395 0 101 1
443 0 121 1
113 0 94 2
405 2 41 2
456 0 84 0
33 0 397 1
405 0 265 0
127 0 332 2
440 0 22 1
328 0 267 1
326 2 229 1
223 0 380 2
459 0 90 1
479 0 384 1
216 0 30 2
231 0 299 0
452 1 245 2
122 0 481 1
474 0 357 2
457 0 299 1
65 0 22 1
248 0 368 2
444 1 196 1
141 0 138 2
385 0 361 0
450 1 70 2
243 0 107 2
259 2 378 2
329 0 375 2
335 0 19 1
50 2 337 2
347 2 73 2
254 0 37 2
286 0 280 1
397 1 19 1
341 2 153 2
314 0 228 1
465 1 197 2
277 0 34 2
397 2 314 2
281 0 299 1
229 0 54 1
302 0 417 0
160 0 318 0
430 1 73 2
273 0 382 2
176 1 82 1
313 1 308 2
456 0 399 1
245 0 340 0
278 1 481 2
411 0 158 2
416 1 272 2
166 0 345 2
166 0 78 0
159 0 456 2
179 0 275 1
128 0 390 2
36 0 23 2
111 2 317 2
69 2 273 2
22 0 138 2
10 0 369 2
307 1 411 1
153 0 304 2
365 0 197 2
477 0 384 1
394 1 341 2
312 0 470 2
17 1 377 2
467 0 331 1
51 0 212 0
367 0 70 2
32 0 205 1
367 0 478 1
365 0 468 2
306 1 358 1
230 1 124 1
199 2 313 2
155 0 205 1
396 0 348 1
421 0 252 2
339 1 202 2
329 2 287 1
347 1 266 2
47 2 21 1
487 0 394 1
404 1 296 1
128 0 349 0
382 0 234 2
424 0 51 2
454 2 354 2
362 0 487 1
475 0 133 2
132 0 175 1
423 1 56 2
137 0 127 1
39 0 401 2
420 1 386 2
478 0 124 2
269 1 328 2
56 1 243 2
314 0 180 0
352 0 224 2
33 0 308 2
53 0 72 1
22 0 358 0
29 0 215 1
413 0 305 2
113 0 424 2
121 0 266 1
371 1 109 2
198 0 14 1
28 1 288 1
26 0 134 1
220 0 265 1
267 0 16 2
453 1 272 1
92 2 311 2
496 0 269 1
70 0 403 2
369 1 206 2
332 1 458 2
35 0 475 0
451 0 439 2
69 1 436 2
432 1 302 2
85 0 315 1
16 2 285 2
75 1 57 2
167 1 480 2
265 0 227 2
274 0 454 1
121 2 349 2
169 0 78 2
300 0 193 2
227 0 378 2
161 2 337 1
228 0 144 1
409 0 369 2
428 0 172 2
246 0 422 2
356 0 324 1
410 1 359 2
392 0 150 2
379 2 164 1
289 2 152 2
392 0 152 1
142 0 39 1
221 0 82 2
259 1 226 2
309 0 467 2
169 1 377 2
98 1 334 1
240 1 319 2
337 1 220 2
498 1 380 2
25 0 167 1
77 0 124 0
33 0 256 1
96 0 39 2
425 2 490 2
151 1 340 2
261 2 496 1
366 0 378 2
263 0 440 0
262 0 362 2
8 0 263 0
331 0 294 2
171 0 189 1
26 0 488 2
192 0 245 2
243 0 203 2
324 1 188 1
208 1 441 2
470 0 192 2
84 0 214 0
383 0 484 1
8 0 420 1
474 0 10 2
443 0 377 1
159 0 338 2
183 0 199 2
190 0 308 1
40 0 240 2
277 0 437 1
173 1 166 2
263 2 109 2
427 0 393 2
237 0 390 2
66 0 309 0
295 0 214 0
25 0 419 1
439 0 385 1
334 0 368 0
264 2 162 2
244 2 32 1
435 0 458 2
111 2 476 2
496 0 101 1
178 0 144 2
24 0 258 1
270 0 360 1
70 0 407 1
117 0 459 2
184 0 301 2
325 2 391 1
70 0 444 0
413 1 164 1
284 0 442 2
51 1 495 2
229 0 210 1
146 0 48 1
149 2 438 2
347 1 43 2
152 2 113 2
184 0 22 2
39 0 151 2
179 1 11 0
113 0 305 2
67 1 295 2
249 0 362 1
147 0 195 2
111 1 336 2
429 0 53 2
240 2 186 2
217 0 234 1
292 0 205 2
446 0 144 2
98 0 138 2
261 1 141 1
228 0 306 1
89 2 68 2
462 0 428 2
198 1 162 2
331 0 51 2
162 0 187 1
330 0 367 2
439 2 204 2
146 1 97 2
312 2 285 1
24 1 203 2
137 0 298 1
398 1 216 2
271 0 295 1
217 0 248 2
312 1 409 1
366 0 6 2
500 1 443 1
150 2 63 2
236 1 377 2
150 0 85 2
461 2 98 2
167 1 448 2
489 0 239 2
346 0 90 1
455 1 370 2
13 0 478 1
191 0 160 2
342 2 121 2
108 0 136 1
416 2 471 1
145 1 181 1
300 0 114 2
203 0 492 1
209 0 50 1
488 1 244 1
252 2 20 2
23 1 63 2
10 1 16 1
62 0 89 1
105 1 480 1
476 0 110 1
334 0 45 2
159 0 263 2
154 0 368 0
357 2 392 1
427 0 179 2
405 0 364 1
2 0 441 1
163 1 380 2
237 1 106 2
44 1 404 2
43 0 135 2
4 0 184 1
357 2 429 1
101 0 105 0
266 0 302 2
394 0 358 0
133 0 291 2
58 1 33 0
116 0 284 2
325 1 219 2
343 0 327 1
141 1 348 2
121 0 203 1
219 0 449 2
456 1 369 1
23 0 224 1
144 0 489 0
22 1 248 2
83 0 451 1
77 0 320 2
462 0 284 1
104 0 430 2
70 0 496 1
310 2 202 2
40 0 317 1
326 1 406 2
426 0 103 1
348 1 476 2
367 0 319 1
405 1 446 2
117 1 153 2
171 1 203 2
247 0 441 2
210 0 488 1
233 0 244 2
407 0 194 2
10 0 61 2
281 0 348 1
381 0 73 0
47 0 131 1
281 0 49 1
199 0 126 1
258 2 304 2
26 1 410 2
28 1 245 1
248 0 216 0
127 2 48 2
51 0 465 0
415 1 468 2
115 0 264 0
130 1 316 2
329 0 210 1
163 0 133 2
381 0 25 1
265 1 33 2
316 0 130 1
269 0 381 1
11 0 138 2
264 0 106 2
365 0 12 1
108 0 113 1
95 0 335 2
283 0 253 2
101 1 51 1
157 0 18 0
290 0 496 1
261 0 160 2
101 0 290 2
307 0 292 1
314 0 265 2
465 1 166 2
487 0 444 0
279 0 97 2
428 0 495 1
446 1 478 2
479 0 246 2
348 0 231 1
416 0 445 2
222 1 289 2
159 0 45 2
331 2 298 2
34 0 174 1
396 1 216 1
424 1 460 1
324 0 192 0
437 0 163 2
280 0 99 2
403 0 409 0
419 2 461 2
426 0 333 2
87 0 265 2
454 0 414 1
386 0 392 2
473 1 471 2
153 0 231 1
498 2 433 1
189 0 358 2
438 0 215 2
153 0 330 1
455 0 383 1
439 0 355 1
145 0 302 0
114 1 48 2
472 0 467 1
12 0 8 2
318 1 315 2
289 0 423 1
373 0 219 2
102 0 37 1
155 0 211 1
177 0 153 1
436 1 277 2
156 0 326 1
486 0 208 1
149 0 479 0
261 0 441 1
303 0 455 2
311 2 166 2
313 0 490 2
66 1 152 2
50 0 425 1
488 0 272 1
150 0 242 2
221 0 13 2
498 0 59 2
364 0 422 1
72 0 484 2
206 0 18 1
227 0 2 0
393 1 30 2
90 1 199 2
364 0 446 2
179 1 45 1
333 2 262 1
357 2 402 1
335 0 76 0
355 1 65 2
265 0 380 1
128 1 13 2
421 0 467 1
157 0 163 2
156 2 406 1
157 0 471 1
285 0 49 0
480 0 57 2
255 0 382 0
213 0 303 2
213 2 320 2
264 0 464 2
146 1 235 2
101 2 180 2
463 1 63 1
139 0 383 2
193 0 135 2
265 0 250 1
435 0 236 2
467 0 40 2
454 1 49 2
55 1 264 2
422 0 414 0
202 0 18 1
498 1 31 2
142 1 304 2
406 0 354 2
327 0 378 2
34 1 401 2
454 2 143 1
219 1 253 2
269 0 21 2
313 0 206 0
455 0 325 2
59 1 435 2
25 0 253 2
329 0 447 2
73 1 255 2
338 1 474 1
296 0 113 2
116 0 2 1
130 2 187 2
90 2 267 2
71 0 258 1
395 0 224 1
254 1 406 2
8 1 415 2
229 0 419 2
4 0 356 1
79 0 89 2
418 0 401 1
442 1 251 1
116 0 360 2
165 0 467 0
50 0 431 1
162 0 396 2
188 0 125 1
205 0 493 0
278 0 204 1
410 1 149 2
48 0 447 2
238 2 427 2
248 0 265 0
178 1 331 2
495 0 375 1
439 0 59 1
387 0 20 2
258 0 420 0
265 2 375 2
364 2 63 2
308 0 312 1
452 0 463 1
218 1 360 2
248 0 476 1
477 0 480 0
152 0 444 0
55 0 122 1
475 0 18 1
472 0 231 1
398 0 329 2
210 1 25 2
435 0 422 1
294 1 256 1
50 1 125 2
168 2 313 1
386 1 188 2
479 0 307 2
353 0 323 1
79 0 237 1
399 0 405 0
127 0 436 1
218 0 433 1
236 2 7 2
395 2 189 1
276 2 443 1
98 0 10 1
163 2 310 2
387 2 230 2
56 0 365 2
343 0 76 0
258 0 8 2
23 0 262 1
173 1 29 1
415 0 406 2
467 0 277 1
200 2 345 2
79 0 80 0
245 0 436 2
93 1 484 1
469 0 158 2
362 1 2 2
295 0 424 1
301 0 81 2
304 0 389 1
182 2 200 2
87 0 500 2
190 0 375 2
60 1 37 1
297 0 238 1
3 2 30 2
109 1 385 2
374 2 2 2
147 2 373 2
105 0 268 2
143 0 470 2
179 0 195 2
284 0 331 2
284 0 305 2
363 0 392 1
433 0 379 2
472 0 173 2
341 0 162 0
415 0 394 1
193 2 421 2
306 1 214 2
412 0 241 0
127 0 484 1
59 1 20 1
229 0 336 2
397 0 465 2
496 0 3 1
455 0 468 0
98 0 296 0
36 0 131 1
260 0 102 1
318 1 141 2
60 1 365 2
367 0 60 1
464 1 368 2
431 2 34 2
89 2 128 1
140 1 260 2
247 0 206 1
112 0 210 1
319 0 267 1
156 0 45 1
420 1 489 2
361 0 102 1
488 2 282 2
453 1 99 1
310 0 166 0
55 0 261 2
71 0 376 1
84 0 472 0
68 1 196 2
158 1 342 2
63 2 55 2
268 1 67 1
246 2 81 2
368 0 50 2
493 1 96 2
91 0 60 2
221 2 133 1
289 0 342 2
79 1 491 2
451 0 386 1
225 0 97 1
50 0 402 2
149 0 110 1
467 0 239 2
119 0 313 1
131 0 366 2
206 1 166 1
350 2 475 1
156 0 201 2
222 0 86 2
263 1 238 2
358 1 414 2
19 0 37 0
29 2 87 2
26 0 429 2
246 1 360 2
412 2 336 1
123 0 150 2
394 1 6 2
207 0 271 2
318 1 127 2
322 0 84 1
262 0 496 0
390 1 402 0
449 0 400 2
237 1 484 2
45 0 23 2
282 1 252 2
310 1 68 1
29 2 114 2
288 0 219 2
53 2 47 2
123 0 23 2
188 0 235 2
471 0 3 1
391 1 278 2
292 0 266 1
359 2 237 2
231 0 226 0
62 2 124 1
498 2 372 1
50 1 352 2
340 0 159 2
117 1 161 2
278 1 303 2
353 2 180 2
369 2 358 2
307 0 56 2
105 0 48 0
151 0 31 2
150 0 60 2
490 0 431 2
318 0 131 2
310 1 152 2
159 1 339 2
333 0 236 2
484 0 246 2
280 0 107 2
239 1 87 2
253 0 152 2
286 2 111 2
88 2 162 1
445 1 32 2
8 2 271 2
176 2 351 2
357 0 277 2
260 0 498 1
441 0 282 2
303 1 254 1
92 0 34 2
65 1 462 2
168 1 270 2
40 0 2 2
112 0 109 0
384 2 363 1
265 2 114 1
183 0 467 0
88 0 246 1
105 0 162 0
317 0 325 1
344 1 421 2
13 0 500 2
240 1 306 1
329 0 147 1
222 2 119 2
180 0 445 2
3 0 133 1
171 0 100 2
261 0 333 2
65 0 203 1
358 0 8 1
342 0 134 2
41 0 146 1
150 0 163 1
400 0 227 1
134 0 399 2
283 1 391 2
428 2 107 2
396 0 369 2
475 0 185 2
30 0 263 2
481 0 194 0
1 0 204 2
436 0 148 1
194 0 401 2
97 0 464 2
84 0 53 0
292 2 81 2
372 0 469 1
254 0 17 1
132 0 65 1
374 0 429 0
491 2 75 2
237 1 488 2
118 0 113 2
377 0 147 2
493 1 240 1
284 0 350 2
329 0 350 2
251 0 466 2
252 0 125 2
220 0 6 1
199 1 278 2
349 0 42 1
150 0 174 1
27 0 305 2
460 0 139 2
248 0 468 1
6 0 373 0
440 0 134 2
129 0 59 1
336 0 458 1
38 0 268 2
490 1 467 2
432 2 255 2
205 1 24 2
253 1 354 2
125 0 394 2
67 1 19 2
344 0 274 1
15 0 500 1
453 0 107 0
414 0 200 2
234 0 423 2
264 0 370 2
256 0 219 2
19 0 328 2
135 0 202 1
123 0 140 1
444 0 187 1
321 1 476 2
165 0 227 1
333 0 338 0
290 0 35 1
203 0 416 2
176 2 331 2
132 0 174 0
235 1 125 1
193 0 137 2
304 0 500 2
239 2 457 1
407 1 111 2
249 0 259 0
66 0 232 1
288 1 480 2
151 0 463 1
36 0 422 1
365 0 339 1
351 1 79 1
224 0 140 0
164 0 436 1
267 0 14 0
290 0 338 1
271 0 241 2
396 1 402 1
117 1 473 2
399 2 82 2
12 0 18 1
336 1 175 1
387 2 183 1
12 2 104 2
364 0 295 1
53 0 450 2
264 1 496 2
381 1 66 2
322 0 34 2
305 0 61 0
399 2 111 2
457 1 397 2
434 0 159 2
196 1 37 1
228 0 255 2
464 2 262 2
222 0 250 1
292 0 256 1
150 0 189 1
472 0 110 2
140 1 408 1
167 0 266 1
2 0 163 2
78 0 256 1
278 0 351 2
119 0 295 2
275 0 226 1
427 0 416 1
283 0 399 2
449 1 372 2
374 2 184 1
95 1 376 2
96 0 214 1
414 1 120 2
326 0 400 0
379 0 76 0
363 0 182 2
84 1 230 2
211 0 431 1
398 0 200 2
170 0 46 1
42 1 38 2
296 0 112 1
217 1 41 2
264 0 26 2
212 2 98 2
288 1 36 2
369 0 311 0
148 1 435 2
114 0 333 2
285 0 290 2
450 0 325 2
479 0 106 1
419 2 47 1
172 1 433 0
279 0 377 1
415 0 490 1
52 1 101 2
237 1 203 2
21 1 96 2
443 0 153 1
459 0 400 2
188 1 178 2
498 2 293 2
275 0 311 1
98 0 210 2
68 0 13 0
185 0 447 1
130 1 353 2
86 0 321 1
223 0 156 1
229 0 378 2
343 1 42 2
351 1 174 1
234 0 92 2
131 2 318 2
235 1 490 1
28 0 141 2
102 0 368 0
405 0 467 1
457 2 178 1
72 0 462 2
247 0 208 1
216 0 316 2
182 2 116 2
227 1 255 1
451 1 41 2
199 2 144 1
301 0 226 2
408 0 135 2
10 0 137 0
337 2 91 2
482 0 402 2
279 0 307 1
216 0 87 1
54 0 69 1
395 1 167 2
346 0 130 2
401 1 71 1
318 0 301 2
251 0 350 2
158 0 237 2
320 0 370 2
451 1 435 1
411 0 402 1
163 0 498 2
451 1 468 1
81 0 390 1
312 0 234 2
206 2 270 2
225 0 292 1
227 0 163 1
23 2 216 2
303 0 325 1
284 1 151 2
41 0 38 2
149 2 478 2
103 2 3 1
270 0 289 2
184 1 453 2
176 1 93 2
51 1 343 2
497 0 436 2
181 0 287 1
437 2 25 2
69 1 67 1
148 0 386 2
181 1 198 2
310 0 14 0
400 0 316 2
319 0 350 2
409 0 237 1
404 1 383 2
1 1 78 1
79 1 416 2
458 1 369 2
475 0 42 2
278 0 64 1
26 0 459 1
230 1 173 2
5 0 88 1
339 1 13 2
171 0 163 1
432 2 441 1
168 0 156 0
107 0 239 2
228 0 112 1
432 0 244 1
489 1 4 2
338 2 253 2
422 0 36 2
425 2 131 2
422 0 144 1
36 0 279 2
211 1 221 2
350 2 276 2
478 0 257 1
44 0 221 1
21 0 389 1
185 1 262 1
198 0 206 1
447 2 76 2
194 1 116 2
441 1 393 2
369 1 67 1
411 0 71 2
358 0 426 1
296 0 409 1
217 0 344 1
214 0 481 1
316 2 2 2
151 0 404 2
98 1 367 2
201 1 375 2
48 1 329 2
292 0 161 1
176 2 300 2
60 2 360 2
452 0 388 1
496 0 125 2
32 0 127 2
277 1 342 2
394 1 431 1
66 0 199 1
282 0 333 2
174 0 493 1
477 0 65 2
332 0 205 2
225 0 52 2
59 0 265 1
347 2 125 2
147 1 232 1
176 1 68 2
404 0 245 2
209 0 375 1
415 2 411 2
151 0 400 2
491 0 185 2
204 2 483 2
416 0 397 1
174 1 321 2
440 0 447 1
192 1 441 2
366 1 43 2
477 2 109 1
42 2 253 2
168 2 129 2
54 0 459 2
231 2 441 2
144 0 255 2
103 2 407 1
385 0 71 0
222 0 360 0
277 0 463 2
387 2 403 1
477 1 387 2
152 2 417 2
227 2 335 2
409 1 435 1
194 0 365 1
450 0 423 1
220 1 452 2
421 0 279 1
164 0 179 1
235 0 236 2
164 0 196 1
354 0 382 2
410 1 376 2
345 0 140 2
397 0 282 1
138 0 103 1
121 0 255 2
5 0 10 0
484 0 56 1
260 0 486 1
368 0 2 1
246 2 316 1
249 2 451 1
497 2 110 2
128 0 478 2
309 0 82 2
280 0 93 2
23 0 381 1
487 0 397 0
127 0 370 2
64 0 107 2
348 0 485 1
453 2 38 1
225 2 217 1
107 0 74 1
318 0 288 2
474 0 330 2
68 0 393 1
205 2 52 2
177 2 232 2
61 0 200 2
431 0 103 0
411 0 372 2
332 0 384 2
221 1 364 2
488 2 265 2
269 1 435 2
423 1 162 1
478 0 191 2
139 0 376 1
439 0 436 0
427 0 200 2
86 1 253 2
461 1 216 1
437 0 321 2
334 0 343 1
181 1 21 1
370 1 181 2
104 1 480 2
412 0 170 1
116 0 147 2
10 0 75 0
34 2 330 2
45 0 109 0
35 0 283 1
29 0 365 2
231 0 140 1
296 0 252 2
253 0 436 2
339 0 244 1
83 0 218 2
98 0 13 2
79 0 29 1
136 0 385 2
460 0 85 2
50 1 172 2
176 0 493 0
497 1 354 1
73 0 284 2
120 0 24 2
367 0 122 1
213 1 496 2
239 0 157 0
36 0 399 2
346 0 416 1
271 0 46 2
24 1 330 2
283 0 217 1
318 0 349 0
132 1 364 1
2 1 293 2
200 0 72 0
4 0 269 1
390 1 82 2
368 0 117 1
321 0 468 2
348 0 475 2
238 0 48 2
93 0 166 1
469 0 333 1
283 0 9 1
475 0 212 2
160 0 390 2
198 2 408 2
348 1 109 2
200 0 297 0
43 2 479 2
303 0 393 0
35 1 434 1
447 0 444 1
253 0 384 1
217 0 44 2
318 0 240 1
303 0 369 1
322 0 436 1
409 0 474 2
313 2 243 2
242 0 243 0
234 0 444 2
229 0 56 1
13 0 348 1
373 1 270 2
217 0 300 2
137 0 201 2
217 0 17 2
424 0 436 2
107 1 187 2
492 2 109 2
204 1 156 1
213 2 158 2
65 1 406 2
416 2 245 1
350 1 41 0
480 0 235 2
434 0 181 2
481 0 404 2
149 0 107 2
466 0 268 2
140 0 307 1
444 0 276 1
263 2 356 2
491 0 442 1
65 0 37 1
248 0 496 1
383 0 184 1
39 0 110 2
180 0 238 1
261 0 485 2
122 0 249 1
185 0 168 1
352 1 363 1
282 0 314 1
445 0 316 2
292 2 133 2
206 0 498 2
115 0 13 1
482 2 495 2
412 0 117 0
352 1 396 1
111 0 411 1
176 2 377 2
325 1 432 1
332 0 325 1
106 0 196 1
487 2 60 2
389 0 131 2
92 0 19 1
213 1 301 2
451 1 112 2
398 0 324 1
18 0 448 2
82 2 331 1
16 2 467 2
237 0 257 2
463 0 177 1
471 0 69 2
18 2 215 2
253 1 55 2
173 0 241 1
435 0 477 1
313 0 380 1
4 0 53 2
239 0 379 2
448 0 399 2
346 0 223 1
302 0 441 2
422 2 22 2
464 1 334 0
14 0 261 2
1 0 162 0
70 0 484 1
272 1 183 2
247 0 89 1
218 0 34 1
402 0 138 2
46 0 13 1
127 1 434 1
239 1 106 2
332 1 12 2
8 2 160 2
333 0 445 1
18 2 143 1
121 1 377 1
438 2 403 2
195 0 329 2
128 0 71 2
56 0 236 1
147 0 207 1
45 1 169 1
292 1 231 2
371 1 19 2
37 0 181 1
484 2 170 2
150 0 326 1
377 1 80 2
175 0 387 1
145 1 397 2
257 2 460 1
17 0 105 2
68 0 47 1
278 0 142 2
19 0 48 0
255 1 438 2
398 0 442 2
164 0 477 2
489 0 245 2
82 0 62 1
195 1 451 1
417 0 218 1
490 0 35 2
3 0 428 1
245 0 329 2
118 2 130 2
5 1 309 1
209 0 437 1
261 0 90 1
423 1 330 2
142 0 381 1
178 0 159 1
101 0 140 2
195 0 204 1
359 0 302 2
315 0 163 2
30 0 152 2
199 1 111 1
162 1 156 2
120 1 166 2
471 1 476 2
390 2 423 2
483 0 80 1
86 1 170 1
223 2 339 2
350 0 49 0
37 0 235 1
409 0 262 1
496 2 319 2
435 0 269 2
136 1 2 2
283 0 370 1
490 2 237 2
334 0 469 2
72 0 242 2
268 2 162 2
333 0 350 2
86 0 197 1
478 1 98 1
462 0 154 1
354 0 422 2
184 0 191 1
331 0 181 1
361 0 266 2
286 1 214 1
127 0 456 2
169 0 26 1
192 1 371 2
493 0 107 1
303 0 235 2
415 1 280 1
225 1 120 1
438 0 157 2
449 0 412 2
358 1 24 2
222 1 443 1
241 0 286 1
293 2 438 2
215 1 254 1
296 1 72 2
85 0 238 1
423 0 490 1
285 0 96 0
296 1 14 2
182 1 155 2
172 0 474 1
427 1 83 2
164 0 48 0
199 0 296 0
374 0 69 1
464 0 10 2
417 0 256 2
444 0 145 2
169 0 276 1
373 0 286 1
335 0 33 2
482 0 62 2
436 1 487 2
218 0 114 0
267 0 365 2
3 1 10 2
488 2 35 2
122 2 489 2
358 0 249 2
275 0 399 2
75 1 127 2
443 0 182 2
13 1 434 1
487 0 328 0
41 0 488 2
424 1 471 1
298 0 446 2
285 0 438 1
414 0 284 2
310 0 118 1
111 0 140 1
342 0 111 2
20 2 27 2
377 0 240 2
413 1 283 2
318 0 195 1
439 0 269 2
192 0 18 1
486 1 320 1
79 2 12 1
47 0 354 2
193 2 303 2
438 0 446 1
43 0 86 1
251 0 456 1
83 0 303 2
189 0 249 1
158 0 114 1
299 2 477 2
