100 4932
22 1 24 2
90 0 30 1
1 1 90 1
29 0 92 2
83 2 59 2
5 0 55 1
76 0 65 1
82 2 100 2
18 0 69 0
74 0 83 2
87 0 82 2
4 0 72 2
84 0 62 2
37 0 96 2
84 0 15 2
85 2 70 2
18 0 10 1
77 0 20 2
53 0 21 1
30 0 74 2
100 0 65 1
78 0 71 2
30 0 42 0
67 0 96 2
78 0 6 2
16 0 72 2
75 0 72 2
21 0 86 2
49 0 45 1
39 1 69 1
11 2 98 1
15 1 56 1
68 0 5 1
22 0 17 1
17 0 72 2
95 0 20 2
70 0 86 2
71 0 23 0
98 0 66 1
21 0 11 1
74 0 63 1
20 2 13 0
36 0 38 1
84 0 55 1
12 0 4 1
90 0 31 2
40 0 79 2
19 0 22 1
62 2 2 1
67 0 12 1
60 0 92 0
76 0 20 2
44 1 26 2
4 1 41 2
14 0 9 0
91 0 22 2
38 1 41 2
43 2 24 2
61 2 18 1
87 0 72 1
59 0 99 1
82 0 15 2
73 0 49 1
70 0 88 2
51 0 22 2
68 0 100 1
60 0 37 2
5 2 84 1
59 0 31 2
3 1 77 1
72 1 59 2
23 2 31 2
90 0 23 1
20 0 38 1
20 0 58 0
81 0 96 2
27 0 74 1
100 1 34 1
23 0 39 0
76 0 75 1
21 0 43 1
74 2 95 1
28 0 85 2
60 0 99 1
88 0 59 1
28 0 43 2
62 0 34 1
95 0 3 2
58 2 13 1
54 2 10 1
89 0 44 1
38 0 2 2
21 0 16 2
88 1 79 2
81 0 6 2
5 2 13 2
54 2 42 2
65 2 53 1
12 0 75 1
91 0 52 1
84 2 24 1
18 0 87 2
59 0 11 1
41 0 2 1
28 0 44 2
65 0 27 2
53 1 13 2
54 0 7 2
72 0 49 0
93 2 87 1
97 0 75 1
24 2 74 1
7 2 13 2
61 1 24 1
38 1 63 2
94 1 67 1
57 0 7 2
20 2 62 2
48 0 24 1
47 2 100 1
77 0 39 2
63 0 7 2
37 0 56 1
42 0 68 2
24 0 62 1
37 2 78 1
18 0 38 2
72 0 28 2
66 0 31 0
34 1 40 1
69 0 2 1
22 2 87 2
61 2 90 1
7 0 33 0
74 0 14 1
99 0 3 1
5 0 91 0
72 1 16 2
12 0 63 2
94 0 64 1
39 0 51 2
88 2 47 2
2 2 16 2
67 0 97 0
24 2 64 1
91 1 90 1
54 0 60 1
19 2 2 1
69 0 72 1
35 2 49 2
46 0 59 2
46 2 17 2
81 0 3 2
50 0 54 2
26 0 79 1
97 0 21 2
77 0 11 2
99 0 22 1
17 0 98 2
95 0 59 1
9 0 22 1
26 0 25 2
86 2 80 2
34 0 74 1
89 0 51 2
64 0 33 2
31 0 10 2
2 1 46 1
17 0 23 2
27 0 60 0
20 2 57 1
51 2 91 2
97 0 64 2
60 0 1 0
35 2 84 2
3 2 96 2
23 0 32 1
95 0 71 2
4 0 51 2
52 0 36 0
80 0 71 1
78 0 20 1
21 0 30 2
16 0 32 2
54 1 48 2
50 2 9 1
85 0 79 1
26 0 43 1
71 0 42 1
18 0 75 2
10 0 15 2
2 2 58 2
88 0 10 0
40 0 31 1
62 0 1 1
29 0 38 1
75 0 38 2
36 0 52 1
3 2 97 2
39 2 92 1
48 0 57 2
92 0 94 1
3 0 84 1
35 0 12 0
25 0 78 1
100 0 20 2
36 0 65 1
97 0 64 2
71 0 51 2
58 0 27 2
32 2 25 1
92 1 58 1
21 0 54 1
27 0 16 1
11 1 17 1
54 0 56 2
57 2 64 2
55 0 3 2
19 0 88 2
98 0 5 2
43 0 87 1
84 2 57 2
23 2 91 1
66 1 43 1
77 0 60 0
9 0 38 1
28 0 3 2
18 0 75 0
49 2 67 2
96 0 28 1
98 1 53 2
91 0 23 1
10 0 29 0
34 0 83 1
93 1 60 2
49 0 73 0
47 0 33 1
34 0 23 2
79 0 18 2
64 0 60 1
95 0 99 2
9 0 71 2
55 1 81 1
50 0 68 1
8 0 39 1
62 0 49 0
85 0 83 1
46 2 78 2
61 1 68 1
20 2 39 1
5 0 64 0
21 0 38 1
7 0 74 0
95 0 16 2
88 0 21 0
12 0 87 2
58 0 24 2
21 0 52 2
55 1 91 1
96 0 8 1
57 0 1 1
98 1 78 1
22 0 79 2
97 0 40 2
63 0 71 2
34 0 4 2
41 0 40 0
92 2 48 1
7 1 96 1
20 0 57 2
71 2 86 1
31 1 95 1
12 0 53 1
43 2 90 1
49 2 27 2
3 0 90 2
46 0 68 1
61 1 2 1
58 0 55 1
91 0 8 1
56 1 67 2
74 0 76 2
96 2 81 2
39 2 56 1
82 0 99 2
65 1 48 1
72 0 57 1
24 0 18 2
38 2 58 2
89 0 52 1
81 0 49 1
54 0 47 2
23 0 42 2
25 0 42 1
25 0 79 2
46 0 80 1
32 1 72 1
66 0 42 0
99 0 32 2
43 0 89 1
34 0 98 1
84 0 6 2
22 2 30 1
77 0 45 2
41 0 23 1
21 0 11 1
49 0 79 1
74 0 35 2
49 0 20 2
53 0 11 1
11 0 66 2
31 2 92 1
10 2 91 1
88 0 14 1
34 0 95 1
76 2 79 1
32 0 91 2
30 0 75 2
82 2 34 2
27 0 56 2
26 0 24 2
60 0 35 1
19 2 6 2
40 0 42 1
82 2 80 2
26 0 25 1
28 0 73 2
51 0 87 2
86 0 40 1
45 0 38 2
33 0 100 2
91 0 18 1
41 2 100 1
88 0 27 2
82 0 39 1
66 0 51 2
51 0 50 2
83 2 78 1
72 2 17 1
57 2 69 1
21 0 30 2
38 1 51 2
82 0 23 2
59 2 47 2
8 2 92 1
2 2 87 1
56 2 59 2
90 0 51 2
83 2 59 1
66 2 97 1
42 0 57 2
27 0 66 2
80 0 41 2
28 0 41 2
13 2 21 1
76 2 96 1
99 0 94 2
48 0 47 2
18 2 75 1
96 2 9 1
67 0 3 2
26 0 52 2
83 1 9 1
72 2 96 2
11 0 37 2
57 2 73 2
33 2 39 1
98 1 41 2
32 2 34 1
93 0 16 1
58 0 23 1
75 2 58 2
77 0 66 1
69 0 23 2
1 0 14 2
65 2 48 2
5 1 36 2
81 0 35 1
3 2 29 2
33 1 81 2
39 1 36 1
2 2 74 2
55 2 56 2
46 0 12 0
84 0 61 1
76 0 50 2
96 2 60 2
49 0 8 2
56 0 22 1
65 2 67 1
54 0 47 0
45 0 30 0
28 1 97 2
23 0 54 0
87 0 19 2
32 0 91 0
59 0 47 2
11 0 20 2
17 0 58 2
76 0 5 1
32 0 72 2
12 0 65 2
87 0 69 1
20 2 50 2
66 0 94 1
69 2 17 1
16 0 94 2
40 0 26 1
83 2 73 1
89 0 58 0
41 0 63 2
9 1 27 1
58 0 93 1
93 1 49 1
62 0 97 1
100 0 72 2
42 0 35 2
63 0 81 1
76 0 30 2
16 0 96 1
38 1 81 2
67 0 98 2
26 0 5 2
33 0 92 0
53 0 97 0
24 0 44 1
66 0 19 2
12 0 59 2
62 1 77 2
36 0 86 2
5 2 25 2
24 0 78 1
64 0 53 1
26 0 36 2
71 1 23 2
47 0 35 2
43 0 15 1
65 1 39 2
8 0 4 1
17 0 95 1
86 0 22 1
65 0 3 2
50 0 38 1
61 0 21 0
33 0 16 0
37 0 95 0
14 1 6 1
63 2 43 1
89 2 40 1
93 0 53 1
61 2 3 1
78 0 43 2
81 0 6 1
84 2 56 1
28 0 75 1
74 0 57 2
25 1 81 1
17 0 68 2
94 1 52 1
44 2 11 2
46 0 76 2
77 1 80 1
89 0 41 1
1 0 42 1
85 2 50 2
13 0 96 2
82 0 94 1
90 0 54 1
84 2 48 1
34 0 83 1
19 1 60 2
99 1 31 1
81 0 31 2
38 2 67 0
34 0 87 2
76 0 73 2
96 0 33 2
86 0 80 2
6 0 8 2
89 0 20 1
39 0 58 0
42 0 44 1
24 0 76 1
26 0 40 2
61 1 95 2
14 0 2 1
77 1 40 1
58 0 8 1
6 1 43 2
97 0 96 2
94 1 37 1
84 0 43 1
79 0 33 1
37 1 36 1
73 2 97 2
54 0 32 1
90 0 31 1
21 0 22 2
36 1 42 2
70 0 96 1
40 0 62 2
83 2 89 1
48 1 58 2
85 2 2 1
94 0 14 2
77 0 57 1
46 2 93 1
75 0 62 1
17 2 58 1
96 0 65 1
27 2 89 1
42 0 23 1
92 0 28 1
64 0 53 1
80 0 87 1
89 0 77 1
71 2 30 2
28 0 97 0
49 0 38 1
25 2 15 1
73 0 58 0
93 0 85 2
59 1 92 2
12 0 69 1
81 0 59 2
12 0 63 2
93 2 9 1
32 0 7 1
38 0 55 0
34 0 99 2
41 2 92 2
49 0 71 2
10 0 5 2
83 0 13 0
43 0 3 1
18 0 77 1
54 1 98 1
77 2 28 1
26 2 80 1
61 0 31 1
89 0 67 1
25 0 53 1
28 1 87 1
39 0 83 2
50 0 81 2
77 0 71 2
60 0 84 1
73 0 48 2
36 0 59 2
32 0 19 0
35 2 72 1
78 0 93 1
100 0 77 2
16 2 76 1
30 0 54 1
59 0 71 2
14 1 48 2
71 1 39 1
55 0 92 0
12 0 69 2
49 1 29 2
21 0 19 2
48 0 3 2
7 0 93 1
46 2 17 2
28 2 24 2
77 0 8 2
26 0 2 1
80 0 59 1
29 0 28 1
55 0 35 1
30 0 36 1
39 0 99 2
1 0 9 2
29 0 85 2
85 0 31 2
81 0 56 2
33 0 62 2
69 0 25 1
19 0 65 0
71 0 6 0
95 0 28 2
78 0 44 2
80 0 40 2
29 0 61 1
12 0 44 1
11 0 46 2
80 0 1 2
55 2 79 1
11 0 23 2
84 1 43 2
18 0 72 1
14 1 59 1
73 0 49 1
33 2 53 1
10 0 81 1
72 0 71 1
5 2 44 1
36 0 88 1
92 0 24 1
83 1 39 2
11 2 60 2
30 1 63 1
67 0 49 1
57 0 74 1
89 0 15 1
19 2 70 1
24 0 13 0
63 0 2 2
53 0 11 2
40 2 87 1
31 1 28 1
69 1 27 2
90 0 29 2
96 0 25 2
40 0 12 1
9 0 82 1
40 0 98 2
58 0 71 1
24 0 64 0
48 0 81 2
21 0 87 2
95 0 88 2
72 1 91 2
84 0 24 1
54 0 92 2
46 0 49 1
28 0 11 1
2 0 71 1
49 2 41 2
82 0 25 2
13 0 62 1
89 0 59 1
40 0 15 1
3 1 97 1
96 0 45 2
98 0 53 2
99 1 42 2
19 0 84 0
12 2 26 1
13 0 47 1
52 0 62 2
98 0 90 2
38 2 46 2
15 2 77 2
92 0 94 2
42 0 83 2
21 1 12 2
30 0 94 1
43 0 22 1
49 0 33 2
94 0 50 0
68 1 73 2
63 0 93 2
66 0 45 1
13 0 52 2
73 1 90 2
29 0 64 2
60 0 49 2
32 1 74 1
32 2 27 2
16 0 85 2
98 1 90 2
9 2 67 1
23 0 68 0
78 0 52 1
38 1 27 2
85 0 65 1
62 1 13 2
68 2 18 1
26 0 91 1
63 0 74 1
17 0 82 1
19 1 63 1
21 0 67 1
14 1 43 1
46 0 62 2
48 0 35 1
30 0 46 1
41 2 29 2
73 0 55 2
99 2 80 1
60 0 33 2
96 0 69 2
66 0 18 1
28 0 39 2
30 2 37 2
76 0 45 2
40 0 96 1
80 0 50 1
93 0 70 0
100 0 52 2
88 2 33 2
8 0 74 2
72 0 96 0
12 0 14 1
59 0 36 1
6 2 4 1
18 2 82 1
79 2 6 1
85 0 35 1
54 2 74 2
99 1 74 1
60 0 59 1
62 1 55 2
11 1 59 2
82 0 34 1
6 1 16 1
76 0 47 0
93 2 1 1
69 0 68 2
55 1 74 1
69 0 61 2
94 1 79 2
62 1 60 1
53 0 46 1
44 2 31 1
75 2 36 1
79 0 33 1
84 0 99 1
49 0 85 1
55 0 23 1
67 0 27 2
72 1 59 1
78 0 19 1
53 0 34 1
68 0 81 0
56 1 96 2
3 0 27 0
99 0 42 1
18 0 55 2
60 0 25 2
11 2 21 2
11 0 82 0
16 0 34 1
24 0 1 0
5 2 77 2
79 1 24 1
34 0 84 1
5 0 44 1
37 0 72 1
44 1 59 1
13 0 35 2
84 2 51 2
23 2 33 1
50 0 99 1
62 1 37 2
39 1 13 1
1 0 76 2
31 0 84 1
14 0 84 2
58 0 48 1
36 0 83 1
34 0 3 2
58 0 43 2
41 0 37 2
60 0 79 2
23 2 91 2
100 0 38 2
29 0 74 2
38 0 59 0
52 0 30 0
61 0 44 1
70 0 43 2
67 0 84 2
66 1 46 2
13 0 5 2
27 0 65 1
10 0 5 1
28 0 86 1
99 0 31 1
67 0 7 1
23 0 8 0
46 0 23 1
94 1 63 2
92 0 6 2
10 0 80 1
12 0 20 1
81 1 90 1
59 0 69 1
55 0 66 2
90 0 29 1
76 0 55 1
95 0 11 2
5 2 93 1
35 1 78 2
85 2 17 2
51 2 40 2
58 0 31 1
79 1 37 1
16 2 46 2
44 2 10 2
53 0 22 1
78 0 51 1
12 0 77 2
85 1 82 2
11 0 39 1
23 1 95 1
87 0 28 1
90 0 65 2
49 0 18 1
78 0 25 1
83 1 75 1
90 0 88 1
58 0 51 1
42 0 61 2
17 0 62 1
67 0 75 1
91 1 13 1
30 1 21 1
13 0 57 2
87 0 91 1
81 2 17 2
52 0 12 0
63 0 74 0
54 2 82 2
38 0 96 0
62 1 9 1
66 1 13 1
41 0 6 1
67 0 15 1
53 0 37 1
80 0 48 1
59 0 41 1
96 0 45 1
84 0 94 1
78 0 59 1
97 0 12 1
81 0 99 1
37 0 28 2
75 0 22 0
62 0 12 0
15 1 26 2
89 0 48 2
99 0 67 0
69 1 27 2
65 0 7 2
91 0 46 1
68 0 61 2
8 0 44 2
8 0 80 1
52 0 74 0
86 2 9 1
24 0 37 2
47 0 41 1
37 1 89 2
22 0 27 2
30 0 16 2
9 0 55 1
14 0 29 1
36 1 80 2
52 0 64 0
79 2 76 1
54 0 74 0
85 2 49 2
69 0 80 1
39 0 8 2
80 0 92 0
8 0 80 2
63 0 19 1
70 0 76 1
22 1 58 1
36 0 7 2
14 0 12 1
19 2 59 2
4 0 99 2
51 2 89 1
97 0 9 2
51 1 95 1
80 1 42 1
87 0 9 2
88 2 67 2
23 1 21 2
91 0 68 1
8 2 16 1
64 0 41 2
86 0 91 0
3 1 97 1
9 0 15 2
1 0 74 2
51 0 84 2
17 0 89 1
83 0 92 2
40 0 35 2
42 0 70 2
46 0 83 2
97 0 73 1
84 0 19 2
74 0 39 1
36 1 70 2
63 0 83 1
97 0 16 2
34 0 67 1
3 0 29 1
100 0 39 2
100 0 17 1
86 0 15 1
65 0 32 2
71 2 43 1
41 0 12 0
9 2 82 1
71 0 60 1
81 2 77 1
27 0 77 2
33 0 25 1
14 2 37 1
39 0 16 1
4 0 71 2
71 2 79 2
68 1 27 1
72 1 79 1
76 2 6 1
38 0 27 2
1 0 5 1
71 2 61 1
19 0 43 0
75 1 26 1
16 1 81 1
38 0 29 2
34 2 97 1
26 0 5 1
48 0 47 2
65 2 27 2
88 0 72 1
74 2 91 2
87 0 97 1
55 2 70 2
16 0 65 2
10 1 70 1
29 0 33 1
89 0 65 2
15 0 44 2
20 1 62 1
80 0 5 1
25 0 68 2
20 0 60 2
35 0 46 0
76 2 1 2
89 0 58 0
28 2 63 1
40 0 71 1
46 0 72 2
10 0 22 1
78 0 23 1
59 0 9 2
14 0 55 2
31 0 62 2
5 2 9 2
83 2 22 2
82 2 48 1
40 2 12 1
19 2 60 1
43 0 55 1
67 0 32 1
6 0 60 0
59 0 93 2
86 0 19 2
32 2 20 1
91 0 15 2
13 0 75 2
39 2 70 2
72 2 77 1
64 0 3 2
14 1 36 2
58 0 68 1
58 2 67 1
68 0 32 1
98 0 86 2
98 0 33 1
55 0 33 2
68 1 15 2
37 0 93 1
63 2 59 1
56 0 13 2
22 0 100 1
48 0 33 1
31 0 79 0
38 1 55 1
98 0 99 1
87 0 48 2
59 1 12 2
100 0 31 2
61 2 27 2
54 0 73 0
30 0 22 1
45 1 34 1
11 0 33 1
88 2 23 2
66 0 91 2
90 0 48 1
59 0 20 1
68 1 82 1
86 0 33 1
11 0 80 1
30 2 56 1
79 0 25 1
82 0 99 1
61 0 88 0
7 1 6 2
79 0 76 1
19 1 69 2
76 0 44 2
27 0 3 1
31 0 16 1
70 0 4 2
78 0 100 2
26 2 13 1
35 1 18 2
71 2 13 1
34 0 49 2
12 0 41 2
64 1 42 2
9 0 41 1
36 1 97 2
21 0 59 1
80 0 94 1
13 0 59 2
74 0 75 2
23 0 93 1
55 0 83 2
15 2 89 1
5 1 9 2
99 0 94 2
11 0 69 1
24 0 92 1
39 2 100 2
1 0 22 1
76 0 99 1
84 0 5 1
32 2 44 1
66 0 43 1
82 0 2 1
52 1 87 2
3 2 91 2
42 0 63 2
21 0 50 1
84 0 48 2
14 0 100 0
70 0 48 2
92 0 35 1
10 0 31 1
70 2 34 2
44 0 15 2
30 0 6 2
32 2 16 2
48 0 33 2
17 0 79 2
38 2 49 2
87 0 93 1
98 0 85 2
71 0 38 0
52 0 62 1
100 0 32 2
59 0 65 2
22 2 30 1
88 0 99 0
79 0 94 2
53 0 46 1
8 2 23 1
8 2 25 1
96 0 57 2
96 0 90 1
52 1 67 1
19 2 6 1
67 0 77 2
60 0 3 1
16 0 8 1
76 0 79 1
37 0 3 2
50 0 48 2
34 0 95 1
83 0 22 2
64 0 95 2
90 0 14 1
92 0 59 1
45 0 82 1
43 0 60 1
45 0 55 0
85 0 23 2
20 2 34 1
29 0 17 2
6 2 90 2
87 0 40 1
98 1 90 1
40 0 66 1
97 0 39 1
85 0 78 1
25 0 87 2
18 0 94 2
70 0 52 2
71 0 48 1
44 0 36 1
46 0 27 1
82 0 4 2
44 0 36 1
6 1 69 2
98 0 89 2
17 0 69 1
47 0 86 2
63 0 71 1
36 2 92 1
50 0 100 2
49 0 58 1
75 0 32 1
22 2 95 1
16 0 35 1
29 0 67 1
28 0 6 1
35 2 12 0
27 0 62 2
25 0 96 1
84 0 7 2
54 0 29 1
51 0 55 2
76 0 65 2
72 0 18 2
96 0 94 2
78 0 59 2
84 0 17 1
58 0 70 1
96 0 39 2
2 1 79 1
54 1 50 1
62 1 27 2
96 0 2 2
79 0 17 1
58 0 18 2
48 2 17 2
39 2 1 2
79 0 34 1
86 1 16 2
79 2 75 1
75 0 94 2
19 2 54 1
15 2 92 2
42 0 41 1
4 2 74 2
69 0 27 2
37 0 86 2
99 0 24 0
40 0 88 2
37 0 6 1
52 0 12 2
84 2 56 1
68 0 25 1
93 2 96 1
97 0 90 0
44 0 72 2
79 0 40 0
51 0 60 1
81 0 54 2
81 0 63 1
32 1 19 1
3 2 51 1
69 2 87 2
56 0 32 2
72 0 98 2
37 0 61 1
40 1 29 1
87 0 24 1
34 0 96 1
74 0 41 1
38 0 16 1
65 2 54 1
49 0 98 1
96 0 93 1
28 0 34 1
13 2 1 1
19 1 27 1
25 0 20 2
49 0 8 2
4 0 70 2
76 0 50 1
12 0 23 2
63 0 43 2
3 0 85 0
100 0 81 1
98 0 52 1
55 2 83 1
98 2 93 1
75 1 90 2
47 0 93 2
89 0 100 2
3 0 7 2
76 2 42 1
38 2 33 2
54 2 96 2
36 0 68 2
68 1 37 1
43 0 61 2
70 0 23 2
12 0 31 2
6 0 38 1
29 0 99 2
100 0 2 2
93 0 34 2
60 0 85 1
18 0 38 1
80 0 40 2
47 0 93 1
63 0 72 2
39 0 47 0
53 0 55 1
94 0 4 1
14 0 37 0
57 2 91 2
31 0 65 2
1 0 28 1
53 0 78 0
47 0 69 1
73 1 48 1
2 1 98 2
12 0 77 2
75 0 26 2
4 0 47 0
9 0 52 1
60 0 80 1
78 2 100 2
43 2 12 2
32 0 63 2
42 2 1 2
62 2 82 2
42 0 23 2
45 2 86 2
27 2 70 2
47 2 36 1
11 0 77 0
34 0 66 2
5 0 40 2
14 0 6 0
96 1 24 2
87 0 73 2
30 0 33 1
19 0 75 2
92 0 69 2
84 0 67 0
69 2 41 2
37 0 25 1
43 2 58 1
51 0 58 2
52 2 55 2
10 0 61 2
69 2 77 1
30 0 2 1
66 0 74 1
61 0 44 2
50 0 54 1
71 0 38 1
80 2 17 1
98 2 69 2
42 0 55 2
1 0 77 1
15 2 67 1
24 0 23 1
35 1 53 1
89 0 96 1
31 0 42 2
80 0 50 2
78 0 22 2
51 0 93 1
97 0 43 1
39 0 89 2
57 0 48 0
68 1 86 2
95 0 16 2
35 0 47 0
99 1 91 1
87 0 82 2
93 0 56 2
18 1 90 2
75 1 26 2
60 0 41 2
77 0 19 2
53 0 35 1
77 0 35 2
67 0 20 1
65 0 21 0
37 0 93 1
90 0 15 1
47 0 6 2
51 0 36 2
1 0 82 1
47 0 63 2
64 0 20 1
3 2 49 1
9 0 35 1
3 2 73 1
10 0 71 2
29 0 67 2
20 1 66 1
43 0 18 1
97 0 74 1
30 2 77 1
17 0 96 2
21 0 38 2
84 0 87 1
25 1 56 1
9 0 43 2
80 0 63 2
76 0 96 0
11 0 52 1
5 0 1 1
22 0 61 1
45 1 26 2
37 1 97 2
96 0 78 2
36 1 58 1
96 0 21 0
37 0 84 1
20 2 32 2
42 0 72 1
83 1 15 2
75 0 63 0
68 2 74 1
47 2 27 2
42 0 51 2
1 0 64 1
99 1 60 1
75 0 16 1
23 2 17 2
85 1 77 1
68 0 73 2
62 1 18 1
60 0 5 1
34 0 65 1
27 0 66 2
72 2 54 1
1 0 53 2
22 0 2 2
31 2 29 2
6 0 95 2
89 0 74 1
5 0 75 2
43 0 44 2
77 1 29 1
6 0 68 1
49 0 57 1
39 0 23 2
41 0 75 2
97 0 76 1
51 0 35 2
15 2 9 2
23 2 55 2
62 1 26 1
63 2 80 2
91 0 82 2
5 2 87 2
67 0 66 2
17 0 52 1
75 2 89 1
2 0 72 2
71 0 35 2
21 0 7 2
61 2 44 1
90 0 44 1
24 0 94 1
23 0 36 2
98 0 88 2
13 0 92 1
40 0 60 2
59 0 6 2
79 0 57 0
60 0 92 2
86 0 57 0
84 0 61 1
38 0 76 1
67 0 86 2
54 0 80 0
1 0 18 2
7 1 59 2
93 0 2 2
64 0 41 2
5 2 79 2
42 0 66 2
42 0 50 2
98 0 72 1
51 0 52 2
11 2 58 1
14 0 19 2
9 0 37 2
57 2 98 1
25 0 32 1
54 2 31 1
23 1 74 2
99 2 81 2
38 1 39 2
77 0 3 2
70 2 48 1
29 0 22 2
48 0 81 1
17 0 76 2
78 0 25 2
30 1 9 2
26 0 42 1
12 0 72 1
85 1 36 2
25 2 28 2
35 0 77 1
71 0 45 0
11 1 87 1
93 0 24 1
44 0 47 2
52 0 11 0
41 0 70 1
36 0 27 0
6 0 39 1
69 0 53 0
33 2 26 1
83 1 16 2
76 1 78 2
34 0 63 1
25 0 80 1
78 0 50 1
32 0 52 2
33 0 76 1
29 0 8 2
58 0 36 2
74 0 69 2
40 0 15 2
96 0 82 0
82 0 11 2
50 2 93 1
48 0 11 1
52 2 29 1
43 2 24 2
51 0 65 2
93 1 42 2
44 1 57 1
96 0 21 2
54 2 59 1
90 0 38 1
35 0 81 1
2 2 9 2
47 0 41 1
1 0 46 2
78 0 59 2
74 2 12 2
49 2 42 2
45 2 92 2
15 0 99 2
80 0 74 2
63 0 55 2
21 0 18 1
12 0 70 1
54 0 63 1
86 1 30 1
51 0 22 1
18 0 50 1
63 0 19 2
25 0 72 2
1 0 71 1
26 0 64 2
67 0 5 2
36 0 5 2
58 0 43 2
61 0 28 1
93 0 65 2
80 0 32 2
40 0 37 1
85 2 45 2
25 0 53 0
65 2 33 1
23 0 44 2
52 2 43 1
69 0 76 1
81 0 17 2
61 2 90 2
70 2 1 2
32 2 13 0
61 2 89 2
96 2 100 1
57 0 14 1
30 2 12 2
93 1 37 1
41 0 14 2
89 0 99 2
82 0 26 0
98 0 94 1
67 0 60 2
63 0 76 1
60 0 82 2
73 0 18 2
24 0 96 2
37 0 3 2
55 1 87 1
40 0 76 1
61 0 78 0
62 0 7 2
35 0 52 1
79 1 57 2
37 0 48 0
93 0 53 0
19 2 15 2
24 2 12 1
49 2 37 1
34 0 93 2
50 1 78 1
89 0 93 1
10 0 85 1
16 0 89 0
55 2 43 2
74 2 48 1
8 0 69 2
72 2 61 1
27 0 56 2
4 2 45 1
91 0 80 0
22 1 63 2
69 0 8 2
32 0 14 1
68 1 96 1
24 0 23 2
13 0 19 1
75 0 3 1
94 1 30 1
62 0 18 1
96 1 67 1
38 2 84 2
35 2 8 2
27 0 73 2
51 2 12 2
76 0 82 2
77 0 6 2
90 0 84 2
47 0 31 2
50 0 77 2
35 2 26 1
100 0 32 1
40 0 10 2
95 0 22 2
63 0 41 1
63 0 72 2
21 2 92 1
92 0 77 2
52 2 15 1
49 2 40 2
35 0 22 0
52 1 1 1
21 0 94 2
65 0 56 1
5 1 58 2
45 0 38 1
14 0 51 2
40 0 76 1
45 1 51 1
32 0 59 0
65 2 78 2
48 1 29 2
97 0 14 1
90 0 61 1
66 0 88 1
40 0 27 1
26 0 38 1
14 2 36 2
64 0 93 1
22 2 12 2
48 0 47 1
45 0 68 1
83 0 79 1
37 0 4 1
44 2 81 1
84 0 66 1
5 2 59 2
38 0 25 1
90 0 75 1
29 0 59 2
16 2 12 2
58 0 26 2
14 1 13 2
30 2 53 1
47 0 63 1
58 0 14 1
67 0 36 1
98 2 29 1
36 0 50 2
97 2 13 1
76 0 6 2
16 0 20 2
22 0 8 2
73 1 89 2
99 1 100 1
48 2 17 2
3 2 70 2
63 0 60 1
26 0 71 1
25 0 2 1
53 0 24 0
64 0 47 2
61 1 22 1
33 0 76 1
77 2 9 2
5 1 91 2
2 0 62 2
78 0 15 2
51 0 94 1
3 1 9 2
27 0 22 1
67 0 43 2
44 0 71 1
43 0 59 1
44 1 93 1
52 1 39 2
37 0 83 2
10 0 46 1
22 0 13 0
33 0 57 1
47 0 82 2
8 0 4 2
92 2 67 2
62 2 77 1
32 2 33 1
47 2 90 2
29 0 76 1
10 0 86 2
37 1 90 1
23 0 58 2
32 1 8 1
87 0 99 2
92 0 52 1
86 0 2 1
80 2 53 1
98 0 46 1
57 2 47 1
92 0 80 2
9 0 19 1
38 2 64 1
4 2 53 2
89 0 39 2
68 0 74 1
25 2 36 1
19 0 83 1
10 0 14 1
80 0 82 1
92 0 32 1
23 0 61 2
84 0 27 0
29 2 34 1
53 0 7 1
58 0 2 2
88 1 64 2
89 0 95 1
95 0 49 1
93 2 15 1
7 2 27 2
94 1 1 2
15 0 45 1
42 0 82 2
56 0 81 1
6 0 31 1
99 1 95 2
60 0 4 2
36 0 96 1
51 2 80 2
79 2 100 1
7 2 65 1
55 0 38 1
94 2 10 1
26 0 21 2
7 0 55 1
66 0 88 2
54 1 75 1
70 0 46 2
96 0 68 2
49 0 57 1
25 0 74 1
4 0 25 1
94 2 75 1
62 0 48 2
99 2 49 2
1 2 100 1
97 0 8 1
91 1 21 1
7 1 59 1
55 0 86 1
29 0 54 1
55 0 50 0
29 0 99 1
38 0 53 1
32 2 23 1
28 0 58 1
27 0 34 2
1 0 61 1
70 0 66 2
77 0 18 1
28 2 96 1
29 0 75 2
88 0 99 1
22 2 60 2
36 0 85 1
30 2 42 1
35 2 81 2
46 0 85 2
49 0 14 2
8 1 73 1
100 0 71 2
12 0 64 1
81 0 15 1
64 0 61 1
93 1 97 1
47 1 92 1
50 0 99 1
16 0 4 2
38 2 87 1
44 2 82 2
71 0 19 1
39 2 41 2
38 1 95 1
37 0 54 2
69 0 71 1
73 0 17 2
19 1 55 2
68 0 8 2
62 1 63 1
84 0 19 1
79 0 35 1
3 0 49 1
17 0 89 2
24 0 94 2
100 2 70 1
44 0 88 2
18 1 42 2
85 0 65 2
11 0 8 1
26 0 43 1
95 2 100 1
40 0 86 1
81 0 57 1
4 1 58 1
11 0 71 1
39 0 7 2
25 2 93 2
61 0 83 0
30 0 29 1
43 0 46 2
85 2 17 1
7 0 89 2
68 1 51 2
93 0 6 2
57 0 15 1
24 0 52 2
18 0 62 2
75 0 99 2
26 0 5 2
35 2 46 1
23 0 4 1
28 0 94 2
5 0 100 1
12 0 94 1
63 2 48 2
21 0 74 1
21 0 4 1
68 1 24 1
78 0 35 1
93 2 89 2
95 0 50 1
44 2 97 2
31 0 41 2
86 0 40 0
7 0 48 0
14 0 91 2
27 0 85 1
41 0 1 1
95 0 41 2
80 0 51 1
78 0 23 2
45 1 42 1
33 2 86 1
74 0 18 1
93 0 23 1
75 0 94 1
25 0 23 1
19 0 46 0
8 0 5 2
67 0 50 1
24 0 15 2
47 0 21 1
14 2 69 1
30 0 7 2
83 0 19 2
61 0 21 1
9 0 10 2
27 0 66 1
76 0 14 1
77 0 35 1
77 0 76 2
57 0 88 2
95 0 25 2
62 0 60 2
41 2 82 1
70 0 44 2
1 0 81 1
89 0 44 1
16 0 62 2
36 0 85 2
32 2 39 2
78 0 92 1
21 0 72 2
21 0 68 1
18 0 25 1
33 2 62 1
28 0 39 1
12 0 83 2
16 0 87 1
43 0 26 2
100 0 13 1
22 0 62 2
50 1 42 2
53 0 10 1
85 0 20 1
37 0 76 1
58 0 78 2
67 0 49 1
59 0 39 1
56 0 67 2
56 0 16 1
58 0 41 1
69 0 97 2
54 0 6 2
50 0 8 1
74 0 33 2
2 2 58 2
48 0 66 1
63 1 89 1
92 0 39 1
57 0 29 2
10 0 54 1
53 0 4 2
17 0 11 1
58 0 59 2
28 0 13 1
89 0 38 1
12 0 94 1
62 2 3 2
38 2 18 1
58 0 65 2
1 0 96 2
7 1 18 1
87 0 65 2
50 0 20 2
33 0 72 2
80 2 77 1
36 0 86 2
81 0 55 2
72 0 25 2
28 0 78 0
93 0 49 2
8 2 25 1
21 2 42 1
71 0 86 1
32 2 89 1
82 0 33 1
73 0 33 1
65 0 53 0
27 0 72 2
38 1 23 2
83 0 64 2
27 0 8 1
30 0 66 1
47 2 34 2
8 1 24 1
88 0 21 2
14 0 50 1
95 2 40 2
38 1 47 2
32 1 27 2
8 1 95 2
11 0 14 2
43 0 32 2
25 0 80 1
7 0 71 2
66 1 34 2
2 0 71 2
66 0 38 1
14 0 4 2
67 0 90 1
67 1 90 1
36 0 66 1
1 0 81 2
28 2 47 1
71 1 96 2
1 0 71 1
64 0 47 2
76 2 13 1
65 2 68 1
92 0 51 1
19 0 90 2
76 0 35 2
47 0 49 2
68 2 60 1
95 1 17 2
56 0 8 1
9 0 36 2
76 1 48 2
41 0 42 0
63 2 53 1
44 1 42 2
93 1 26 2
77 0 79 2
41 0 83 2
46 2 51 1
27 0 67 2
94 1 88 1
20 2 26 2
53 0 33 2
67 0 48 2
74 1 60 1
36 0 18 2
40 0 73 1
69 1 60 1
91 0 79 2
61 2 10 1
75 1 57 1
96 0 76 2
95 0 36 2
100 0 24 1
42 0 32 1
87 0 9 2
91 0 8 2
25 0 44 2
18 2 27 2
60 0 73 2
13 0 99 2
73 0 18 1
42 0 76 1
18 2 75 2
86 2 60 1
30 0 69 2
12 0 65 1
37 2 97 1
33 0 20 2
36 0 18 2
97 0 32 1
56 0 84 2
72 1 56 1
46 0 57 2
68 2 55 1
3 1 60 2
29 0 56 1
42 0 94 1
32 2 77 2
28 0 75 1
97 0 23 2
37 0 20 2
83 2 1 1
26 0 70 2
58 0 37 1
3 0 6 2
2 0 63 2
61 2 86 1
35 1 98 1
28 1 42 2
90 0 14 1
75 1 41 2
100 0 70 2
97 0 50 1
55 0 23 1
27 0 37 2
52 0 56 0
5 1 53 2
32 0 43 0
41 1 34 1
43 0 14 1
6 2 50 1
73 0 99 2
3 0 64 1
29 0 51 1
88 0 1 0
19 2 14 2
69 1 100 1
72 0 75 2
51 0 95 1
85 0 71 1
82 0 65 1
47 0 36 2
7 1 66 2
75 0 68 2
89 0 63 1
36 0 97 1
64 2 40 1
6 0 2 2
19 2 2 1
36 0 37 2
33 0 27 1
18 2 40 2
61 0 69 1
89 0 62 1
75 0 87 1
22 0 4 1
28 0 3 2
36 0 94 2
15 0 65 2
35 0 46 0
33 2 31 2
80 0 66 1
74 1 26 1
38 0 54 2
25 0 40 2
35 2 40 1
12 0 96 1
90 0 92 1
77 0 55 2
18 1 78 2
83 0 94 1
19 0 48 2
52 1 78 1
54 0 16 2
23 0 94 1
67 0 69 1
15 2 46 2
9 0 30 1
10 1 41 1
5 1 90 1
30 0 34 2
7 1 24 2
97 0 55 2
36 0 85 1
53 1 90 1
54 0 71 1
64 0 63 2
34 0 28 1
31 0 4 1
15 0 60 1
81 0 37 2
20 2 75 2
76 0 56 2
42 0 4 2
44 0 28 0
58 0 52 1
91 0 78 2
13 0 22 1
3 0 72 2
9 0 74 2
7 1 52 1
48 2 82 1
90 0 37 1
71 0 99 0
24 0 62 2
29 0 94 2
88 2 4 1
73 0 91 1
53 0 15 1
3 2 69 1
70 0 46 2
96 0 50 1
43 0 50 2
82 0 93 2
67 0 34 1
38 0 22 2
87 0 61 1
43 2 34 1
37 0 15 1
28 2 24 1
73 0 82 2
32 2 94 2
61 0 88 1
95 1 1 1
62 0 5 2
59 1 34 2
36 2 53 1
43 0 33 1
4 2 36 2
96 0 61 2
16 1 98 1
13 0 48 1
12 0 24 2
73 0 98 2
27 0 48 2
47 0 94 2
87 0 9 1
89 1 100 1
6 0 42 2
75 0 19 1
22 2 37 1
22 1 49 2
65 0 8 1
39 0 99 2
63 2 13 2
17 0 4 2
22 0 25 2
43 2 59 2
44 0 43 0
45 2 68 1
98 0 1 2
99 2 67 1
66 2 55 2
17 0 95 1
97 0 10 2
85 2 18 2
69 0 8 1
43 0 80 0
82 0 71 2
100 0 76 2
21 0 44 1
3 0 52 1
45 0 57 2
65 0 34 2
8 0 80 0
92 0 65 1
30 0 9 2
42 0 35 2
66 0 27 1
91 0 68 2
83 0 46 0
62 0 61 1
60 0 75 1
50 0 22 2
62 0 66 0
39 2 13 2
22 1 49 2
6 2 31 1
76 0 98 0
96 0 29 2
43 0 38 2
23 1 73 1
98 0 39 1
14 1 21 1
72 0 86 0
4 2 70 1
58 0 78 1
35 1 52 2
41 2 78 1
96 2 90 2
59 0 48 1
35 0 42 2
100 0 84 1
19 0 90 0
93 0 84 2
38 0 14 1
93 1 69 1
99 0 78 1
72 0 17 0
74 2 28 1
77 1 34 2
4 1 79 1
17 0 25 1
42 0 73 1
39 0 17 0
53 0 35 1
100 0 2 1
19 0 66 1
96 1 60 2
35 2 39 1
83 1 16 2
66 0 60 0
83 1 91 2
70 0 65 1
7 2 38 1
92 0 76 2
46 0 17 0
87 0 76 2
83 0 89 0
19 2 91 2
97 0 2 2
45 2 87 2
74 0 65 1
43 0 23 2
38 0 24 2
39 1 42 2
95 2 60 1
32 1 37 2
27 0 63 1
43 0 61 2
88 0 67 1
17 0 5 1
14 0 92 2
29 0 61 1
48 1 12 1
37 0 87 0
73 2 67 1
32 0 51 2
83 0 76 1
84 0 59 2
36 0 44 1
79 0 3 1
100 0 95 1
97 0 73 2
100 0 17 1
53 0 16 2
2 0 28 1
45 0 74 2
54 0 27 1
96 0 6 2
83 0 8 1
74 0 18 2
15 0 44 1
46 0 50 1
71 1 3 1
65 2 55 2
97 0 44 1
1 0 91 2
44 2 72 2
64 0 3 2
92 0 8 1
55 2 65 1
87 0 50 1
41 0 36 1
16 2 34 1
48 0 14 1
20 0 65 0
79 2 40 1
49 0 27 0
94 2 99 2
45 2 21 2
75 0 56 0
54 2 43 1
33 0 79 2
64 1 58 1
13 0 36 1
33 0 90 2
60 0 36 1
20 2 50 2
51 0 8 1
97 0 44 1
95 0 56 1
20 0 56 0
70 0 38 1
67 0 83 2
10 0 18 2
50 1 80 1
18 0 23 2
36 0 98 1
61 1 21 1
7 2 75 1
4 0 46 0
82 0 68 1
51 0 80 0
38 0 37 2
12 0 8 1
31 1 91 2
32 2 34 1
27 0 56 1
23 2 37 1
54 0 90 0
45 0 87 2
98 0 87 1
71 0 51 1
6 0 42 0
79 0 51 2
63 0 35 1
62 1 28 2
21 0 48 1
66 0 20 2
44 1 35 1
50 0 51 0
97 0 40 1
55 0 65 2
24 0 33 2
16 2 76 1
51 0 46 2
36 0 98 1
100 0 22 1
99 0 90 2
57 1 81 1
18 0 5 2
9 2 70 2
46 0 4 2
55 0 11 2
56 2 28 2
54 0 32 2
18 1 56 1
80 0 53 2
31 1 47 2
83 0 100 0
100 0 9 2
79 0 19 2
21 0 64 2
50 0 19 2
47 0 25 1
18 1 69 1
12 0 69 2
56 0 5 1
41 0 35 1
38 0 41 0
10 0 65 2
10 0 30 2
86 1 46 2
29 0 53 1
15 2 16 2
16 0 17 0
7 1 12 2
79 0 38 2
55 0 19 2
45 1 29 1
59 1 26 2
24 0 28 1
85 2 100 1
96 0 22 2
43 0 30 2
74 0 91 1
50 1 69 2
24 0 19 2
85 1 30 2
100 0 4 2
3 0 53 1
67 0 55 2
50 0 84 2
63 0 65 1
76 2 59 2
25 2 40 2
8 1 31 2
98 2 69 2
15 0 24 1
59 1 48 2
80 1 34 2
46 0 7 2
38 2 55 1
2 0 97 1
65 0 44 2
51 0 24 2
48 0 5 2
63 0 94 2
61 2 79 1
77 0 23 1
54 0 98 0
32 2 68 1
2 2 21 1
34 0 90 0
56 0 42 1
27 0 95 1
51 0 99 1
17 0 10 2
2 1 15 2
77 0 6 1
27 0 35 2
41 0 19 1
1 0 49 1
46 2 9 1
2 1 89 2
9 0 46 1
8 1 79 2
95 2 96 1
16 2 70 2
21 0 78 2
1 0 26 1
18 0 56 0
89 0 16 2
18 0 68 2
95 0 10 1
18 1 74 2
25 1 62 1
16 0 12 1
95 0 51 1
62 2 3 2
77 0 98 1
78 0 14 1
4 0 66 2
78 0 58 0
6 0 61 1
63 0 75 2
62 2 48 2
6 0 38 1
17 0 11 2
69 0 6 2
13 2 42 1
99 2 57 2
22 1 57 2
41 1 80 2
79 1 13 1
64 0 81 2
55 0 1 0
97 0 48 1
61 1 19 1
45 0 88 1
23 0 76 0
35 0 32 1
43 0 79 1
45 2 55 1
19 0 76 0
77 0 61 2
75 0 31 1
50 0 31 0
92 0 43 2
73 2 40 2
51 0 46 1
30 0 98 1
17 0 99 2
17 0 35 2
7 1 49 1
71 2 38 2
63 0 1 0
25 1 41 2
78 0 16 2
57 0 49 0
26 0 69 2
54 2 99 1
26 0 100 1
54 1 82 2
80 2 34 1
67 0 19 1
50 2 98 1
69 2 64 1
62 0 70 0
7 1 37 2
60 1 34 1
72 1 16 1
12 0 44 1
28 2 60 1
27 0 64 2
16 0 60 1
40 2 29 1
56 0 55 1
63 0 52 2
15 2 73 1
64 0 25 1
99 0 32 1
71 2 11 2
100 0 13 1
50 0 72 1
64 0 69 1
99 2 37 1
96 1 1 1
21 0 55 1
98 0 20 1
7 0 81 2
59 0 2 1
74 0 18 1
65 0 43 1
82 0 95 1
1 0 95 2
2 0 65 0
80 0 33 2
88 0 65 0
1 0 56 2
60 0 44 1
74 0 92 1
92 0 76 1
11 0 76 1
11 0 49 1
42 2 13 2
3 0 95 2
83 2 22 2
20 1 44 1
79 2 49 1
19 0 17 2
75 0 38 1
85 0 89 2
29 0 89 1
30 0 85 2
39 2 40 1
18 1 59 1
30 0 84 2
69 0 57 1
70 2 64 1
12 0 98 2
63 2 95 1
12 0 46 1
39 0 79 2
71 0 35 0
48 0 44 1
98 0 90 1
99 0 45 0
88 2 37 2
21 0 23 1
31 1 95 2
3 0 15 2
39 1 49 1
88 1 24 2
94 2 70 2
91 0 86 2
3 2 89 1
37 0 38 1
68 1 16 1
62 0 74 0
87 0 33 2
69 0 79 1
25 1 27 1
89 0 54 2
80 0 32 2
22 0 65 2
24 0 56 2
45 1 76 1
96 0 78 2
34 0 92 2
3 0 43 2
62 0 45 0
97 0 20 1
4 2 48 1
38 0 23 2
19 0 53 1
69 0 89 1
68 2 3 2
98 0 71 2
23 0 21 0
46 0 72 2
71 0 50 1
77 0 10 2
100 0 4 1
9 0 44 1
77 0 22 2
33 1 1 2
85 1 76 2
28 1 97 2
77 2 78 2
49 0 33 1
57 0 52 2
83 2 24 2
72 2 97 2
55 2 8 1
67 0 54 1
75 0 50 1
69 0 65 2
42 1 26 1
16 2 10 1
9 0 8 2
56 0 61 2
11 0 79 1
23 0 79 2
10 2 73 1
68 2 39 2
47 0 30 1
87 0 59 2
45 2 78 1
32 2 21 1
41 1 70 2
80 0 48 2
53 0 92 1
79 0 50 1
15 2 6 1
12 0 44 1
28 0 15 1
46 0 90 2
17 0 54 2
60 0 13 1
98 2 74 1
83 2 43 2
88 0 25 1
61 1 80 2
80 0 99 2
11 1 60 1
37 0 20 2
79 0 29 2
40 0 2 2
41 0 27 0
23 1 39 2
50 0 94 1
40 0 85 1
28 1 17 1
47 0 33 1
48 0 89 0
73 0 56 1
2 1 28 2
9 0 93 2
62 0 44 2
88 0 79 0
14 0 85 1
50 1 1 2
100 2 17 1
71 1 49 1
22 0 16 0
79 0 38 2
66 0 41 0
82 0 36 1
65 0 5 2
14 0 90 1
12 0 94 1
57 0 98 2
64 0 89 0
30 1 27 2
44 0 29 1
10 0 44 2
44 0 19 2
53 2 36 1
47 0 85 1
98 0 94 1
60 0 23 2
81 1 67 1
100 0 20 2
35 2 62 2
9 0 72 1
34 1 29 1
72 2 64 1
36 2 51 2
41 0 78 0
86 0 50 0
2 0 99 2
77 0 96 2
11 1 97 1
17 0 69 2
2 1 31 2
57 0 94 2
50 0 5 2
97 0 24 1
67 0 15 2
77 2 9 1
43 0 54 2
34 0 13 1
71 1 36 2
67 0 81 1
30 0 94 2
43 0 15 2
41 0 72 1
44 2 12 0
85 2 91 2
38 1 91 2
66 2 59 1
27 0 70 1
16 0 94 2
49 2 9 1
77 0 30 2
94 1 23 2
72 0 36 1
23 0 36 1
37 1 17 1
73 0 5 1
3 0 17 0
3 0 12 0
59 0 48 0
28 0 25 2
76 2 46 2
83 2 77 1
10 0 88 1
68 1 75 2
96 0 62 1
93 0 50 2
1 0 82 1
66 0 81 0
75 0 56 1
96 0 5 1
12 0 46 2
62 2 13 1
38 1 79 2
44 2 46 2
3 2 57 2
28 2 37 1
39 0 14 1
29 0 22 2
53 2 58 1
70 0 39 1
25 2 56 2
13 0 60 2
91 0 9 0
48 0 94 1
88 0 93 1
19 1 86 1
48 0 32 1
42 0 73 1
63 1 53 1
15 0 76 1
73 0 43 2
49 0 85 1
24 0 88 1
98 0 18 1
89 0 79 1
25 0 34 0
36 1 1 1
50 2 64 2
47 0 1 2
10 0 22 1
61 1 64 1
4 0 84 2
7 2 45 2
85 2 9 2
100 0 46 2
25 2 28 1
10 1 60 1
63 0 99 1
90 0 20 1
67 2 97 2
74 0 1 1
68 0 39 2
16 0 44 1
11 0 43 0
27 0 82 2
56 2 16 1
45 0 54 2
38 0 50 1
56 2 30 1
58 0 75 2
67 0 52 1
39 0 65 1
78 0 7 2
92 0 55 2
36 0 87 1
38 1 94 1
66 0 63 0
75 1 70 2
85 2 96 1
54 0 39 2
35 2 4 1
29 2 97 1
78 0 8 2
79 0 32 1
85 0 97 0
19 0 59 2
59 2 95 2
7 1 98 2
74 0 68 1
85 0 99 1
98 1 69 1
14 0 41 0
96 0 8 2
4 0 85 1
69 0 85 1
22 0 42 2
53 0 55 2
53 0 85 2
51 0 32 2
18 2 65 1
44 1 91 2
86 1 37 2
53 0 27 0
81 0 79 1
92 0 44 1
82 0 5 2
68 2 46 1
70 0 88 2
61 1 86 2
6 1 100 1
96 0 31 2
14 0 61 1
31 2 26 2
2 2 1 2
58 2 100 1
48 0 27 2
59 1 81 1
48 0 38 2
21 0 85 1
34 0 68 2
55 2 37 1
10 0 46 2
86 0 5 1
42 0 25 1
100 2 17 1
4 0 55 2
94 2 60 1
83 0 8 1
96 0 49 1
67 0 17 2
79 0 7 1
57 0 62 2
40 0 62 2
29 0 96 1
26 0 87 1
95 0 92 0
1 0 62 1
1 0 81 1
13 0 37 2
99 0 7 2
61 0 42 0
26 0 85 1
6 0 46 2
39 1 100 1
23 1 13 2
90 0 4 2
42 2 80 1
55 0 35 2
39 0 13 0
14 0 9 2
32 1 47 2
10 0 46 2
81 0 4 2
3 2 6 2
83 1 26 1
14 0 84 1
8 1 82 1
15 0 85 1
43 0 83 2
15 0 63 0
37 0 71 1
60 0 33 2
4 0 62 1
5 0 56 0
41 1 89 2
5 2 20 1
55 0 65 2
36 0 19 1
94 2 29 2
30 1 73 1
63 0 35 1
64 0 58 2
72 2 38 1
25 0 72 2
26 0 59 2
2 0 93 1
64 2 42 1
61 2 44 1
49 0 91 1
54 1 82 2
15 0 7 2
22 0 64 2
41 0 99 2
75 0 7 2
65 0 74 0
62 0 64 0
34 0 52 2
99 0 89 2
38 2 71 1
41 0 84 2
29 0 17 2
50 0 32 1
94 1 45 2
5 0 56 1
5 0 39 1
41 0 56 2
60 0 41 2
40 0 76 1
78 0 82 2
72 2 36 2
66 0 49 1
69 0 45 2
80 2 89 2
81 0 40 0
61 2 57 1
1 0 69 1
4 0 23 2
71 2 25 2
63 0 65 1
61 2 94 2
65 2 14 2
89 2 100 1
52 1 8 2
34 0 11 2
83 0 89 2
55 0 62 2
69 0 86 2
83 0 20 1
49 0 52 2
73 0 22 2
18 1 41 2
94 2 24 2
96 2 57 1
94 0 6 1
26 0 17 2
54 0 80 0
12 0 80 1
29 0 39 1
100 0 23 2
97 0 48 1
58 0 3 2
98 1 51 1
70 0 30 1
8 0 73 2
78 0 71 1
50 1 48 2
54 1 37 2
34 0 96 1
7 2 66 2
31 0 67 2
86 0 26 1
6 0 50 1
23 0 72 1
5 2 97 1
95 0 20 2
55 0 63 0
90 0 39 1
61 0 33 1
94 0 69 1
99 0 7 2
14 0 5 2
45 0 36 0
73 2 9 2
54 0 5 2
27 0 19 2
25 0 63 1
54 2 13 2
76 2 64 2
36 0 5 2
7 2 74 1
98 2 69 1
21 0 65 2
57 0 83 1
10 0 18 1
20 0 22 2
89 0 37 2
19 1 78 2
16 1 10 1
64 0 43 1
6 0 11 0
97 2 34 1
10 1 90 2
22 1 30 1
19 0 55 2
62 2 47 1
97 0 35 1
6 0 5 2
31 1 87 2
70 0 46 1
20 0 54 2
26 0 4 1
23 1 15 2
90 0 17 2
29 0 19 2
18 2 86 2
20 2 63 1
6 0 38 2
38 2 84 1
37 0 49 2
29 0 81 2
11 2 87 2
88 2 13 1
45 0 74 0
42 0 73 1
97 0 48 1
6 0 64 2
13 0 71 1
23 2 40 1
62 0 37 2
98 2 89 2
2 2 65 2
29 0 51 2
40 1 97 1
100 1 97 1
32 0 41 0
38 0 36 2
17 0 64 1
10 0 65 2
23 1 26 2
7 2 86 1
3 0 73 2
88 1 66 2
14 0 62 1
94 1 95 2
10 0 53 0
91 0 6 1
99 2 15 2
39 0 74 0
77 0 32 1
25 0 91 1
58 0 47 2
44 2 47 2
73 0 48 2
74 1 53 1
3 1 53 1
25 2 63 1
50 0 46 1
17 0 71 2
22 0 60 2
69 0 98 1
43 0 12 0
35 0 54 1
43 0 99 1
2 0 5 1
7 2 97 1
70 0 31 2
9 0 65 2
38 1 68 1
21 0 7 2
21 2 80 1
3 2 62 1
47 0 25 1
39 0 11 1
31 0 5 2
16 0 8 2
7 2 99 2
84 0 71 1
66 0 63 2
78 0 84 2
49 0 66 1
26 0 39 1
89 0 21 1
29 0 93 2
51 2 96 1
3 0 14 1
51 0 44 2
41 0 71 1
69 2 37 2
91 2 77 2
11 1 24 1
33 0 40 0
18 0 20 1
91 0 87 0
80 0 38 2
8 1 53 1
1 0 65 2
55 0 48 2
31 2 22 2
12 0 71 1
26 0 57 2
18 0 35 2
95 2 47 1
64 0 81 2
40 0 93 1
98 2 77 2
6 0 66 2
61 2 90 2
7 0 87 0
50 0 54 2
95 0 5 1
26 2 92 1
45 2 27 2
36 0 94 1
52 1 11 1
33 0 19 2
93 0 11 1
7 0 91 2
9 0 18 1
77 0 7 2
66 0 1 1
12 0 14 2
50 0 56 2
97 0 31 2
80 0 22 2
99 1 79 2
20 1 68 2
9 0 50 1
28 0 62 1
26 0 48 1
89 0 92 1
55 0 68 1
31 2 22 1
56 0 61 2
71 2 79 2
4 2 58 1
98 0 31 2
57 2 10 1
5 2 13 1
96 2 27 2
77 0 45 2
72 2 56 1
46 0 94 2
15 0 3 1
87 0 32 1
56 0 61 1
28 0 52 2
98 1 74 1
22 0 42 2
60 0 58 2
97 0 89 2
99 2 69 2
34 0 57 2
31 1 36 2
52 1 30 1
55 0 45 2
98 0 56 0
29 0 45 2
25 2 60 2
17 0 7 1
48 0 44 1
72 0 96 1
86 1 48 2
100 0 91 1
31 0 91 2
43 2 82 1
60 0 11 2
16 0 17 0
54 2 10 2
21 2 42 2
61 1 39 1
36 0 67 0
40 2 26 1
88 2 56 1
86 0 68 2
35 1 48 1
37 0 85 2
33 1 16 2
23 2 74 1
99 1 65 1
86 0 52 2
17 0 31 1
90 0 25 2
11 0 7 1
25 2 58 1
48 0 82 2
99 1 9 2
45 0 2 2
91 0 54 1
21 0 79 2
95 1 92 2
42 0 54 2
69 1 58 1
98 0 19 1
45 2 87 1
38 2 95 1
71 2 5 2
63 0 20 2
20 2 79 1
17 0 8 1
28 1 90 1
61 1 95 1
23 2 25 1
95 0 53 0
45 0 82 0
99 0 64 0
86 0 78 0
82 1 60 1
55 0 7 1
20 0 31 2
48 0 18 2
35 1 77 1
77 0 17 0
88 2 100 2
39 0 5 1
76 2 22 1
43 1 81 1
97 0 98 1
12 0 82 2
61 2 52 1
28 0 76 1
24 0 46 2
22 0 56 2
39 0 8 1
98 0 18 2
22 0 56 1
90 0 34 1
42 0 20 1
41 0 89 0
55 0 18 2
6 1 79 1
57 0 36 0
73 0 1 1
45 2 89 2
50 0 84 1
93 0 30 0
30 0 71 2
46 0 41 0
23 0 38 2
6 2 77 1
61 1 68 1
58 0 69 2
37 0 84 1
52 0 33 1
48 0 26 0
16 0 61 2
44 2 28 1
11 0 6 1
16 0 63 1
13 0 55 2
55 1 93 2
57 0 67 0
60 0 23 2
14 0 72 1
11 0 52 1
30 0 59 2
4 0 2 2
35 0 59 0
16 0 95 1
4 0 53 1
27 0 40 0
79 0 24 2
71 1 16 1
24 0 84 1
62 0 54 1
95 0 10 1
98 0 10 2
5 0 22 1
67 0 39 2
56 1 9 2
89 0 19 1
35 0 56 1
98 2 47 1
43 0 36 2
35 1 78 2
43 0 75 2
74 0 18 2
82 0 54 1
21 0 84 1
82 2 13 2
64 0 53 2
46 1 10 1
50 2 11 2
72 0 97 2
10 0 97 0
38 0 52 0
6 0 50 1
83 1 79 2
74 0 9 1
56 0 18 2
18 2 83 1
43 0 39 2
42 0 41 2
66 1 39 1
1 0 66 1
90 0 49 2
77 0 78 1
4 1 14 1
27 0 56 2
29 0 85 2
69 0 55 1
70 0 84 2
45 0 68 1
24 0 59 2
21 0 86 2
58 0 69 1
94 0 79 1
19 0 59 2
49 0 75 2
77 0 4 2
19 0 84 1
91 0 33 1
7 1 97 1
7 0 28 0
25 1 69 2
26 0 95 1
97 0 50 2
1 0 84 2
42 0 82 2
30 0 51 1
62 0 76 0
78 0 57 2
44 0 39 1
10 1 13 2
28 0 46 1
27 0 63 1
61 0 36 0
50 0 7 1
74 0 57 2
22 1 43 1
61 2 21 1
22 0 94 2
30 0 97 2
31 1 92 1
71 0 88 2
37 0 75 1
86 0 33 1
78 0 46 1
88 2 80 1
80 0 76 2
33 2 87 1
33 0 88 1
64 0 24 2
33 0 48 0
61 0 71 1
31 0 19 1
44 0 52 1
14 2 51 1
41 0 67 2
48 0 56 2
18 2 64 2
6 2 18 1
90 0 35 1
48 0 38 1
38 0 46 2
15 0 65 2
20 0 68 0
29 0 53 1
84 1 96 1
45 0 21 0
21 0 26 1
26 0 95 1
41 0 2 1
45 0 78 2
86 0 25 2
45 2 68 1
5 0 76 2
40 0 64 2
20 0 11 1
43 0 35 1
74 0 49 2
26 0 79 1
12 0 54 1
61 1 74 2
87 0 92 2
2 0 5 2
25 1 42 1
87 0 53 2
33 0 32 2
88 1 28 1
38 0 98 1
29 0 67 2
42 0 94 1
60 1 67 2
32 2 70 1
87 0 37 2
13 0 9 2
36 0 93 1
51 0 20 2
95 0 7 2
7 0 61 1
18 0 57 1
14 0 35 2
66 0 44 1
12 0 37 1
74 0 66 1
59 0 5 1
86 0 14 0
63 2 53 2
100 0 54 2
47 2 100 1
92 0 43 2
12 0 71 1
56 0 55 1
52 1 96 1
70 0 2 1
51 0 74 2
27 2 24 1
50 0 32 2
16 0 75 1
73 0 15 1
77 0 90 1
21 0 68 2
37 0 33 2
11 0 20 2
34 2 1 2
34 0 79 2
2 1 79 1
29 0 46 2
29 0 18 2
42 0 88 2
99 1 41 2
4 1 100 1
80 0 20 1
6 0 83 1
84 0 44 2
11 0 3 1
86 0 42 2
58 0 79 2
22 0 18 1
52 1 21 1
93 2 42 2
76 2 37 2
60 0 63 1
63 0 38 2
2 2 57 1
34 0 85 2
67 0 57 2
85 2 2 1
50 0 71 2
49 2 34 1
44 0 23 0
31 0 67 1
3 0 62 1
32 0 39 2
11 2 60 2
3 0 38 2
25 0 19 1
84 1 45 1
46 0 72 2
100 0 99 2
70 0 27 1
57 0 60 1
77 2 73 1
14 2 29 2
12 0 18 1
31 1 59 2
86 0 19 2
62 2 36 1
46 0 72 2
53 1 9 1
47 0 22 2
69 1 90 1
26 0 40 0
19 2 60 2
24 0 72 1
30 0 91 2
22 2 93 2
94 1 95 1
13 0 21 1
12 0 16 1
60 2 27 1
7 2 21 2
99 0 63 2
52 2 96 1
50 0 79 1
42 0 95 2
29 0 73 2
50 2 29 1
42 0 43 2
4 0 94 1
15 0 12 1
22 0 96 0
76 0 85 2
52 0 77 1
26 0 12 1
74 0 30 1
83 1 75 1
10 0 41 0
50 0 54 1
25 1 47 2
27 0 94 1
77 1 12 1
19 0 61 1
63 1 100 1
51 1 17 1
42 0 93 1
1 0 40 2
33 0 61 1
93 2 58 2
80 0 1 2
42 0 66 2
90 0 47 1
72 1 37 1
57 0 43 0
94 2 40 1
17 0 50 2
3 1 91 2
56 0 46 1
7 2 32 1
55 2 73 1
27 2 58 2
18 1 16 1
41 0 18 1
55 2 98 2
2 0 11 0
97 0 69 2
58 0 64 2
32 0 70 1
17 2 87 1
23 0 44 1
82 0 55 2
17 0 63 1
53 0 15 2
19 0 61 1
90 0 19 2
87 1 1 1
15 0 56 2
34 0 54 2
96 0 88 2
98 2 67 1
25 0 2 1
14 0 57 2
99 0 34 0
90 0 51 2
52 0 38 1
96 2 81 1
50 0 61 1
51 0 56 1
49 0 25 2
9 0 75 1
42 0 15 1
1 0 89 1
76 0 63 1
94 0 88 0
17 0 43 2
52 0 34 2
84 0 29 1
81 0 15 1
28 0 7 1
10 2 57 1
64 0 78 0
80 0 22 2
69 1 12 2
45 2 29 2
67 0 52 1
95 0 84 2
24 0 6 2
42 0 37 1
83 0 91 1
21 0 3 1
82 0 64 0
5 2 87 1
10 0 61 2
7 0 98 0
58 0 67 1
87 0 76 1
47 0 27 0
22 0 44 2
43 0 36 2
40 0 56 1
51 0 39 2
23 0 88 2
24 0 71 2
71 2 15 2
3 2 34 2
77 0 67 0
36 0 61 1
13 2 78 1
14 0 88 2
61 0 60 2
40 0 96 2
70 1 42 1
9 0 40 0
50 2 55 1
73 0 17 0
90 0 26 1
46 2 16 1
22 2 27 2
35 0 83 0
12 0 22 1
54 0 20 1
14 0 85 2
66 0 61 1
32 0 79 2
76 0 2 2
61 1 85 1
52 2 10 1
46 0 31 1
36 0 62 2
68 1 3 1
32 0 89 1
23 0 49 0
61 0 35 2
56 0 16 2
29 0 93 2
26 0 41 1
15 0 81 0
38 2 10 1
60 0 75 2
64 0 18 2
36 0 49 2
55 2 91 2
7 0 71 2
17 0 7 2
79 0 23 2
79 0 2 1
23 1 34 2
51 0 29 0
5 0 20 1
58 0 88 2
77 0 49 2
5 0 62 2
78 0 33 2
32 1 34 2
68 0 5 2
27 0 26 0
77 0 30 1
79 2 9 2
42 0 18 2
84 1 63 2
14 1 47 2
15 2 26 1
97 0 69 1
15 0 83 1
24 0 21 0
42 0 63 2
17 0 51 1
21 0 99 2
64 0 95 1
92 0 38 2
11 0 33 2
19 1 49 1
79 2 58 2
73 0 32 2
43 0 93 1
73 0 69 2
33 0 42 1
36 0 5 2
53 0 7 1
65 1 30 2
47 0 79 2
19 2 18 1
96 0 35 1
41 1 34 2
24 1 97 2
31 0 50 2
99 1 58 2
42 0 92 2
20 0 42 0
28 0 60 2
92 0 18 2
80 0 47 1
92 0 10 2
21 0 32 2
81 0 49 1
14 0 33 1
15 2 100 1
47 0 50 1
49 0 65 1
50 0 87 2
98 0 94 1
6 0 96 0
98 1 29 1
23 2 15 2
11 0 47 1
69 0 62 1
21 0 65 1
60 0 78 1
46 2 63 2
45 1 87 1
52 0 63 2
23 2 65 2
23 2 34 1
70 0 99 1
88 0 20 1
76 2 41 1
70 0 64 1
75 2 93 2
21 0 65 2
6 0 18 1
77 0 25 2
26 0 16 2
39 0 65 2
46 0 8 2
87 0 22 2
53 0 98 2
66 1 64 2
48 2 53 1
24 2 12 1
32 1 10 2
45 0 12 1
53 0 77 2
28 1 87 2
5 2 92 1
50 0 3 1
34 0 63 2
54 2 11 2
4 1 97 1
13 0 7 1
54 1 74 1
77 0 61 2
99 0 54 1
10 0 94 1
98 0 59 2
75 2 93 2
99 2 44 1
50 2 85 1
51 1 48 1
55 1 11 1
63 0 68 1
94 2 51 1
74 0 79 1
52 0 85 2
99 0 4 1
33 2 8 1
59 0 15 2
59 0 43 2
90 0 48 1
66 1 43 1
74 0 10 1
26 0 46 2
39 0 53 0
72 1 34 2
86 2 40 1
46 0 48 0
49 1 59 1
95 0 49 2
65 2 25 1
9 0 57 2
90 0 38 1
38 2 21 1
54 0 2 1
98 0 2 1
49 1 36 1
77 0 2 1
94 2 17 2
91 0 11 1
40 0 76 1
37 0 50 2
36 0 55 1
96 0 38 2
66 1 41 2
65 0 54 1
69 0 54 1
68 0 23 2
29 0 95 2
39 0 45 1
13 0 83 2
23 1 39 2
18 0 70 0
47 2 1 2
10 0 44 1
6 0 92 2
1 0 15 2
56 0 68 2
62 1 80 2
26 0 93 1
26 0 88 1
85 0 91 1
76 0 56 2
31 0 82 1
34 0 56 1
27 0 97 1
42 0 66 1
99 0 53 0
64 0 8 2
2 0 52 1
33 2 54 1
95 0 45 1
25 0 54 1
36 0 81 2
82 0 37 1
97 0 51 1
23 0 91 1
56 2 64 1
81 0 68 1
42 0 16 1
17 0 15 1
37 0 38 1
43 1 87 1
61 2 35 1
38 2 30 1
59 0 83 2
33 2 96 1
40 0 74 1
78 0 44 1
12 0 88 1
29 0 44 1
87 0 18 2
64 0 13 0
61 0 23 2
14 0 46 0
4 0 69 0
51 0 42 0
78 0 39 1
95 0 72 2
7 2 19 2
39 0 58 1
28 0 26 2
39 1 28 2
59 0 22 1
92 2 70 1
39 0 36 0
95 0 96 1
62 2 37 1
79 2 42 1
88 0 9 1
92 0 38 1
43 0 22 2
75 1 24 2
31 1 80 1
100 0 25 1
59 0 42 0
55 1 64 1
92 2 53 1
27 0 85 2
30 1 80 1
81 0 2 1
41 1 90 2
11 0 50 1
58 0 23 1
50 0 45 1
32 1 97 1
42 0 14 1
65 0 64 1
17 0 87 2
91 0 57 1
21 2 58 2
23 0 7 2
58 0 67 0
39 0 88 1
61 0 62 2
3 0 75 1
10 1 91 1
4 2 30 1
86 2 60 2
56 2 73 2
39 2 64 2
48 0 46 2
67 0 75 2
78 0 37 1
15 0 23 1
43 1 34 2
100 0 51 1
93 2 49 1
45 1 60 2
29 0 43 2
69 0 56 2
7 0 26 1
35 0 32 2
39 2 96 2
38 2 43 2
80 0 14 1
2 1 86 1
49 1 78 1
40 0 74 2
30 0 28 1
37 0 61 1
73 2 47 1
64 0 94 2
1 0 31 2
22 0 42 0
29 0 3 2
44 0 32 2
15 1 43 1
33 1 87 1
13 0 86 1
23 2 99 1
10 2 69 2
42 0 55 2
18 1 22 1
38 1 19 2
88 0 6 2
38 0 51 1
81 0 19 1
94 2 42 1
57 2 51 1
39 0 14 1
23 0 57 1
51 1 91 1
84 0 99 2
56 0 51 0
87 0 31 2
89 0 53 1
7 2 34 1
54 2 60 1
13 0 59 2
91 0 81 1
41 0 46 2
99 1 55 1
63 0 5 1
20 1 95 2
57 0 8 2
71 0 38 1
49 0 100 0
99 0 84 1
56 0 99 1
44 0 27 0
8 0 19 2
54 1 29 2
83 0 8 1
34 0 20 1
99 2 46 1
57 0 4 2
16 0 18 2
9 0 92 1
70 0 6 1
2 1 63 2
80 0 86 2
62 0 33 1
63 1 27 1
3 0 14 1
79 0 37 2
22 2 75 1
53 0 8 1
69 0 55 2
72 2 37 1
60 0 7 2
67 0 64 2
13 0 30 2
75 0 11 0
42 0 49 1
98 2 41 1
49 0 55 1
39 2 29 2
24 0 83 2
46 2 89 2
18 0 51 1
18 0 81 1
5 1 34 2
18 1 98 2
9 0 39 2
39 0 92 2
32 0 74 0
16 2 13 1
63 0 93 2
2 2 90 1
61 0 70 1
51 0 52 2
69 2 26 1
55 2 26 2
78 0 14 2
53 0 39 2
85 2 41 2
98 1 100 2
72 1 54 2
76 0 61 1
99 1 49 1
32 0 85 2
78 1 42 1
27 0 2 2
1 0 92 2
40 0 74 2
8 1 64 2
27 0 41 1
63 0 52 2
60 0 99 2
44 1 77 2
35 0 34 1
52 1 6 2
67 0 61 2
50 0 48 2
97 0 11 2
4 0 50 2
57 0 32 1
9 0 65 2
59 0 71 2
69 0 30 1
57 0 75 1
96 0 55 2
77 0 10 2
75 0 99 1
1 0 84 2
9 0 10 1
95 0 68 2
55 0 100 0
7 1 80 2
65 0 90 2
21 0 31 1
32 0 81 2
77 0 95 2
30 0 60 0
28 0 83 2
20 0 95 0
73 0 50 1
28 0 8 1
88 1 70 1
48 1 58 2
61 0 37 1
85 0 11 1
87 0 88 1
47 2 70 1
46 0 15 2
10 0 95 0
6 0 29 1
58 1 34 1
27 1 40 2
70 0 56 1
22 0 83 1
86 0 24 0
36 0 43 2
55 2 92 1
85 2 8 1
50 0 86 1
22 1 36 1
91 0 56 1
59 0 48 0
21 2 29 2
47 0 48 1
94 2 1 1
81 0 51 0
50 2 83 1
100 0 65 2
73 0 33 2
74 0 63 2
77 0 84 1
77 0 35 2
71 0 89 1
26 0 27 2
91 0 79 2
79 2 39 1
28 0 37 1
5 1 31 1
71 0 12 2
29 0 65 2
98 2 70 1
58 0 81 1
19 0 37 2
23 2 1 2
17 0 31 1
86 0 77 0
32 1 91 1
52 0 80 1
68 1 17 2
41 0 10 1
60 0 49 1
98 0 14 1
97 0 36 1
21 0 87 1
61 1 60 2
94 2 75 2
38 1 56 1
60 0 57 2
90 0 73 1
62 2 76 1
84 0 48 2
10 0 92 1
98 0 57 0
6 0 54 2
64 0 45 1
90 0 19 2
65 0 26 0
87 0 77 1
54 2 93 2
58 0 69 2
17 0 2 2
59 0 33 1
6 2 67 1
99 1 14 1
32 1 45 1
19 0 39 2
74 0 52 2
25 0 70 0
76 0 34 1
19 0 74 0
67 0 99 1
87 0 30 1
87 0 93 1
71 2 54 2
23 1 77 2
19 0 5 1
73 0 79 1
32 2 88 1
38 2 40 1
10 0 1 1
6 0 44 1
10 0 31 2
21 0 57 1
28 0 87 0
5 2 59 1
88 2 29 1
50 0 98 1
17 0 18 1
24 0 81 2
27 0 19 2
72 0 53 0
75 0 2 1
21 0 31 2
68 0 55 1
37 1 80 2
24 2 48 2
71 2 88 1
3 1 96 1
14 0 38 2
70 0 22 1
78 0 83 1
79 0 85 2
86 0 61 2
17 0 93 1
28 0 62 2
34 0 71 1
71 2 21 2
71 1 19 2
98 0 56 2
65 1 13 1
85 2 31 1
78 0 66 1
87 0 69 1
3 0 4 2
17 0 31 1
29 0 84 1
79 2 80 1
24 0 88 2
5 2 92 1
42 0 17 2
73 0 55 1
1 0 99 1
28 2 97 1
45 2 97 2
37 0 100 1
60 0 4 2
90 0 19 1
65 0 55 1
26 0 38 1
60 1 34 1
88 1 93 2
11 2 53 1
94 0 48 2
23 0 38 2
48 0 65 1
25 0 84 1
65 0 32 2
54 2 85 2
88 1 18 1
54 0 47 2
50 0 55 1
31 0 38 2
31 0 70 1
17 0 96 2
3 2 89 1
16 2 15 1
2 0 18 0
16 2 81 2
10 2 53 2
55 0 39 1
29 2 58 1
87 0 69 1
44 0 4 2
87 0 39 2
34 0 54 1
13 0 84 2
1 0 56 1
66 0 47 1
34 0 66 1
20 1 75 1
11 0 68 2
66 1 31 1
51 0 25 1
60 0 29 1
67 0 82 2
6 0 50 2
6 0 28 2
85 2 50 2
16 0 88 2
78 0 43 2
61 0 27 2
65 1 64 1
60 0 71 1
68 2 95 1
66 0 31 1
51 0 93 2
8 2 21 1
78 2 13 1
36 2 89 2
41 0 77 0
14 2 60 1
28 0 40 2
15 0 13 0
38 1 56 1
44 0 56 2
13 0 64 1
46 0 55 2
9 0 57 2
51 0 79 1
8 2 17 1
31 0 70 0
40 0 63 1
24 0 52 2
86 0 55 1
74 2 17 1
54 0 88 1
37 0 16 1
36 0 95 0
19 0 50 1
10 0 4 2
1 0 43 1
40 0 19 2
98 1 67 1
95 0 16 2
70 0 49 2
19 0 8 1
46 0 71 1
59 0 89 2
58 0 22 1
26 0 84 1
41 2 43 1
57 2 81 1
100 0 72 2
46 0 94 2
11 0 5 1
54 0 82 0
27 0 90 2
89 0 47 1
97 2 42 1
54 0 38 2
65 1 83 1
8 0 14 2
15 0 49 0
25 0 96 2
98 1 73 2
71 0 60 0
36 1 87 1
23 1 21 1
30 0 45 2
24 0 94 2
45 0 99 1
35 0 12 1
95 0 38 2
21 0 53 1
83 0 15 0
74 0 20 1
100 0 50 1
65 1 42 2
8 0 95 2
22 0 64 1
86 0 32 1
90 0 72 1
51 0 59 2
1 0 13 2
68 2 76 1
15 0 85 2
84 0 30 0
44 1 1 2
3 0 35 2
68 1 31 2
52 2 51 2
53 0 63 1
26 1 67 1
27 0 78 2
77 0 76 2
94 2 82 2
100 0 65 1
33 0 89 2
28 0 71 1
83 0 52 1
60 0 4 2
25 0 22 1
95 0 78 2
99 0 77 1
8 0 78 1
81 0 5 1
86 1 11 1
63 0 68 1
80 0 63 2
62 2 33 1
2 0 35 2
81 0 22 2
64 0 16 1
36 0 35 1
43 0 36 1
4 2 57 1
21 0 38 2
57 0 72 2
100 1 13 1
73 0 75 2
44 1 22 1
59 0 15 2
47 0 62 2
92 0 46 1
66 0 1 1
88 1 15 1
61 2 53 2
20 0 17 2
35 0 88 1
54 1 11 2
33 1 4 1
81 0 54 2
41 0 61 2
98 1 100 1
76 0 5 2
69 0 55 1
1 0 16 2
42 0 93 1
46 0 31 1
75 0 62 2
90 0 35 1
77 0 55 1
94 1 49 2
74 0 87 0
92 2 1 2
76 0 6 2
90 0 49 1
36 0 27 1
98 2 60 1
76 0 34 2
75 2 30 2
6 2 16 2
9 0 65 1
62 2 92 2
80 0 22 2
15 2 98 2
78 0 39 1
43 0 61 2
67 0 9 2
30 1 87 1
91 2 82 1
27 0 8 2
48 0 29 1
14 0 81 2
80 0 16 2
36 0 23 1
63 2 26 2
28 0 96 2
41 0 25 2
17 0 66 2
24 0 74 2
46 0 20 1
61 1 37 2
87 0 46 1
25 2 12 2
62 2 39 2
5 0 16 1
85 0 45 1
44 0 31 0
21 2 13 2
27 0 37 1
53 0 73 1
64 0 76 1
82 0 21 1
62 0 91 1
65 0 41 1
29 0 66 1
10 0 65 1
66 0 24 0
79 2 78 2
81 0 39 2
6 2 87 1
92 0 63 1
74 0 18 2
64 0 81 2
8 2 2 1
47 1 13 1
3 1 10 2
57 0 91 2
28 0 49 1
28 0 9 0
25 1 42 2
83 0 80 1
23 0 25 2
31 1 15 1
53 0 19 2
95 2 81 1
48 0 65 1
42 0 4 1
18 0 84 2
73 0 33 2
77 0 76 1
81 2 95 1
58 0 77 1
26 0 6 1
3 2 47 2
55 0 82 1
79 0 95 0
59 0 65 2
51 0 33 1
96 0 73 2
63 1 70 1
58 0 86 1
37 0 69 2
39 1 17 1
93 2 43 1
77 0 86 2
83 0 52 2
56 0 32 2
25 1 37 2
99 1 60 1
63 0 71 2
67 0 27 2
55 0 83 2
84 0 25 1
12 0 89 1
42 0 76 1
51 0 55 2
92 0 91 1
26 0 82 1
87 0 84 1
97 0 73 1
5 0 31 1
19 0 34 2
42 0 88 1
82 0 93 1
76 0 68 1
1 0 60 2
41 0 35 2
6 0 20 1
96 0 46 1
4 0 65 1
85 0 31 1
74 0 95 1
14 0 60 0
64 0 94 1
98 0 3 2
31 1 10 1
33 2 82 2
68 0 59 0
85 1 36 2
72 0 35 1
60 0 84 1
40 0 54 1
74 0 52 1
73 0 51 2
42 0 60 2
85 0 71 2
64 0 43 2
55 0 2 2
41 0 42 0
18 0 40 1
99 0 53 1
38 0 52 1
9 2 53 1
93 0 44 1
5 2 24 2
76 0 3 2
31 0 54 2
31 0 91 0
26 0 73 2
20 2 71 2
81 1 1 2
27 0 70 0
54 2 57 2
16 2 43 2
23 0 84 0
43 2 64 1
59 0 46 2
37 0 72 1
60 0 35 2
39 0 86 2
2 2 73 2
85 2 19 1
55 1 86 1
55 0 53 1
64 0 83 1
42 0 74 2
39 0 25 1
8 0 5 1
94 0 59 2
99 1 64 2
3 0 31 2
4 2 83 1
64 0 19 2
14 0 90 1
66 0 35 1
7 1 62 1
86 1 46 2
26 0 72 1
41 1 77 1
51 0 44 1
15 0 55 2
36 0 40 1
99 1 27 1
96 2 49 1
22 0 38 2
82 0 79 2
29 0 22 1
32 0 76 0
62 0 48 0
91 0 88 2
73 0 55 1
69 2 63 1
45 2 12 2
79 0 72 1
67 0 55 1
96 1 21 1
76 0 45 2
63 0 45 2
52 0 71 1
40 0 50 1
100 0 57 1
1 0 54 1
8 0 28 2
54 1 1 1
70 0 63 2
63 1 70 1
48 0 95 1
55 2 84 1
65 0 27 2
30 0 10 1
66 0 26 1
91 0 72 2
69 0 66 1
89 0 65 2
10 2 29 2
100 0 48 1
70 2 13 1
88 0 32 2
2 0 13 2
47 0 15 2
29 0 100 2
16 0 75 2
7 2 32 1
6 0 4 1
46 0 94 1
56 1 42 2
76 0 52 2
63 0 10 2
34 2 1 2
36 0 25 1
35 0 70 0
94 0 49 1
100 0 41 1
84 0 19 1
29 0 78 2
91 1 64 1
11 0 99 1
39 0 62 2
90 0 94 2
22 0 75 1
45 0 90 2
8 0 67 2
82 0 41 1
75 0 74 0
92 0 98 2
71 0 98 0
91 0 10 1
76 0 86 1
19 2 100 2
75 0 71 1
55 0 99 1
89 0 78 2
25 2 95 1
58 0 12 2
98 0 57 1
100 0 20 2
11 0 23 2
78 0 29 0
38 1 96 1
62 1 15 1
36 0 74 0
91 0 94 1
79 1 24 1
76 0 95 0
42 0 86 1
28 2 26 1
35 0 96 0
33 0 21 0
36 0 79 2
37 0 12 2
68 0 2 2
95 0 35 2
45 0 70 1
32 0 57 1
61 0 72 2
78 0 72 2
89 0 35 2
76 0 23 1
66 1 50 2
27 0 45 1
19 0 7 2
89 0 31 2
4 0 68 1
30 0 65 2
8 0 30 0
92 0 99 2
51 0 45 1
3 0 34 1
82 2 97 2
61 0 51 0
18 0 2 1
15 2 93 1
22 0 7 1
75 1 42 1
96 0 30 1
64 0 40 1
78 0 93 1
12 0 59 2
57 1 80 1
32 1 17 2
14 2 53 1
65 2 49 2
61 0 83 1
48 0 61 1
74 0 71 1
43 0 93 2
72 0 98 1
82 0 4 1
2 0 82 1
63 0 28 1
21 0 92 2
15 2 39 2
77 0 15 1
92 2 9 1
14 0 94 1
87 0 2 2
33 0 21 0
53 0 58 0
27 2 67 1
91 2 51 1
22 0 13 0
28 0 50 1
3 0 40 2
61 0 39 0
37 0 19 1
22 1 64 2
40 0 41 2
26 0 57 1
21 0 78 2
42 0 50 2
88 0 71 1
100 0 11 1
48 0 5 2
8 1 17 2
83 0 27 0
9 2 58 1
30 1 59 2
98 2 60 1
24 0 38 1
48 0 60 2
13 2 34 1
28 0 84 2
44 2 94 1
28 2 58 1
52 0 33 2
45 1 60 1
61 2 46 1
61 2 90 2
67 0 37 2
72 1 74 2
14 1 26 1
45 0 11 1
29 0 84 2
27 0 35 2
12 0 57 1
97 0 61 1
78 2 26 1
78 0 92 1
80 0 99 1
88 2 57 2
16 1 27 1
84 1 93 2
81 2 13 1
36 0 48 1
51 0 65 2
62 1 12 2
75 0 86 1
11 1 24 2
60 0 45 1
23 0 54 0
28 0 40 2
17 2 12 1
75 0 62 2
29 0 11 2
80 0 31 2
38 2 60 2
26 0 34 1
29 0 82 2
83 0 56 0
26 0 78 2
82 2 40 1
63 2 41 1
94 0 79 0
35 1 21 1
10 1 92 2
79 2 13 1
60 2 80 1
27 0 79 1
72 1 86 1
77 0 47 2
63 2 96 1
33 0 86 1
79 0 14 1
82 0 34 2
73 0 22 1
96 0 22 2
25 1 13 2
12 0 70 1
77 0 24 2
89 1 87 2
12 0 23 2
95 0 32 1
72 1 6 1
16 2 79 1
43 0 56 2
71 1 6 1
52 0 62 2
41 0 36 0
27 0 2 2
55 1 31 1
44 1 10 2
93 0 89 2
86 1 93 2
76 0 13 0
91 0 74 2
39 2 9 2
73 0 62 2
18 0 38 2
90 0 86 2
36 0 26 1
53 0 46 2
2 2 16 1
74 0 96 1
84 0 88 2
100 0 80 2
12 0 17 2
18 1 9 2
69 0 48 1
95 1 87 2
85 0 88 2
54 1 28 1
2 0 73 1
44 0 94 2
67 0 24 2
36 0 98 1
87 0 7 1
60 0 79 2
67 0 82 2
95 0 77 2
75 1 11 1
15 0 25 1
48 0 84 1
15 0 82 0
38 0 4 2
60 0 64 1
86 0 15 2
96 0 50 1
52 2 29 1
19 0 41 0
50 1 27 1
85 2 37 1
14 0 79 2
30 2 60 1
65 1 50 1
55 2 70 2
69 0 21 2
49 0 93 1
66 2 31 1
88 2 13 2
13 0 99 2
8 1 22 2
54 1 46 1
6 0 89 2
48 2 92 2
78 0 60 1
11 2 10 1
90 0 81 1
89 0 49 1
67 0 81 1
17 0 85 2
90 0 73 1
25 0 42 2
11 1 49 1
10 0 75 1
87 0 48 1
64 0 15 2
3 0 30 1
65 0 4 2
92 0 4 1
48 0 84 2
6 1 77 2
16 0 85 2
41 1 21 2
17 0 71 2
33 0 54 2
9 0 90 0
81 0 25 1
82 0 6 2
19 1 76 2
34 0 53 1
35 0 38 1
6 0 89 1
71 2 16 2
55 2 26 2
75 0 61 2
34 0 87 2
75 2 95 1
55 0 25 1
49 0 79 2
89 0 3 1
59 0 22 1
44 0 43 0
30 0 6 1
33 0 59 0
33 0 77 1
97 0 59 1
95 0 66 2
45 0 94 1
68 0 17 0
60 0 8 2
68 0 19 1
20 1 60 2
30 0 83 2
70 0 55 1
38 0 57 1
68 1 98 1
39 0 98 1
83 1 86 1
21 0 91 1
83 2 23 1
87 0 93 2
22 0 20 2
19 2 8 1
38 0 61 0
19 2 16 1
15 0 83 1
48 0 83 1
97 0 30 2
42 0 23 1
41 0 7 1
95 1 34 2
39 0 27 1
90 0 52 2
82 0 84 2
43 0 18 2
38 0 31 2
44 2 4 2
52 1 95 2
1 0 25 1
79 0 13 0
26 0 31 1
16 0 66 1
39 0 45 2
99 0 95 2
1 0 22 1
58 0 92 1
43 0 88 2
23 2 96 1
62 1 67 1
44 0 90 2
16 0 75 2
74 0 4 2
6 2 9 2
59 0 75 2
44 1 18 1
82 0 41 1
72 2 43 1
26 0 79 2
63 0 68 2
88 1 14 1
15 0 50 1
70 0 22 2
56 0 61 1
28 1 40 1
25 0 45 1
31 2 1 1
25 0 63 0
86 0 14 0
17 0 55 2
74 0 97 0
63 0 71 2
21 0 85 1
29 0 86 1
57 2 17 1
45 0 22 0
66 0 10 2
25 1 77 2
18 0 86 1
19 0 20 1
38 1 13 1
44 2 42 2
74 2 40 1
70 0 6 1
19 1 80 1
22 0 5 1
98 1 9 1
41 0 51 2
86 2 33 1
55 1 64 2
7 1 30 2
14 1 89 2
75 0 47 1
65 0 68 2
93 2 49 1
10 0 18 2
86 1 28 1
50 0 15 0
37 0 25 1
34 0 69 2
65 0 72 1
10 0 11 1
54 0 96 2
82 0 85 1
49 1 91 2
2 0 97 1
28 2 41 1
53 0 84 2
5 0 94 0
52 2 39 2
15 2 11 2
6 0 4 1
6 2 34 2
75 0 36 1
24 0 4 1
81 0 7 1
44 0 69 0
78 0 38 1
86 1 48 1
83 2 45 1
24 0 40 0
72 0 75 1
96 0 5 2
13 0 94 2
87 0 43 1
89 2 64 1
65 2 45 1
57 0 95 2
18 0 71 2
12 0 68 2
13 0 93 2
67 2 78 1
100 0 80 2
23 1 41 1
46 0 88 1
28 0 23 2
36 1 78 2
76 0 9 0
26 0 5 1
63 0 49 1
76 0 41 0
74 0 41 1
94 2 86 2
63 0 4 2
26 0 31 2
97 0 14 2
72 0 36 0
8 0 23 1
66 0 57 1
90 0 34 2
16 0 92 2
60 0 71 2
76 0 7 1
4 0 97 1
35 0 89 0
50 0 61 1
19 0 60 1
33 1 9 2
85 0 68 2
92 0 38 2
8 2 56 1
13 2 67 1
3 0 54 1
89 0 30 1
42 0 61 1
13 0 62 1
57 0 74 0
58 0 10 2
49 0 6 1
10 0 12 2
59 1 92 1
51 0 84 1
6 0 11 0
1 0 37 1
30 0 97 2
84 0 63 0
55 0 15 1
8 0 61 1
57 0 44 2
51 0 75 1
16 0 62 1
68 0 94 2
73 2 9 2
64 0 17 1
47 2 28 1
4 0 19 1
56 0 55 2
39 0 79 1
64 0 69 2
5 1 70 2
41 0 58 2
81 0 79 1
53 2 36 1
83 1 92 2
77 0 84 2
49 0 70 0
1 0 51 2
32 1 30 2
60 0 45 2
7 0 89 0
70 0 22 2
69 1 80 2
65 0 7 1
58 0 33 1
62 2 81 2
61 0 39 2
90 0 72 1
18 0 44 2
17 1 87 1
15 1 92 2
96 0 19 2
78 0 22 2
96 0 48 0
61 2 74 1
74 2 9 2
37 0 45 2
98 1 57 1
65 1 74 2
16 0 32 1
90 0 59 2
30 1 42 2
5 1 60 1
99 0 38 2
90 0 55 1
66 0 19 1
12 0 43 2
89 0 68 1
68 0 52 1
82 0 80 0
38 2 7 1
62 2 53 2
60 0 3 1
10 2 28 2
38 0 3 1
27 0 57 2
77 0 20 1
95 0 94 1
13 0 75 1
29 0 86 1
75 0 55 1
71 1 8 1
39 2 57 1
64 0 82 1
10 0 84 2
15 2 29 1
37 2 41 1
73 0 2 1
21 2 40 1
55 0 82 0
22 0 4 2
20 0 56 0
38 1 55 2
39 0 58 2
92 0 93 1
28 0 55 2
41 1 73 1
18 0 28 2
91 0 86 1
41 1 67 1
35 2 95 2
58 0 83 1
45 1 69 1
88 0 27 1
65 0 56 1
15 0 89 1
50 2 92 2
98 0 99 1
43 0 85 2
