100 7919
90 0 34 2
40 0 93 2
23 1 44 1
4 0 33 1
27 0 86 2
65 0 6 0
80 0 26 2
38 0 32 1
20 0 88 1
2 0 58 2
45 0 9 1
28 0 41 2
59 0 12 0
2 0 32 2
83 0 10 1
76 0 59 2
2 0 67 2
92 0 69 2
82 2 42 1
3 0 29 2
57 1 50 2
43 0 29 2
11 1 36 1
49 0 35 2
12 1 33 1
60 1 71 1
67 0 6 2
83 0 68 1
45 0 17 2
81 0 99 1
47 0 85 1
52 0 69 2
47 2 90 1
58 0 55 2
33 0 44 2
26 0 87 2
42 1 87 2
34 2 92 1
68 0 98 2
39 0 47 1
54 0 66 1
47 0 23 1
24 0 9 2
15 1 4 1
57 1 24 2
58 0 84 2
86 0 16 2
29 0 2 1
1 0 41 2
65 0 87 0
33 0 76 1
60 2 1 1
58 0 43 1
61 2 22 1
47 1 4 2
93 1 39 1
45 0 28 2
56 0 9 2
5 0 90 2
62 0 74 2
3 0 98 1
91 0 32 2
78 0 90 1
53 0 65 0
49 0 7 1
21 0 19 2
100 0 85 1
1 0 60 1
65 0 72 0
100 2 85 2
41 1 37 1
68 0 86 1
85 0 61 2
89 0 8 0
19 1 45 1
1 0 47 2
6 0 44 1
41 0 56 0
7 0 23 2
92 0 38 2
49 0 32 1
64 1 91 1
68 0 8 2
39 0 78 1
31 0 45 0
77 0 78 2
42 2 72 2
67 0 85 0
1 0 77 2
25 0 24 1
69 0 87 2
56 0 73 1
71 0 99 2
45 0 63 1
99 2 64 2
28 0 60 2
92 0 61 1
16 1 12 2
52 0 19 2
8 0 84 2
75 0 100 1
53 2 92 2
96 0 77 1
11 0 47 1
98 2 52 1
14 0 65 2
46 0 63 2
73 0 95 2
8 0 17 2
22 0 33 2
39 0 29 2
46 0 47 2
4 0 22 1
30 0 16 2
41 1 40 2
46 0 85 2
6 2 69 1
10 0 94 1
33 0 38 2
56 0 25 2
38 0 13 2
42 0 2 1
34 0 44 1
54 0 41 2
95 0 20 2
76 0 58 2
37 0 11 2
60 2 25 1
31 0 24 2
95 1 79 2
74 0 32 1
5 0 17 1
55 0 15 1
31 0 82 1
29 1 20 2
67 0 76 2
36 0 13 1
50 1 97 2
12 0 55 0
12 1 27 2
68 0 52 2
56 0 98 2
61 2 47 2
31 0 59 1
19 0 20 2
52 0 80 1
65 2 34 1
41 1 97 1
42 2 9 2
69 0 24 0
80 1 95 2
27 0 53 2
72 0 76 1
66 1 97 1
12 2 27 1
1 0 31 2
1 0 93 1
92 0 83 0
64 0 82 2
14 0 15 1
10 1 27 2
94 2 59 1
67 0 75 2
98 2 83 2
6 0 71 0
98 0 93 2
95 1 97 1
44 0 57 2
18 0 39 2
33 0 57 2
65 0 53 1
29 2 3 1
31 0 81 1
12 0 2 1
34 2 97 2
87 0 73 2
56 0 72 1
50 1 33 2
84 1 18 1
75 0 97 0
10 0 60 2
11 0 44 2
55 0 64 1
24 0 100 2
55 0 51 2
90 2 74 2
31 1 24 2
21 0 99 2
15 2 62 2
26 0 41 1
47 1 12 1
56 0 94 2
53 1 49 1
88 0 32 1
25 0 53 2
46 0 89 2
35 0 19 1
71 2 11 1
51 0 82 1
94 0 11 2
71 0 99 2
93 2 34 2
92 0 25 1
99 0 54 1
87 0 55 2
82 0 75 1
78 1 52 2
2 0 77 1
83 2 4 1
78 0 40 0
35 1 28 1
67 1 46 1
13 2 4 2
59 0 86 2
43 0 70 0
76 2 57 1
61 0 27 0
99 0 41 1
41 2 85 2
97 0 68 1
61 2 71 1
34 0 14 2
13 1 7 2
94 2 24 2
91 0 100 1
76 1 26 2
77 0 58 0
8 0 18 0
44 0 42 2
4 0 38 2
81 0 72 0
2 0 37 1
73 1 37 2
28 0 74 2
40 0 62 2
20 1 91 2
84 0 24 1
25 0 8 1
57 2 41 1
67 2 63 1
73 2 90 1
34 0 13 2
65 0 71 1
85 0 52 2
29 1 70 2
95 2 54 1
1 0 73 1
98 0 30 2
42 0 81 2
43 0 15 1
82 0 16 0
100 1 13 1
98 0 57 1
23 1 32 1
79 0 42 1
29 1 93 2
27 2 22 2
12 0 4 2
32 2 54 1
72 0 61 2
41 1 68 2
4 1 2 1
78 1 91 2
42 1 27 2
3 0 36 0
78 1 95 1
6 0 11 2
72 2 74 2
74 0 17 1
32 1 68 2
58 2 92 2
97 0 22 1
11 0 84 1
52 2 33 1
23 0 52 0
17 1 36 2
53 0 38 0
34 0 89 1
29 2 63 1
23 2 100 1
11 0 14 2
54 0 29 2
44 0 80 1
31 0 97 0
72 0 77 1
21 1 10 1
89 2 44 1
64 0 73 2
52 0 90 1
61 0 41 1
21 2 44 1
12 0 44 1
77 0 19 1
74 0 50 1
15 0 11 0
99 0 59 1
68 0 100 1
12 0 86 2
35 1 63 2
39 0 88 2
40 0 9 1
18 0 68 2
37 2 68 2
97 0 73 1
44 1 97 1
35 0 62 2
5 0 13 1
50 0 51 2
14 1 37 1
90 1 31 1
91 0 9 2
14 0 11 0
58 0 29 1
98 0 9 2
93 0 76 1
82 0 63 0
42 2 72 2
49 0 48 1
40 0 19 1
27 0 38 1
89 0 34 2
9 0 31 2
9 2 69 1
22 0 57 1
24 0 36 2
12 0 86 1
54 1 74 1
97 0 25 1
78 0 21 2
28 1 96 2
30 0 89 1
45 0 93 1
94 1 30 2
26 0 2 1
47 0 24 2
70 0 87 2
17 1 85 2
42 1 9 1
81 2 59 2
79 0 57 2
89 0 59 2
47 0 84 2
59 0 96 2
71 0 76 1
23 2 8 1
54 2 91 1
12 1 46 2
21 2 58 1
65 0 71 1
43 0 63 2
53 1 20 1
85 0 72 1
13 0 1 1
10 0 44 1
27 0 50 1
36 0 87 2
41 0 47 0
83 0 90 1
40 1 11 1
29 0 50 1
92 0 48 2
9 2 77 1
15 0 84 2
54 0 71 2
36 0 95 2
69 0 92 1
88 0 87 1
3 0 4 2
70 0 31 1
61 0 94 1
75 0 76 1
48 0 90 2
59 0 45 0
78 0 21 1
15 0 41 1
35 2 33 2
64 0 32 2
28 0 19 2
38 0 68 2
16 1 15 1
49 0 100 2
5 0 8 2
14 0 19 0
88 0 62 1
10 0 88 1
82 0 99 1
65 0 38 2
78 0 100 2
61 0 67 0
99 0 38 0
96 0 14 1
33 0 51 0
14 0 77 1
21 0 8 1
65 1 18 1
24 0 72 2
82 0 28 1
13 0 18 0
18 0 53 2
48 0 37 2
71 0 57 1
3 1 31 1
71 0 65 1
68 0 26 2
82 0 58 1
5 0 70 2
31 0 24 0
49 2 97 2
41 1 88 1
44 1 84 1
34 0 66 2
89 0 47 0
2 0 1 0
65 0 59 1
8 0 52 0
38 0 78 1
29 0 58 1
8 0 10 2
18 0 32 1
10 0 76 1
34 0 12 2
14 1 60 2
96 0 7 1
32 2 50 1
25 1 63 2
58 0 97 1
68 0 49 2
25 0 61 1
54 0 58 2
81 0 72 1
66 0 19 1
56 0 19 1
5 0 14 2
78 0 53 1
22 0 14 2
63 0 42 1
77 2 26 1
85 0 90 2
30 0 29 1
87 0 67 1
76 2 21 1
12 0 31 0
77 1 64 1
47 0 65 2
45 0 10 2
51 0 41 2
63 0 1 0
70 2 83 1
54 0 71 2
14 2 32 2
14 2 73 2
76 0 19 2
35 0 44 0
34 0 5 2
15 1 87 2
34 0 59 2
74 0 59 2
34 0 33 2
99 1 98 2
30 0 25 1
8 0 50 2
74 0 14 1
56 0 89 1
64 1 24 2
82 0 48 1
69 1 83 1
61 2 69 1
73 1 20 1
27 0 18 1
48 0 78 2
42 0 82 2
89 2 20 2
49 1 10 1
56 0 51 2
83 0 20 2
5 0 93 2
23 0 85 0
53 0 50 2
16 0 32 1
31 1 33 1
58 0 97 2
97 0 39 1
37 0 15 2
27 0 87 1
74 0 68 1
42 1 65 1
79 0 25 1
99 0 4 2
78 0 82 1
8 1 27 1
48 0 20 1
72 0 19 1
35 0 4 2
40 0 44 2
74 0 4 1
57 0 82 2
67 0 59 1
73 0 55 0
10 0 65 2
44 2 45 1
66 1 75 1
84 0 24 0
56 0 85 1
21 0 73 2
96 0 76 2
17 2 54 2
84 0 97 0
5 0 35 1
20 0 47 1
96 0 57 1
24 0 45 1
81 2 59 2
77 0 82 1
61 1 46 2
11 1 55 1
20 1 48 1
44 1 84 1
68 0 85 1
82 2 44 1
87 1 27 1
30 0 19 2
71 0 56 1
10 2 45 2
28 0 66 2
69 0 32 1
94 0 61 1
29 1 31 1
17 0 4 2
61 0 13 1
23 2 35 1
47 1 75 2
100 2 89 2
51 0 93 2
83 0 3 2
69 1 92 1
55 0 49 2
16 2 55 2
33 0 17 2
4 0 3 2
18 0 97 2
1 1 22 1
24 0 14 2
61 0 60 2
53 0 84 2
85 0 49 1
26 2 10 2
28 0 23 2
85 0 72 2
27 0 89 2
49 1 40 1
41 1 51 1
100 1 4 2
25 1 77 1
92 0 12 2
100 0 32 2
2 0 65 2
29 1 65 2
16 2 81 2
13 2 99 1
39 0 23 1
58 0 19 1
91 0 44 1
26 0 46 1
100 2 88 1
65 0 12 1
74 0 83 1
86 0 88 0
17 2 25 1
56 0 60 1
41 0 80 1
33 2 45 2
41 0 16 1
60 2 38 2
6 2 31 1
95 2 67 1
55 0 88 1
21 0 84 0
51 0 39 2
34 0 53 2
82 0 69 2
23 2 91 1
73 0 71 1
57 2 22 1
58 1 4 2
51 0 86 2
83 0 12 1
48 0 42 1
100 0 94 1
38 0 65 1
8 0 46 0
24 0 39 1
4 0 10 1
83 0 49 2
15 1 51 2
69 0 6 1
1 0 99 1
65 1 85 2
57 2 69 1
25 1 11 2
45 0 50 1
17 2 18 1
8 0 77 1
69 0 53 2
65 2 5 1
39 0 92 2
89 0 21 2
58 0 93 1
17 0 60 0
19 2 16 1
13 0 50 2
85 0 20 1
48 0 41 1
96 0 73 1
100 1 87 1
31 0 32 2
66 0 13 1
31 0 1 2
51 0 61 2
84 1 96 1
73 2 46 1
26 0 12 0
33 0 10 2
75 1 1 2
49 2 85 1
76 1 31 1
61 0 21 2
93 0 29 1
16 2 35 2
83 0 76 1
97 0 52 1
42 1 97 1
87 1 7 2
23 1 60 2
72 0 75 2
21 0 97 2
64 0 60 1
16 1 9 2
7 0 12 2
84 1 91 1
81 2 12 2
51 0 81 1
100 0 22 1
47 1 83 2
51 0 16 1
57 2 4 2
89 0 44 1
97 0 39 2
22 0 89 2
17 0 83 0
61 2 86 1
56 0 1 1
7 0 74 2
52 0 64 2
15 1 77 2
61 0 38 2
58 1 56 2
52 2 54 2
11 0 13 2
93 0 73 1
66 0 70 2
58 0 41 2
51 0 93 2
33 0 82 1
22 0 41 2
28 0 61 1
91 0 41 1
23 1 3 1
4 0 82 1
69 0 41 2
2 0 21 2
13 0 49 1
33 2 87 1
29 0 14 2
5 0 95 1
44 2 34 1
36 0 61 2
84 0 82 1
92 2 45 1
32 1 68 2
74 0 45 2
44 1 96 1
12 2 34 1
22 0 26 1
9 0 100 1
12 0 34 2
26 0 81 1
64 0 91 0
97 0 7 2
95 0 44 1
87 0 23 2
51 0 96 2
70 0 18 1
33 2 69 1
52 0 37 1
32 0 91 2
20 0 11 2
94 2 65 1
55 0 38 2
90 2 77 1
60 2 20 1
34 0 87 1
90 2 26 2
60 0 7 2
77 0 49 2
74 0 26 2
67 0 33 2
98 0 28 2
47 0 58 2
61 1 24 1
61 2 62 2
44 2 88 1
76 0 64 2
26 0 19 1
55 0 50 2
65 2 12 1
67 0 41 2
32 2 89 1
96 1 69 1
11 0 81 1
43 0 35 1
15 0 56 2
23 0 69 0
46 0 90 1
25 0 66 1
25 1 79 2
82 0 74 0
53 2 52 2
42 2 2 1
83 0 28 1
5 0 45 1
29 1 72 2
49 0 72 2
82 1 99 2
65 2 72 1
8 0 96 2
10 2 31 1
77 0 57 1
11 2 33 1
34 0 93 2
93 2 83 2
75 1 4 1
50 0 15 1
39 1 56 1
26 0 93 2
30 0 40 1
81 1 88 1
34 0 14 2
91 0 86 1
13 0 88 1
34 0 90 1
84 0 16 2
26 0 78 1
97 0 91 1
31 0 94 2
36 1 45 2
66 2 84 1
96 0 76 2
17 0 62 2
88 2 43 1
69 0 53 1
89 0 51 2
33 0 39 2
93 1 96 2
23 2 53 2
60 0 73 2
78 0 64 0
100 1 46 1
16 1 75 1
14 1 3 1
77 1 46 1
100 0 89 0
37 0 50 1
58 2 12 1
16 0 43 0
38 1 54 1
69 0 10 1
3 0 90 2
69 0 31 2
80 0 21 1
34 0 23 1
4 0 59 2
52 0 30 2
99 0 65 2
59 0 93 1
82 0 76 2
61 0 97 0
81 2 59 2
84 0 97 1
1 0 50 1
68 0 90 2
91 0 56 2
59 2 10 1
90 1 12 2
8 0 9 2
39 1 2 1
22 0 47 1
31 0 78 1
36 0 6 2
47 0 49 2
81 0 16 1
10 1 91 1
31 1 45 2
76 0 37 2
77 0 98 0
65 2 98 2
22 0 20 1
74 2 27 1
42 0 54 0
92 0 95 1
84 0 61 1
32 1 95 1
62 2 32 1
53 0 99 2
5 0 72 1
68 0 37 1
3 0 17 2
36 0 6 1
94 0 85 0
1 0 11 1
8 0 49 1
12 0 17 2
94 0 25 1
50 0 42 1
82 0 8 2
12 2 95 1
22 0 66 2
43 0 17 2
84 1 58 2
97 0 11 1
6 0 93 1
55 0 50 2
2 0 85 2
70 0 65 2
10 0 47 2
22 0 75 2
94 0 61 2
80 0 59 1
92 2 97 2
3 0 49 1
60 0 90 1
2 0 94 2
9 0 32 2
81 0 80 2
15 2 80 1
91 0 70 2
95 0 35 1
76 0 25 2
65 0 84 1
63 2 68 2
28 0 53 2
79 0 21 2
58 0 50 2
93 0 90 1
54 0 45 1
22 0 44 2
90 2 46 1
32 0 57 2
82 2 46 1
1 0 47 2
97 0 73 1
4 0 53 2
3 0 67 0
73 1 74 2
59 0 42 2
60 2 81 1
53 0 18 0
85 0 66 2
92 0 64 2
84 2 49 1
35 0 32 1
47 0 2 2
87 0 72 1
10 0 16 1
70 0 83 2
50 0 92 1
54 0 65 1
18 0 28 1
32 1 64 2
73 0 91 1
54 0 99 2
67 0 19 2
53 2 74 1
33 0 76 2
33 0 18 0
71 0 38 2
11 2 33 1
18 0 3 2
86 1 96 2
99 0 26 2
65 0 23 2
8 2 13 1
91 0 71 1
99 0 93 2
41 0 34 2
19 2 53 2
79 0 33 1
19 1 94 2
69 0 63 1
19 0 7 1
78 1 83 2
100 2 69 2
9 0 73 1
75 0 92 2
40 0 59 1
72 1 79 2
4 1 24 2
93 1 60 1
97 0 53 1
12 0 93 1
67 0 20 2
57 0 90 1
6 2 68 1
91 0 69 1
26 2 55 2
36 0 45 2
29 2 95 2
91 0 48 1
34 2 1 1
48 0 26 1
79 0 94 2
85 0 4 1
97 0 61 2
20 1 1 1
66 2 63 2
77 1 74 1
39 0 35 2
62 0 6 2
65 1 37 2
40 0 4 2
31 0 98 0
87 0 44 1
93 1 59 2
40 0 94 2
95 0 90 2
72 2 60 1
55 0 45 2
22 0 93 2
61 0 77 1
75 1 71 1
77 1 65 1
29 0 91 2
21 2 85 2
20 0 37 1
90 0 25 2
42 2 29 1
21 0 81 0
83 0 28 2
55 0 65 2
2 0 49 2
87 1 46 1
81 0 29 2
76 0 3 0
98 1 1 2
66 0 80 2
61 0 86 2
97 0 27 1
89 1 3 1
69 0 44 2
47 1 67 1
42 2 74 1
61 2 96 2
5 0 77 1
53 0 84 1
97 0 74 2
23 0 85 1
86 0 68 1
37 0 7 0
9 2 47 1
65 0 100 1
46 0 23 1
58 0 20 2
87 0 44 1
7 1 2 2
52 0 49 2
30 0 26 1
94 0 7 1
24 0 58 1
59 0 46 0
96 0 3 1
64 0 99 1
87 0 40 2
7 0 39 2
16 2 7 2
91 0 12 1
86 0 3 1
48 0 12 1
69 0 90 1
63 0 89 1
97 0 12 2
10 0 89 1
11 0 64 1
89 2 57 1
92 0 52 1
50 0 42 1
75 1 91 2
28 0 93 2
86 0 53 2
31 0 90 2
51 1 27 1
81 0 73 2
81 2 48 2
29 1 53 1
87 0 51 0
39 0 31 2
3 2 72 1
28 2 99 2
89 0 57 1
94 0 36 2
4 0 66 2
61 0 88 0
85 0 40 2
23 0 48 2
99 1 70 1
99 0 90 2
38 0 93 1
96 0 34 0
96 0 15 1
57 0 89 1
77 2 1 2
22 0 55 2
41 1 17 2
61 1 13 1
88 1 34 1
78 0 35 2
3 0 52 1
47 2 81 2
32 0 18 2
55 0 7 1
97 2 83 1
73 0 61 1
90 2 38 2
75 1 67 1
66 0 12 1
58 0 49 2
97 0 51 1
93 0 82 1
79 0 38 2
75 1 3 1
42 0 91 1
26 1 97 1
12 0 53 2
45 0 8 1
87 1 79 1
7 0 26 2
48 0 73 1
63 0 95 1
95 1 56 1
30 0 89 1
9 1 70 1
67 0 56 2
55 0 34 2
85 0 81 2
4 0 8 1
20 0 53 1
32 2 91 2
98 0 69 2
59 0 14 1
78 2 22 1
50 0 7 1
49 2 65 2
5 0 33 1
95 0 17 1
17 0 4 0
76 2 58 1
49 1 50 1
17 0 14 2
60 0 73 1
23 0 1 0
34 0 47 2
84 0 26 0
9 1 49 2
23 0 85 0
42 2 89 1
31 0 48 1
26 0 15 1
30 0 15 1
13 2 30 2
76 1 4 1
45 0 89 1
75 0 8 0
2 0 59 2
3 0 11 1
61 1 47 1
40 0 38 1
78 0 52 0
57 0 28 1
56 0 49 2
35 2 12 2
38 0 62 1
49 2 77 1
13 2 27 1
45 0 51 2
19 0 55 2
13 0 92 1
79 0 92 1
61 0 3 2
4 0 25 2
15 1 46 2
21 2 87 1
43 0 74 1
64 0 52 1
79 0 59 2
61 0 40 1
93 0 53 1
85 0 89 1
87 0 93 2
4 0 42 2
50 0 21 1
34 0 28 1
21 0 17 2
90 0 58 1
37 0 19 1
85 0 58 2
74 0 70 0
87 2 54 1
81 2 68 1
29 2 78 2
19 1 43 1
40 0 90 1
15 1 9 1
80 1 94 2
38 2 54 1
72 0 49 2
54 0 25 1
17 1 51 1
87 0 94 1
63 0 59 1
12 0 99 2
68 0 80 1
12 0 42 1
99 0 21 2
70 0 78 1
78 2 18 2
1 0 95 1
94 1 49 1
24 0 46 2
95 1 2 1
74 0 34 1
56 1 27 1
69 2 74 2
64 0 70 1
93 2 52 1
92 0 35 1
40 0 75 2
89 2 17 2
36 0 16 2
50 2 8 2
57 2 85 2
61 0 26 2
99 0 8 2
4 0 47 2
77 0 82 2
99 0 61 2
95 0 97 0
75 0 94 2
48 0 50 1
76 2 60 2
16 0 7 0
45 0 16 1
99 0 77 2
72 0 32 2
95 0 56 0
80 0 96 0
46 1 2 1
45 0 8 2
85 0 19 2
72 0 9 1
31 0 59 1
86 0 64 0
91 0 55 0
54 0 87 2
79 0 44 2
57 2 61 1
6 2 92 2
90 2 59 2
34 0 76 1
84 1 43 1
96 1 58 1
62 2 74 2
62 0 44 0
37 0 11 1
77 0 91 0
74 2 45 2
82 1 83 2
18 2 4 2
27 2 36 1
72 0 17 2
52 0 25 2
43 0 8 2
64 0 7 0
21 0 65 2
29 1 31 2
71 0 44 2
70 0 58 2
84 0 14 1
8 0 68 0
67 1 98 2
16 1 93 1
42 1 43 1
3 0 8 0
41 2 62 1
72 0 4 0
41 2 70 2
16 2 57 2
50 2 59 1
37 0 32 1
41 0 96 2
42 0 68 0
74 2 24 2
37 0 23 1
92 0 57 1
56 0 96 1
15 1 22 2
40 0 12 1
72 0 85 0
44 0 23 1
24 0 94 2
38 0 100 1
15 2 10 1
7 0 10 2
100 0 59 0
86 1 50 2
51 0 29 2
24 0 16 2
10 1 99 1
64 2 7 2
38 0 94 1
84 0 9 0
74 0 33 2
71 0 39 1
34 0 28 1
85 0 79 0
33 2 36 2
71 0 23 2
51 0 58 2
46 0 55 2
92 0 60 1
91 0 54 0
50 1 33 1
92 1 97 1
71 0 6 1
38 0 53 1
13 0 77 1
7 0 47 1
49 0 24 2
86 2 89 1
67 1 51 1
64 2 36 2
24 0 44 2
5 0 57 1
93 0 88 0
86 1 97 2
7 0 54 1
65 0 43 1
69 0 76 2
49 0 15 2
67 0 76 2
16 1 27 1
38 0 30 1
76 0 69 1
80 0 19 0
43 0 90 1
55 0 70 2
21 1 11 1
37 0 22 0
3 2 97 1
30 2 43 2
1 0 92 1
33 0 47 2
43 0 27 1
21 2 96 1
17 0 71 2
35 2 99 2
5 0 84 2
1 0 31 2
13 0 82 2
13 1 45 2
72 1 58 1
58 1 46 2
14 0 94 1
63 0 89 1
65 2 58 2
26 0 89 1
6 2 63 1
42 1 24 1
70 0 5 2
13 0 42 1
77 0 47 1
27 1 74 1
66 2 69 1
37 0 29 2
96 0 77 1
97 0 26 1
59 0 8 2
51 1 1 2
87 0 27 1
69 0 40 1
43 0 39 1
65 0 14 2
65 0 32 1
15 2 56 1
99 0 20 1
93 2 9 1
29 2 9 1
92 0 40 2
78 2 33 2
3 0 73 2
20 2 69 2
52 0 28 2
48 0 6 1
5 0 55 1
38 0 37 1
78 0 32 2
94 0 44 1
59 2 4 2
98 0 33 2
27 1 68 2
47 2 99 1
70 0 95 1
41 1 51 1
87 0 91 2
57 2 72 2
17 2 31 2
65 2 70 1
34 0 69 2
34 0 94 2
76 2 46 2
89 2 2 2
37 1 1 1
96 2 11 2
35 0 31 2
26 1 38 1
86 2 89 1
73 0 26 2
58 2 67 1
81 0 60 1
49 2 2 2
69 0 76 2
34 0 9 1
79 0 58 1
66 1 59 1
51 0 37 2
40 0 8 2
89 2 57 1
22 0 75 2
50 0 90 1
74 2 2 1
70 0 78 2
16 0 32 1
33 0 59 2
22 0 90 2
20 1 85 1
60 0 65 1
45 0 91 1
90 1 36 2
1 0 76 2
75 2 38 2
29 2 4 1
25 1 49 2
20 0 32 2
69 0 50 1
55 0 4 1
1 0 57 2
51 0 45 0
1 0 23 2
15 0 3 1
30 1 85 1
60 2 34 2
20 0 57 2
83 0 21 2
6 0 82 1
99 0 63 2
57 0 37 2
47 2 63 1
80 0 59 1
17 1 83 1
81 0 75 1
29 0 59 0
56 0 31 2
62 0 1 2
18 0 97 1
64 0 38 1
67 0 53 2
3 0 42 1
27 1 68 1
61 0 85 2
64 2 13 1
91 2 83 2
79 0 46 2
33 0 80 2
76 1 24 1
9 0 13 1
8 0 56 1
93 0 47 2
95 0 59 1
57 0 87 1
14 2 75 2
21 2 62 1
71 0 67 1
19 0 82 2
18 0 76 1
99 0 89 2
64 0 95 1
30 0 16 2
23 0 14 1
40 0 8 1
98 0 36 2
12 0 78 2
47 2 71 1
57 0 88 2
97 0 81 2
95 0 69 1
50 0 74 1
33 0 8 2
60 0 64 1
32 1 6 1
53 0 98 2
42 1 67 2
27 0 29 2
41 2 81 1
71 0 60 1
3 0 8 0
63 0 66 2
69 2 54 2
35 0 17 2
80 0 63 1
12 2 74 2
49 0 53 2
41 2 83 1
63 0 34 0
47 0 28 2
65 0 33 1
25 0 32 2
53 1 79 1
34 0 47 2
40 0 100 2
51 0 37 1
33 0 46 2
37 0 45 2
89 2 83 1
30 0 42 1
86 0 27 2
92 0 68 0
97 1 22 1
26 0 32 1
64 0 12 2
1 0 62 1
24 2 22 1
17 0 89 1
2 0 99 1
41 0 76 0
60 2 11 2
8 2 7 1
18 0 74 2
47 0 69 0
86 2 83 1
27 0 64 2
81 0 19 2
25 0 92 0
64 0 42 2
31 0 6 1
50 2 91 2
15 0 2 1
8 0 84 2
38 1 24 1
74 0 48 1
72 0 77 1
3 0 8 2
19 2 11 2
2 0 38 2
83 0 16 2
29 0 76 2
93 0 20 0
87 0 61 2
18 0 15 1
71 0 100 2
50 2 45 2
77 0 73 2
28 0 100 1
61 0 55 1
16 0 19 0
4 0 19 2
37 0 73 1
85 0 31 2
81 0 89 1
63 0 100 2
100 2 11 1
55 0 5 1
70 2 34 1
4 2 91 1
53 0 29 1
49 0 84 2
45 0 24 1
18 0 86 2
26 0 19 2
23 0 30 0
14 0 72 0
92 0 18 2
71 0 8 1
14 0 94 0
31 2 37 1
3 2 26 1
39 0 66 1
85 0 60 1
52 0 65 2
5 0 52 1
9 0 88 2
69 0 21 2
58 0 46 1
43 0 29 1
66 0 88 2
23 2 68 1
68 0 65 2
99 0 31 1
27 0 94 2
80 0 12 2
37 0 25 1
94 0 75 0
77 2 98 1
91 0 16 2
23 1 35 2
96 0 84 2
34 0 90 2
15 1 31 1
67 0 16 1
78 0 56 2
83 0 92 2
60 0 93 2
20 2 43 1
24 0 27 2
78 0 53 2
50 0 16 1
42 1 56 2
44 1 87 1
74 0 23 2
8 0 23 1
30 0 65 2
13 0 94 1
58 0 69 2
66 0 73 2
15 2 72 2
88 0 20 2
24 0 61 2
9 0 68 2
60 0 20 2
79 2 7 1
82 0 89 1
5 1 71 2
34 0 4 1
58 0 81 1
59 2 24 1
1 0 31 1
59 0 73 2
27 1 1 2
29 1 26 2
20 0 22 0
21 0 35 1
4 2 54 1
43 0 66 2
84 0 79 2
39 1 34 2
100 1 95 1
20 0 15 2
63 0 4 0
17 0 100 1
5 2 11 2
65 0 23 2
45 0 35 2
38 0 42 2
70 0 85 1
53 1 3 1
92 0 26 1
10 2 7 1
89 1 63 2
55 0 19 2
75 0 55 0
28 0 21 1
62 0 60 1
21 0 97 2
9 0 100 2
37 0 96 1
69 0 23 2
11 0 35 2
96 0 94 1
34 0 62 2
65 2 64 1
10 0 73 2
78 0 35 1
7 0 63 1
89 1 40 1
97 0 29 2
50 0 31 0
21 0 49 1
4 0 66 2
27 0 75 2
91 2 83 1
83 0 73 1
58 2 98 1
96 0 19 2
1 0 15 2
78 0 1 1
17 0 4 2
89 0 31 2
31 0 68 2
97 0 7 2
66 1 98 2
70 0 3 2
61 0 65 1
39 0 76 2
71 0 10 1
12 0 81 1
56 0 50 1
72 2 50 1
25 0 39 2
34 0 57 2
16 0 65 0
88 1 98 2
42 2 54 1
35 0 68 0
6 2 26 1
41 0 70 2
23 0 11 1
16 0 41 0
28 2 24 1
85 0 62 1
14 1 34 2
70 0 48 2
19 0 72 2
40 2 7 2
36 2 79 1
100 2 56 1
14 0 93 1
77 2 49 1
76 0 19 2
37 2 55 2
35 2 67 1
12 0 59 1
19 0 34 0
37 0 38 0
36 0 66 1
3 0 44 1
73 2 75 1
13 0 37 1
84 0 52 0
8 0 33 1
33 0 29 2
13 0 18 2
79 0 39 1
37 0 65 1
61 2 39 1
71 0 25 1
99 0 73 1
87 2 43 1
6 0 71 0
32 0 62 0
54 0 25 1
20 0 83 0
34 0 66 1
46 0 51 2
50 1 91 2
6 2 22 1
80 1 42 1
88 0 89 2
6 0 48 2
98 0 18 1
31 0 87 1
35 2 99 2
91 0 53 1
62 1 45 2
77 0 61 2
32 0 2 1
29 2 94 2
57 0 53 2
84 1 93 1
14 0 24 0
51 0 15 2
89 1 77 1
34 0 43 2
50 0 37 0
21 2 66 2
77 0 86 2
59 0 6 2
67 2 97 2
71 0 10 1
43 0 13 2
84 2 92 1
18 0 40 1
27 0 87 1
59 0 82 1
21 0 57 2
75 0 59 2
61 2 44 1
49 0 45 2
91 0 27 1
34 0 61 1
90 2 71 1
87 2 40 1
18 1 36 1
52 0 32 2
66 0 64 2
7 0 98 2
60 0 23 2
56 0 23 1
26 2 88 1
93 1 28 1
96 1 54 2
75 2 98 2
85 0 47 1
4 0 66 1
74 0 94 1
29 1 79 1
67 0 54 1
43 0 20 1
39 0 88 1
65 0 73 1
100 2 91 2
59 0 66 2
91 0 87 2
87 0 25 1
29 2 78 2
36 0 46 2
81 1 45 2
53 1 30 2
60 2 94 1
46 0 74 0
14 1 47 2
71 0 38 2
86 0 88 1
89 0 6 2
41 2 16 1
17 0 11 1
51 0 19 2
19 0 69 0
2 0 86 1
11 0 12 1
34 0 40 2
31 0 28 1
9 0 10 0
76 1 70 1
83 0 4 2
33 0 60 2
80 0 60 2
10 0 90 1
57 1 40 1
89 2 81 2
3 0 20 1
57 0 85 2
97 0 37 2
36 0 78 1
44 1 71 2
61 1 12 1
31 0 50 1
39 0 44 1
29 2 1 1
87 0 3 1
76 2 92 1
27 0 11 2
83 2 36 1
96 2 27 2
13 0 58 2
40 0 63 1
7 0 95 1
75 0 79 2
13 0 100 1
12 0 66 2
30 2 37 1
100 0 66 0
98 0 81 1
84 0 60 0
95 0 11 0
5 2 92 1
58 2 79 1
73 2 77 1
70 0 57 1
94 2 22 2
23 2 33 2
9 0 15 2
92 0 42 1
78 0 73 2
66 0 23 1
60 2 92 2
8 0 19 2
47 0 98 2
77 2 91 1
78 1 5 1
62 1 54 2
63 2 88 1
85 0 17 2
35 0 100 2
3 0 19 2
9 0 49 2
93 0 53 1
13 0 35 1
6 2 85 2
99 2 33 2
54 0 40 2
53 2 49 1
93 1 51 2
88 0 35 2
67 0 35 2
24 0 8 1
43 0 40 2
32 1 1 1
63 0 30 0
62 2 34 1
65 1 39 1
27 0 38 2
92 1 91 1
43 0 69 1
5 2 92 2
22 0 38 2
89 0 3 2
60 0 17 2
63 2 56 2
55 0 84 2
64 0 76 2
25 1 58 1
97 0 75 2
30 0 29 1
93 2 54 2
41 1 58 1
13 0 81 2
2 0 26 1
9 2 77 1
77 0 4 1
88 0 57 2
78 0 96 2
81 0 62 1
69 0 31 2
26 2 58 2
17 0 5 0
78 1 31 1
91 0 40 1
33 0 82 2
52 0 27 2
24 0 49 1
5 0 33 0
73 2 98 2
51 2 11 2
11 2 34 1
46 0 42 2
87 0 77 1
96 0 40 2
3 0 15 2
18 0 24 1
6 0 82 2
92 0 81 1
7 0 37 1
64 0 54 1
17 0 47 2
30 2 43 1
63 0 9 2
46 0 30 2
17 2 86 1
11 2 1 1
21 1 9 1
7 0 88 1
36 0 49 2
12 0 35 1
11 0 91 0
91 0 32 1
30 0 9 1
51 0 96 2
62 2 43 2
57 0 82 1
74 0 11 1
48 2 22 2
22 0 37 1
81 2 64 2
75 0 49 2
78 1 10 1
91 0 42 2
47 0 62 1
63 0 50 0
65 0 89 2
54 0 69 1
30 0 17 2
25 2 38 1
12 0 50 2
46 0 58 1
79 0 36 1
33 1 70 1
72 2 78 1
98 0 99 1
80 0 56 1
39 2 64 1
100 0 27 2
70 0 94 1
69 0 88 1
38 0 19 2
75 0 39 2
71 0 99 2
60 0 19 2
63 0 81 2
55 0 5 2
49 1 3 1
66 0 36 2
98 0 25 2
76 2 44 1
29 0 33 1
36 0 81 1
84 0 63 2
13 0 12 2
51 1 27 2
77 0 98 0
50 0 32 1
60 2 3 2
28 1 22 1
61 0 60 2
43 0 77 1
66 2 74 1
8 0 85 0
49 0 2 0
22 0 94 1
84 0 69 2
4 0 41 1
87 0 32 2
29 2 97 1
61 2 3 1
30 2 2 2
40 1 4 2
33 0 73 2
18 0 4 1
80 2 78 2
35 1 55 2
57 0 88 2
31 0 72 2
43 0 30 2
93 0 72 2
77 0 97 1
16 0 81 0
60 0 41 1
82 1 85 2
56 0 16 2
87 0 86 2
97 0 17 1
31 1 97 2
3 0 78 1
28 0 82 2
68 0 65 2
88 0 44 1
14 2 30 2
98 0 15 1
76 1 67 1
25 0 88 2
63 2 56 1
51 0 92 2
88 1 8 1
82 1 60 1
38 0 96 2
92 0 34 0
29 2 11 1
31 0 73 1
72 0 94 1
68 0 26 2
59 2 94 1
28 0 55 1
74 0 78 2
46 0 82 1
9 2 69 1
10 0 22 1
40 0 50 1
27 0 73 2
15 1 59 2
100 0 51 2
65 1 8 2
75 0 34 2
32 2 72 2
20 0 14 2
11 0 39 2
18 0 88 1
43 0 13 1
2 0 78 2
5 2 52 2
34 0 94 1
19 2 45 2
51 0 50 2
42 2 16 1
72 0 92 0
59 0 47 1
56 0 37 1
2 0 99 2
35 0 30 2
84 1 34 1
41 2 10 2
5 0 48 2
11 0 20 1
72 0 53 2
86 1 52 1
41 1 55 1
23 0 24 1
21 0 62 1
38 0 8 1
44 0 37 0
37 0 77 2
72 0 94 1
67 0 85 0
11 2 36 1
18 2 36 2
64 0 71 2
41 1 98 1
67 0 42 2
6 0 35 1
12 2 46 1
14 2 86 1
76 1 90 2
89 0 36 1
34 0 29 2
99 2 52 1
69 0 33 1
56 0 66 2
50 2 59 1
44 0 38 0
1 0 84 1
82 2 90 2
39 0 94 1
93 0 5 1
32 0 37 0
35 2 37 2
52 0 64 1
17 1 92 2
97 0 87 1
96 0 76 1
18 2 74 1
60 2 75 1
47 0 71 0
8 0 29 2
60 0 83 2
85 2 55 2
11 0 10 1
45 0 18 2
81 0 23 2
25 0 86 2
77 1 88 1
21 1 75 1
61 0 66 1
51 0 29 2
24 1 55 1
17 0 80 2
92 0 17 2
84 0 67 0
34 0 99 1
1 0 39 2
80 0 11 1
2 0 61 1
14 0 28 1
1 0 46 1
23 2 15 2
59 0 56 2
61 0 66 1
8 0 56 0
85 0 69 2
34 0 36 1
31 0 18 1
21 2 73 1
75 0 69 1
83 0 69 1
89 2 17 2
77 0 84 1
42 2 39 2
29 1 10 2
41 0 28 1
79 0 50 2
35 0 94 2
77 0 25 1
71 0 73 2
80 1 28 1
11 0 75 1
96 0 19 1
93 2 9 1
68 0 27 1
7 0 11 2
20 1 26 1
55 0 41 1
54 0 16 2
11 0 40 1
74 0 46 1
19 2 28 2
44 0 1 1
9 0 99 0
87 2 38 2
89 0 1 1
31 0 68 1
2 0 18 2
59 0 77 1
87 0 73 2
28 1 99 1
59 2 88 2
9 0 21 2
56 2 18 1
25 2 86 1
21 2 31 2
36 0 38 1
97 0 87 2
67 2 6 1
78 2 86 1
91 0 65 1
87 0 79 2
64 0 62 1
36 0 12 1
46 0 29 2
29 0 39 0
29 2 90 2
60 0 82 2
53 2 8 2
36 0 60 2
18 0 96 1
44 0 3 0
73 1 72 2
85 0 4 2
2 0 98 1
33 1 79 1
37 0 26 2
1 0 87 1
6 0 59 2
75 2 43 2
56 0 46 1
71 0 84 2
26 1 67 1
76 0 90 2
36 0 83 2
1 0 62 1
68 0 15 1
24 0 77 1
36 2 34 1
77 0 67 2
70 1 2 1
64 1 22 2
44 0 35 1
53 0 36 0
61 0 12 2
71 0 62 2
93 0 17 1
54 0 50 1
70 0 4 1
50 0 16 2
37 2 30 1
33 1 7 1
88 0 19 1
80 0 93 2
79 0 23 2
19 0 54 2
81 2 24 1
43 0 10 1
74 0 80 2
25 0 46 1
34 1 68 2
28 1 31 2
65 0 57 1
19 0 68 2
24 0 72 1
31 0 60 2
63 0 42 1
74 0 73 1
2 0 49 2
90 2 92 1
37 0 31 0
80 0 77 1
27 0 58 2
60 0 97 1
70 0 37 2
29 0 50 1
60 0 38 0
63 0 81 2
4 0 85 2
44 2 1 2
5 0 9 2
80 1 37 2
21 2 35 1
77 2 13 1
12 0 31 1
99 2 67 1
29 0 31 2
34 0 39 2
61 2 71 2
11 0 47 1
52 0 9 2
23 2 17 2
87 0 32 2
71 0 5 2
55 0 69 1
87 0 98 2
81 0 18 2
38 0 96 1
60 0 5 0
93 1 69 2
68 0 34 1
81 0 15 1
61 0 2 1
25 1 10 2
65 0 5 0
54 0 5 2
19 0 35 0
34 0 51 1
49 0 81 1
76 0 16 2
53 2 79 2
75 0 52 0
20 0 79 1
11 0 34 2
57 1 68 1
57 1 81 2
18 0 64 1
29 2 68 1
82 2 21 1
17 2 18 2
44 0 39 0
23 0 17 2
9 0 14 2
75 0 11 1
78 2 63 2
65 1 34 2
86 0 82 2
41 0 66 2
51 0 49 1
88 2 60 1
93 1 72 2
21 2 88 2
10 2 67 1
49 0 59 2
42 1 77 2
2 0 14 2
10 2 37 1
5 1 4 1
43 0 100 2
24 0 87 2
37 0 26 1
60 1 54 1
5 0 26 1
35 0 10 1
9 0 34 1
28 1 69 1
97 0 71 1
93 0 18 2
77 1 4 2
34 0 25 2
13 0 48 2
37 0 54 1
2 0 32 2
41 1 86 1
34 0 12 2
30 0 76 2
15 2 18 2
57 1 85 1
55 0 98 1
94 0 21 2
36 0 51 1
63 1 13 1
23 0 15 2
93 0 11 0
72 0 23 2
8 0 53 2
1 0 52 2
51 0 10 1
65 0 77 2
28 0 9 1
60 1 92 1
5 0 42 2
79 0 51 1
48 2 56 2
47 0 33 0
2 0 59 2
82 0 78 2
90 1 74 1
93 0 81 1
73 2 100 1
47 2 88 1
73 1 25 2
13 0 72 1
63 2 31 2
19 0 4 2
63 0 14 2
43 0 30 1
67 1 79 1
13 0 75 2
32 2 71 1
30 0 22 1
100 0 87 2
80 2 82 2
78 0 27 0
36 0 49 1
79 2 1 2
25 2 92 1
60 2 10 2
7 0 41 2
44 0 92 1
84 0 75 2
26 0 72 1
29 0 46 2
15 1 89 2
4 0 34 1
78 2 58 2
93 0 67 2
22 0 81 1
14 0 35 1
2 0 37 1
19 0 32 2
19 2 20 2
100 1 93 1
47 1 71 1
48 0 7 2
34 2 91 1
55 0 23 2
10 0 5 0
44 1 18 2
86 2 65 2
1 0 5 2
91 0 55 2
5 2 79 2
3 0 96 0
91 0 28 1
49 2 8 1
2 0 8 2
84 0 94 2
92 0 10 2
72 1 24 2
93 0 32 2
61 0 78 1
99 0 64 2
52 0 84 1
85 0 87 2
65 0 83 1
93 0 33 0
3 0 35 2
3 2 69 1
61 1 73 1
63 0 61 2
58 0 41 1
71 0 48 1
70 0 16 2
20 0 37 1
73 0 27 1
51 0 20 1
29 1 96 2
31 1 91 2
60 0 66 1
20 2 24 1
51 0 9 1
58 0 42 2
5 1 83 2
52 0 51 2
85 2 36 2
78 0 16 1
37 0 25 2
83 0 75 2
21 0 94 2
27 0 92 1
6 0 59 2
56 2 18 1
50 1 52 1
8 0 93 1
47 0 73 1
60 0 23 2
61 0 74 1
36 0 28 1
41 0 3 0
95 0 11 0
87 0 88 2
92 0 48 1
50 0 78 1
16 0 7 1
87 0 29 1
33 0 90 1
77 0 54 2
10 0 42 2
82 0 86 1
39 2 7 2
57 1 6 1
17 0 42 1
38 0 90 2
90 0 5 0
42 0 11 2
54 0 24 0
79 0 9 2
56 0 48 1
15 2 80 1
29 0 47 1
55 0 61 1
62 2 75 1
17 0 8 0
8 0 31 2
57 0 93 1
23 1 28 1
61 0 60 0
57 0 92 0
8 0 24 2
89 1 87 2
56 0 93 2
35 0 61 1
33 0 61 1
48 0 3 1
74 2 71 1
54 0 77 2
58 0 52 1
99 0 28 2
90 0 56 1
100 0 82 1
52 0 54 1
17 0 44 1
64 0 86 2
53 0 74 2
90 0 74 0
28 0 76 2
7 0 100 1
100 2 47 2
98 0 9 1
69 0 15 2
43 0 75 1
85 0 8 2
95 0 87 2
57 2 30 1
22 0 44 2
86 1 96 2
54 2 45 2
3 2 45 1
61 1 89 1
21 0 74 1
28 0 44 2
55 0 73 2
97 0 96 2
59 0 14 2
74 0 65 1
44 2 96 1
99 2 36 1
9 0 62 2
17 0 100 2
63 1 5 2
30 0 21 2
4 0 66 2
46 0 14 2
65 0 16 2
40 0 59 1
82 2 63 2
7 0 84 2
22 0 38 1
87 0 2 2
93 0 39 2
19 1 10 2
3 0 93 1
58 2 87 1
51 0 81 2
48 2 18 2
3 0 77 1
56 0 20 1
84 0 10 0
61 1 83 2
87 0 54 2
4 0 47 1
16 2 8 2
48 0 17 1
43 0 18 1
31 0 10 2
2 0 28 1
51 0 18 1
18 0 63 1
3 2 30 1
43 0 80 2
30 0 64 1
25 0 47 2
1 0 71 2
92 0 72 2
41 2 64 1
62 2 63 1
6 0 66 2
28 0 44 1
20 0 18 1
82 2 83 1
69 0 41 1
30 0 13 1
69 0 20 2
1 0 60 1
71 0 94 2
58 0 43 1
46 0 51 1
49 0 32 2
40 0 32 1
14 1 6 2
22 0 72 1
9 0 13 2
89 0 16 2
57 0 23 2
72 0 94 2
13 0 42 2
39 1 96 1
100 2 57 1
24 0 8 2
57 2 23 1
69 0 63 1
61 0 7 0
1 0 35 1
93 0 29 1
96 1 22 2
12 0 79 0
22 0 76 1
96 0 90 1
1 0 70 2
78 1 87 1
87 0 71 2
6 0 73 2
35 2 16 1
64 2 5 1
61 0 42 0
17 1 6 1
63 0 86 1
65 0 47 2
72 1 51 1
46 0 85 2
94 0 24 0
83 0 45 2
70 0 42 2
45 0 37 1
50 0 23 1
49 0 7 2
63 1 99 2
6 1 85 2
11 0 94 2
38 1 85 1
77 0 6 2
25 2 22 2
94 0 44 1
25 0 6 0
49 0 22 0
5 2 36 2
82 1 17 2
75 0 84 1
14 0 79 1
85 0 61 2
40 0 75 2
49 0 52 2
32 0 88 1
5 0 44 2
93 0 10 2
9 0 76 1
10 0 50 2
2 0 76 2
98 0 6 1
80 2 41 2
81 1 6 1
70 0 47 1
43 0 42 1
40 0 23 2
6 0 49 1
6 0 29 1
22 0 11 1
84 0 72 1
53 2 84 1
26 0 44 1
68 0 86 1
40 0 14 2
8 0 13 1
85 0 21 2
62 2 73 1
86 1 95 2
38 0 99 2
80 1 71 1
78 0 77 0
11 1 97 2
31 0 81 2
9 1 95 1
35 2 64 1
22 0 38 1
13 0 7 0
8 0 72 2
100 1 26 2
1 2 24 2
18 0 26 1
12 0 47 2
32 1 96 1
80 0 74 2
45 0 87 2
98 2 69 1
8 0 62 2
38 0 90 2
52 0 14 1
7 0 10 1
5 1 71 1
60 1 77 1
73 1 87 2
94 1 40 1
58 0 30 2
12 0 15 1
99 2 31 1
61 1 8 1
38 0 83 0
70 0 49 2
69 0 93 2
16 0 5 1
30 0 47 1
7 2 11 1
90 1 1 2
11 0 86 2
6 1 22 2
92 0 91 2
45 0 79 1
90 0 80 2
71 0 100 1
76 1 55 2
57 2 64 2
100 0 35 1
10 0 73 2
2 0 33 1
13 2 38 1
55 0 66 1
100 2 62 2
39 2 68 2
49 0 21 1
62 0 29 2
7 1 4 1
61 1 1 1
34 0 95 2
19 0 84 2
35 1 26 2
80 0 73 1
17 0 45 1
94 0 73 2
9 0 72 1
8 0 73 1
76 2 47 1
75 0 45 2
67 2 63 1
28 0 81 1
23 0 4 2
80 1 17 1
46 0 38 1
51 0 80 1
81 2 13 1
75 0 88 2
58 0 61 1
48 0 86 2
4 0 41 1
42 0 55 1
85 0 26 2
45 0 52 1
82 0 67 1
26 2 95 2
97 0 63 2
1 0 18 2
85 1 46 1
69 1 68 1
100 2 36 2
24 0 61 1
78 2 28 1
30 0 83 2
52 0 65 1
88 1 46 2
79 0 32 1
81 0 72 2
44 0 94 1
95 2 34 1
86 0 81 1
56 0 58 2
94 2 70 2
85 0 20 1
60 0 29 2
56 0 48 1
14 0 70 2
92 0 11 1
98 0 19 1
39 0 47 1
52 0 73 2
37 0 23 2
32 0 37 0
36 0 28 2
90 1 79 1
52 0 31 1
8 2 69 1
43 0 57 2
72 0 90 2
70 0 94 1
3 0 71 2
41 1 90 1
75 2 26 2
50 2 91 1
86 0 19 1
74 0 3 2
43 0 80 2
33 0 21 1
71 2 24 1
63 0 93 2
76 0 93 2
71 0 17 1
40 0 42 2
100 0 6 0
76 0 94 1
87 0 16 2
21 2 83 1
34 0 72 1
18 0 44 2
88 1 70 1
33 0 90 1
3 2 87 2
43 0 15 2
35 2 1 2
11 0 60 1
72 0 89 2
27 0 8 2
12 0 81 1
81 0 97 0
6 0 57 2
16 2 10 2
90 2 83 2
79 0 100 2
89 0 51 2
77 0 16 2
95 0 32 2
59 1 55 1
61 0 97 2
77 0 42 1
62 0 38 0
22 0 91 2
85 0 87 1
7 0 47 1
38 0 97 0
59 1 71 2
8 2 5 1
86 0 2 2
69 0 12 1
10 1 91 1
45 0 76 1
32 1 34 1
8 0 22 1
11 0 88 1
89 1 91 2
69 0 97 2
20 0 34 0
47 0 82 2
49 0 57 1
66 1 50 2
9 2 18 1
9 0 20 0
22 0 60 2
42 1 28 1
45 0 17 2
46 0 87 1
61 0 68 2
33 0 78 2
82 0 100 2
40 0 63 2
88 0 47 1
87 0 14 1
71 0 62 2
63 0 47 1
44 2 46 1
64 0 66 2
84 0 18 0
63 1 70 2
92 2 45 1
21 0 82 1
21 0 50 2
77 1 98 2
40 0 21 1
10 0 62 1
67 0 15 2
31 1 43 1
83 0 94 1
77 2 99 1
91 0 25 2
77 0 54 1
26 0 71 2
66 0 55 1
76 2 36 2
69 0 57 1
8 2 85 2
65 1 51 1
56 0 12 1
4 0 26 1
2 0 29 1
33 1 4 1
7 0 4 1
46 0 23 2
87 0 56 2
99 1 85 2
10 0 35 2
88 0 44 1
41 2 96 1
76 0 9 2
38 0 5 0
44 0 74 2
50 0 14 1
62 1 91 1
11 0 22 0
21 0 92 1
4 2 27 1
40 0 8 1
69 0 62 2
81 0 65 2
30 2 33 1
43 0 11 2
80 0 29 0
38 0 96 1
43 0 21 1
96 2 51 2
46 0 56 2
82 2 17 1
4 0 39 2
96 0 53 2
29 2 92 2
11 0 38 2
55 0 62 1
2 0 46 2
70 0 33 2
17 0 89 1
52 0 26 2
54 0 49 2
46 0 40 1
8 2 34 2
93 2 85 1
59 2 4 1
85 2 52 1
60 0 74 0
92 0 22 1
44 1 56 2
53 0 68 0
37 0 81 1
38 0 90 2
88 1 67 1
21 0 88 2
8 2 10 2
85 0 58 2
9 1 51 2
57 2 49 2
31 0 81 2
35 1 64 2
9 1 74 1
85 0 38 1
69 0 59 1
87 0 36 2
34 0 41 2
14 1 25 1
3 0 90 1
58 0 72 1
14 1 52 2
48 2 51 1
30 0 8 1
41 0 56 1
78 0 79 0
56 0 29 1
68 0 53 2
56 0 6 1
43 0 86 2
32 0 1 1
58 0 76 2
83 0 46 1
38 0 27 2
69 0 86 2
27 0 26 1
9 0 67 2
6 0 9 2
23 0 88 2
91 0 96 2
40 0 49 1
29 1 92 1
5 0 100 1
15 2 41 1
60 0 5 0
97 0 8 2
81 1 68 2
56 0 26 2
35 0 57 2
52 0 72 1
25 0 80 1
7 0 13 2
52 0 90 2
26 1 87 2
82 2 67 2
14 1 73 1
5 0 93 1
42 0 30 0
82 0 67 0
63 0 39 1
37 0 66 2
57 2 98 2
74 0 30 1
76 1 3 2
100 0 11 2
4 0 16 2
94 0 62 1
63 0 54 0
99 0 61 1
15 0 40 1
40 0 73 2
6 0 69 0
32 1 45 1
32 1 1 2
43 0 67 2
75 0 81 2
29 2 61 2
48 0 11 0
94 0 73 1
100 1 99 2
53 0 60 1
82 1 3 2
33 0 98 2
4 0 56 1
25 1 7 1
10 2 34 2
86 0 69 1
31 0 23 1
59 2 56 2
95 0 17 1
62 2 47 1
57 2 62 1
99 0 32 1
62 0 56 2
65 1 31 1
100 0 48 2
88 0 44 2
88 0 95 2
55 0 90 2
1 0 37 1
27 0 40 2
98 0 37 2
38 0 53 1
84 2 35 1
33 0 73 1
61 0 1 2
53 1 97 2
51 0 39 2
15 2 26 2
38 0 83 1
27 0 18 2
57 1 24 2
46 2 22 2
21 1 31 2
32 0 90 2
67 0 35 1
84 1 34 2
98 0 81 1
70 0 83 2
73 0 1 1
66 0 7 0
91 0 4 1
35 2 34 1
50 0 25 1
94 2 31 1
9 0 29 1
36 0 81 1
6 0 67 2
88 0 80 2
48 0 59 2
44 1 63 2
40 2 13 1
51 1 4 1
45 0 63 1
83 0 39 1
79 0 35 1
10 0 95 2
84 0 8 2
40 2 4 1
90 1 97 2
53 0 75 2
33 0 6 1
4 0 52 2
22 0 19 1
87 0 14 1
84 2 34 1
11 0 20 2
41 0 7 2
18 0 10 1
21 1 12 1
41 0 19 2
76 0 60 2
40 0 26 1
54 0 12 1
16 1 9 1
55 0 91 2
10 0 27 1
50 1 27 2
54 0 5 1
95 1 1 2
58 2 83 1
32 1 34 1
18 0 96 2
66 2 31 2
45 0 7 1
11 0 89 1
44 1 39 2
38 0 14 2
45 0 28 2
98 0 88 2
15 2 35 2
97 0 59 1
24 0 33 2
21 0 84 0
65 0 66 1
99 2 67 1
53 2 12 2
35 0 76 0
98 0 59 2
34 2 4 1
2 0 49 1
50 2 88 1
82 2 5 2
61 1 22 2
51 0 28 1
59 0 9 1
32 2 48 1
23 0 85 2
99 0 14 1
57 0 61 1
10 0 57 2
20 1 55 1
91 0 61 1
11 0 67 1
25 2 79 1
22 0 28 1
13 0 92 1
43 0 88 2
9 0 85 2
59 0 8 0
16 1 83 1
50 2 85 1
27 0 98 2
17 0 19 2
37 0 77 2
94 0 53 2
21 2 84 1
30 0 95 1
52 0 51 1
25 2 94 1
50 1 69 2
53 0 98 1
52 0 78 2
64 0 96 2
52 1 4 1
7 2 85 1
21 0 17 0
43 0 5 1
38 0 94 1
41 0 86 1
86 2 72 1
6 0 16 2
47 0 84 2
91 0 70 0
63 0 19 2
13 0 99 1
90 0 1 1
47 0 61 1
3 0 18 1
5 0 28 2
39 0 32 1
24 0 22 1
67 2 39 1
76 0 88 1
16 0 7 0
11 2 98 2
71 0 62 2
54 0 32 2
15 2 78 2
80 2 16 2
55 0 38 1
60 0 81 2
97 0 64 1
61 2 4 1
83 0 96 1
94 0 6 2
56 0 64 1
82 2 17 1
47 0 7 0
14 0 16 0
61 2 42 2
92 0 10 2
59 0 19 1
90 0 14 2
57 0 26 0
73 0 72 2
68 0 75 2
88 2 69 1
90 1 33 1
12 2 97 1
54 0 64 2
86 0 49 2
30 2 5 2
51 1 43 2
90 0 84 2
73 0 46 0
68 0 20 2
16 2 91 2
93 0 61 1
87 0 90 2
84 0 86 0
20 2 31 1
22 0 39 2
77 0 5 0
82 0 88 1
47 1 10 1
94 1 91 2
100 1 39 2
53 0 13 1
24 0 2 2
87 0 15 2
66 1 26 2
57 0 26 0
56 0 52 1
17 0 59 1
61 2 62 1
27 2 55 2
63 0 13 1
35 0 67 0
55 0 90 2
3 0 14 1
68 0 100 2
99 0 5 2
97 0 12 1
77 0 13 2
27 0 64 1
82 0 64 1
59 0 77 2
12 0 17 2
99 0 7 0
54 0 2 2
33 0 39 2
57 0 15 1
87 0 52 2
13 1 71 2
60 0 91 1
95 0 83 0
76 2 89 2
22 0 38 2
49 2 33 1
88 0 33 0
5 0 73 2
13 0 39 1
59 2 88 1
89 1 93 1
91 0 68 1
18 0 26 2
50 0 97 1
71 0 42 2
21 2 5 2
79 2 68 1
82 0 71 0
55 0 14 1
99 0 78 1
83 0 21 2
31 2 83 1
15 2 2 1
63 0 69 2
30 0 59 1
52 0 8 1
89 0 61 2
47 2 53 1
58 0 89 1
77 0 80 2
7 0 21 2
46 0 20 2
10 0 82 2
82 0 25 1
7 0 5 1
38 0 12 2
56 0 49 1
96 0 42 1
52 0 98 1
80 1 75 2
64 0 81 2
72 1 55 1
49 0 35 1
90 0 82 1
28 0 89 1
85 0 26 1
62 0 83 2
17 1 5 2
28 1 91 2
70 0 44 2
4 0 29 2
64 0 7 1
5 0 29 1
81 0 73 2
68 0 1 2
75 0 28 2
42 2 11 1
23 0 65 2
2 0 84 2
39 0 9 1
79 0 12 1
64 0 89 2
49 2 69 1
42 1 27 2
38 0 85 2
62 1 98 2
31 0 50 2
30 0 77 2
11 0 83 0
55 0 38 1
17 0 10 1
66 0 72 0
10 0 80 2
5 0 28 1
67 0 13 2
81 0 66 0
44 1 31 2
85 0 48 1
55 0 57 1
73 0 55 2
76 0 97 0
28 0 67 1
38 2 13 2
79 0 42 2
65 0 61 2
72 0 100 1
77 0 74 1
59 0 83 2
6 0 66 1
79 0 44 1
37 2 2 2
19 1 25 1
68 0 63 1
37 0 80 1
55 1 22 1
28 2 77 2
93 1 85 2
34 0 72 2
26 0 54 2
34 0 95 2
59 2 22 2
41 0 70 1
20 0 42 2
22 0 36 2
56 0 68 0
30 0 29 2
44 2 70 1
41 0 16 2
55 2 97 1
73 0 91 0
43 0 2 1
36 0 65 1
42 0 39 1
75 0 56 0
41 2 39 1
95 2 87 1
35 2 16 1
73 2 9 2
74 0 11 2
38 0 44 2
84 2 93 2
95 0 96 0
67 0 20 2
40 0 38 0
27 0 94 2
100 0 90 2
3 2 7 1
67 0 61 2
31 1 22 2
76 0 87 2
78 2 13 1
18 0 39 2
11 0 73 2
86 0 50 2
9 0 82 1
7 2 27 2
96 2 38 1
64 0 41 1
33 0 8 1
10 0 12 2
8 0 83 1
47 0 24 2
87 0 73 2
14 0 75 0
90 0 15 1
63 1 45 2
86 1 54 1
95 2 55 2
43 0 72 1
18 0 57 1
52 0 12 2
36 0 56 2
12 1 91 1
25 2 50 2
99 2 56 1
2 0 39 2
32 0 42 1
91 0 78 1
89 1 58 2
21 1 7 1
13 0 63 2
35 0 73 2
83 2 24 2
87 0 41 1
11 0 78 2
66 0 100 2
59 1 56 2
85 0 86 2
99 2 45 2
10 1 56 2
99 0 44 1
22 0 58 2
46 0 29 2
84 1 59 1
4 0 59 2
58 0 65 1
57 0 39 1
84 1 72 2
74 0 6 1
7 0 64 2
49 0 6 2
5 0 53 2
60 0 78 1
82 0 14 2
96 0 8 2
41 2 18 2
46 0 61 2
12 0 77 2
25 0 64 0
14 0 57 1
87 2 97 2
36 0 59 2
46 0 43 2
15 2 66 2
81 0 92 1
2 0 88 2
54 2 36 1
55 0 78 2
11 0 23 2
32 0 14 2
42 0 63 2
32 1 8 2
47 1 39 2
21 0 50 2
29 1 67 1
3 0 23 1
25 2 13 2
80 1 100 1
54 0 80 2
28 0 47 1
19 0 82 1
14 1 9 1
84 1 11 2
22 0 60 2
36 0 82 2
92 0 50 1
13 2 68 2
35 2 54 2
54 0 91 1
54 0 71 2
25 0 3 1
20 0 54 0
42 1 90 1
100 1 60 2
72 0 40 1
85 0 3 2
87 0 68 1
10 2 67 1
37 0 15 2
59 0 14 2
84 0 53 2
47 0 96 0
9 0 76 2
40 0 64 2
49 0 44 2
76 0 79 2
77 0 16 2
66 2 74 2
32 2 90 1
87 0 85 0
77 1 24 2
91 0 33 2
7 0 54 1
44 0 12 1
18 0 60 1
93 0 82 1
99 0 40 1
1 0 49 1
25 2 11 1
54 0 67 2
81 0 2 2
7 0 47 1
25 0 71 2
60 1 1 2
44 2 51 2
47 1 87 2
62 1 74 1
8 0 15 1
59 0 3 2
7 1 74 2
68 0 15 1
81 0 69 2
32 2 82 1
93 0 30 0
65 0 80 1
92 0 42 1
43 0 5 1
10 0 49 2
35 1 52 1
50 2 26 1
71 0 65 1
69 0 8 2
76 1 33 2
85 0 94 1
63 0 56 1
34 0 64 2
96 0 73 1
6 2 63 1
88 2 90 1
49 0 60 1
32 0 31 1
70 0 37 1
33 0 62 1
4 0 65 2
57 1 40 1
5 0 3 1
53 2 87 2
26 0 15 1
23 0 38 0
76 0 28 0
16 0 60 2
83 0 81 1
12 0 1 0
64 0 48 1
40 0 44 2
55 0 95 2
72 0 3 0
83 0 70 0
26 0 70 1
74 0 29 1
51 0 96 2
76 1 47 1
6 0 87 0
94 0 22 1
94 1 88 1
9 0 80 2
6 0 82 1
98 1 83 2
47 0 34 2
57 0 5 2
97 0 34 2
1 0 56 1
33 1 91 1
19 0 29 2
62 1 94 2
28 0 84 2
62 1 83 1
20 0 4 0
7 0 82 1
65 0 35 2
6 2 56 2
100 1 65 2
54 0 71 1
94 2 92 2
20 2 46 2
46 0 80 1
75 2 68 1
10 0 18 1
2 0 89 1
31 0 32 2
45 0 89 1
28 1 98 1
59 0 76 2
88 0 31 1
41 2 1 1
33 0 58 2
5 0 70 2
1 0 15 2
94 0 61 1
78 2 22 2
23 0 81 2
21 1 30 2
20 0 57 2
44 0 90 0
78 2 72 1
62 2 30 2
48 0 19 1
22 0 19 1
42 0 14 2
24 0 61 2
83 0 18 2
7 0 36 0
39 1 99 1
92 0 53 1
59 0 73 2
54 0 80 1
98 0 95 2
86 0 97 0
12 0 26 2
44 1 88 1
41 0 32 2
57 0 83 1
32 0 50 0
55 0 79 2
93 2 44 1
57 0 71 1
65 0 27 1
60 0 51 1
70 0 76 1
69 0 86 1
14 0 58 2
85 0 58 1
100 2 63 1
36 0 58 2
89 0 26 1
72 0 10 2
78 0 77 0
56 0 98 2
39 2 95 1
4 2 83 2
38 0 3 2
43 2 56 1
71 0 57 2
90 0 6 1
81 0 16 1
99 0 61 1
18 0 26 2
40 0 3 1
79 0 15 1
47 0 15 2
22 0 56 2
51 0 16 2
18 0 91 2
5 0 89 2
13 0 76 2
9 0 37 2
49 0 29 1
22 0 55 2
18 0 93 2
76 0 57 1
75 0 15 2
47 0 83 0
61 1 27 1
23 0 7 0
76 0 28 1
48 1 24 1
14 0 76 0
55 0 69 2
78 0 49 0
65 0 28 1
17 0 11 1
63 2 34 2
74 0 47 2
33 0 78 1
13 2 33 1
6 1 51 1
24 0 82 1
6 0 21 1
37 0 20 2
64 0 41 2
59 0 65 1
88 0 74 1
38 0 44 2
40 0 72 1
86 0 100 2
57 0 91 2
23 2 43 1
55 0 65 2
63 0 18 0
5 0 17 2
37 2 36 1
48 0 12 1
2 0 35 1
5 0 59 2
96 0 43 2
6 0 3 2
91 0 35 2
36 0 38 1
50 0 16 1
8 0 90 1
50 0 46 1
18 0 95 2
97 0 40 2
25 2 28 1
2 0 15 1
84 1 96 2
38 0 87 2
34 0 94 2
11 0 14 2
36 0 44 2
84 1 39 2
65 0 53 2
20 0 56 2
3 0 56 1
48 2 22 1
41 1 56 2
28 1 10 1
22 0 80 1
72 1 18 1
68 2 74 1
24 0 1 2
62 1 57 1
41 2 96 2
96 0 89 1
93 1 34 1
55 0 94 2
92 0 82 1
86 1 58 1
5 0 83 1
77 2 50 2
4 2 71 2
17 2 28 1
22 0 68 2
43 0 99 1
61 2 39 2
9 1 55 2
25 2 52 1
67 0 81 2
60 1 72 1
86 0 51 0
17 2 78 2
9 1 64 1
97 0 76 2
38 0 95 2
34 0 91 1
42 0 14 1
84 0 71 0
28 0 45 0
14 2 62 1
52 0 75 1
44 1 54 1
43 2 24 1
48 0 57 1
94 2 17 1
50 2 6 1
51 0 72 1
64 0 72 2
60 1 3 2
61 0 34 1
45 1 68 1
65 0 43 0
63 2 85 1
15 2 73 1
28 0 66 2
97 0 5 2
73 0 81 0
40 0 18 0
85 0 79 1
23 0 65 1
59 1 3 1
87 0 39 2
16 0 43 1
29 2 46 2
60 2 6 1
61 1 50 1
76 0 39 1
24 0 57 2
75 0 80 2
100 0 88 0
76 2 9 2
55 0 8 2
43 0 52 2
65 0 100 2
42 0 10 0
35 0 14 2
36 0 46 2
37 0 12 1
73 0 9 2
55 0 41 1
8 2 74 1
51 0 66 1
64 0 20 1
14 1 93 2
14 0 9 0
44 0 80 1
93 2 37 2
69 0 30 2
56 0 99 1
78 0 64 2
79 0 40 2
34 0 36 1
85 0 84 1
26 0 32 2
16 1 24 1
85 0 38 2
95 2 64 1
5 1 45 1
80 2 8 2
69 0 60 2
50 0 13 0
5 2 34 2
3 0 78 1
35 0 93 0
90 0 79 0
74 0 38 2
45 0 74 2
55 0 45 2
49 0 60 1
53 1 28 1
42 0 41 2
29 2 83 2
21 2 60 2
75 0 5 0
1 0 47 1
97 0 29 2
61 1 89 2
65 0 17 1
68 0 43 1
54 0 3 2
44 2 93 1
91 2 45 2
29 1 67 2
99 0 26 1
69 1 24 1
52 0 94 1
22 0 81 1
60 0 84 1
87 0 94 1
78 1 60 1
36 0 32 1
50 0 86 2
37 0 54 1
14 1 20 1
52 0 90 2
20 0 57 2
43 0 93 2
49 1 52 2
48 0 57 1
39 0 25 1
38 0 96 2
35 2 34 1
15 2 80 1
6 0 79 2
22 0 89 2
56 0 21 2
31 0 73 1
100 0 63 0
57 1 7 1
4 0 35 2
46 0 50 1
9 0 51 0
8 0 57 1
62 2 65 1
91 0 56 1
35 1 39 1
49 1 43 1
8 0 84 2
36 0 96 2
44 1 56 2
72 0 14 2
56 0 41 2
70 1 68 1
14 1 86 2
25 1 46 2
76 0 44 1
20 0 16 2
70 0 15 2
35 2 86 1
54 0 44 1
42 1 54 1
23 1 53 1
63 2 43 1
34 2 91 1
38 0 50 2
16 0 12 1
35 1 1 1
87 1 79 1
51 0 40 2
67 0 65 2
68 0 56 1
87 0 20 2
73 0 59 1
13 1 34 1
76 0 8 1
69 0 88 2
47 0 93 2
91 0 15 2
98 0 87 1
45 0 91 1
59 0 9 1
20 0 32 1
16 0 44 0
43 0 99 2
73 0 83 2
1 0 38 2
86 2 95 1
54 0 62 2
34 0 91 1
99 0 77 2
17 0 73 1
97 0 51 1
69 0 75 1
85 0 80 1
5 0 33 1
78 0 30 1
73 0 21 0
15 0 74 1
7 2 55 1
55 0 18 1
52 0 94 2
82 0 16 0
83 2 24 2
57 2 4 1
95 0 49 2
34 0 14 2
37 0 81 1
49 1 96 1
80 2 24 2
23 1 32 1
99 0 9 1
73 1 75 1
19 1 27 1
80 0 86 1
37 0 50 1
81 0 15 1
33 0 78 2
52 0 86 1
99 0 50 2
65 0 26 1
45 0 81 2
90 0 34 1
40 0 61 2
42 0 1 2
69 0 39 2
47 1 48 2
85 2 55 2
8 0 62 1
1 0 53 1
64 0 11 0
30 0 70 2
70 0 10 2
75 1 37 2
100 0 52 2
1 0 8 1
89 0 80 2
35 1 85 1
77 0 34 0
54 0 31 1
65 0 59 1
99 0 2 2
97 0 22 0
48 0 63 2
7 0 67 2
69 0 21 1
7 1 70 2
52 0 12 2
53 1 71 1
63 1 99 2
11 2 36 1
95 0 80 1
45 2 54 1
8 0 37 0
54 0 47 2
72 2 6 1
56 0 71 0
38 0 77 1
5 0 87 1
79 0 38 1
65 0 81 1
56 1 91 1
54 0 44 2
46 0 69 1
48 0 41 2
56 0 28 2
66 0 36 0
24 0 89 1
13 2 85 2
73 0 66 2
76 2 52 2
43 0 60 2
87 0 80 2
64 0 30 2
5 0 7 2
22 0 65 2
88 2 92 2
74 2 43 1
71 0 43 0
19 1 63 1
84 2 2 2
71 0 23 1
23 0 3 1
19 0 37 1
92 0 59 1
77 1 43 2
48 0 25 1
24 0 44 2
69 0 53 2
99 0 10 1
15 2 65 2
41 2 1 2
87 0 71 2
89 0 50 0
23 2 28 2
84 0 2 0
61 2 100 1
57 2 37 1
48 2 4 2
30 2 1 1
6 1 10 1
57 2 90 2
22 0 94 2
31 0 88 2
57 2 25 2
51 0 39 1
30 0 22 0
49 1 59 1
60 2 43 2
72 2 3 2
76 1 77 2
47 2 21 1
30 0 26 2
15 2 52 1
64 0 44 1
3 2 88 1
46 0 65 2
63 0 4 1
30 0 33 2
52 0 75 2
11 0 72 1
56 0 82 2
49 0 89 1
6 0 14 1
3 2 5 2
92 0 60 1
6 0 27 2
7 0 39 2
75 0 14 2
3 0 93 1
28 2 53 1
88 2 50 2
37 1 54 2
69 0 14 1
80 1 36 2
73 0 11 1
42 1 49 2
18 0 14 2
96 2 74 2
30 0 69 0
6 1 67 1
9 0 51 2
89 0 12 1
12 2 11 1
5 0 76 1
66 0 58 0
38 0 90 1
4 0 52 1
24 0 48 1
54 2 1 2
43 0 95 1
83 0 100 1
46 0 81 2
63 0 87 1
59 0 3 0
54 0 80 2
7 0 84 1
84 0 93 1
23 0 31 2
10 0 91 2
42 2 80 1
66 1 43 2
69 1 51 1
62 0 2 2
44 2 85 2
58 0 35 1
79 0 58 2
90 2 45 1
18 0 16 2
18 2 52 1
47 0 33 0
100 1 48 2
46 0 33 2
26 2 72 1
55 0 91 1
49 1 54 2
29 0 90 2
72 0 61 2
20 0 89 2
91 0 31 1
55 0 66 1
97 0 96 1
31 0 95 1
9 1 17 1
32 1 23 1
29 0 24 0
74 0 66 2
55 0 39 1
100 1 33 1
25 0 32 1
11 0 43 2
30 0 65 2
13 0 71 2
77 0 25 2
42 1 5 2
35 0 99 2
16 0 1 2
45 0 29 2
78 2 53 1
58 0 94 2
71 0 66 1
23 0 64 2
32 0 96 0
70 0 63 2
23 1 76 1
72 1 27 1
25 0 74 1
43 0 52 2
94 0 28 2
28 2 88 2
5 0 81 2
19 1 50 1
18 0 70 1
30 0 72 1
71 2 74 1
25 2 39 2
80 2 6 2
37 2 8 1
41 2 52 1
86 2 36 1
5 0 42 2
19 2 24 2
19 0 94 2
99 0 28 1
36 0 13 2
37 0 70 0
2 0 19 1
29 0 63 1
21 0 53 1
37 0 82 1
100 0 19 2
6 0 34 2
22 0 8 2
9 0 15 1
63 0 71 0
81 0 98 2
93 0 34 1
96 0 81 2
38 0 50 2
7 0 59 1
80 0 85 1
71 0 13 2
30 0 9 1
40 1 11 2
13 0 32 1
39 0 4 2
65 1 33 1
90 0 30 1
20 0 88 1
63 0 2 2
29 2 100 1
11 0 5 2
90 0 70 2
86 2 43 2
5 0 47 1
7 0 63 1
32 1 28 2
17 1 24 2
21 1 86 1
42 0 70 1
61 0 27 2
29 1 52 1
83 0 41 2
86 2 94 1
60 0 47 2
62 0 33 0
34 0 71 2
92 2 36 1
66 2 31 2
37 0 84 2
1 0 87 2
63 0 72 0
17 1 8 1
46 1 70 2
80 0 29 2
84 2 12 2
86 2 10 1
10 1 33 1
15 1 78 2
16 0 92 1
58 2 38 2
92 0 49 2
83 0 79 2
96 0 41 2
67 1 13 1
74 0 63 1
69 0 61 2
85 0 8 1
80 0 58 2
18 0 77 1
47 0 66 0
51 0 62 1
38 0 65 2
15 0 55 0
43 0 72 2
80 0 75 1
29 1 10 1
26 0 56 2
1 0 36 1
45 0 12 2
41 0 32 1
75 0 69 0
72 0 60 1
92 0 57 1
6 0 76 1
2 0 40 2
57 1 2 2
82 0 61 2
67 2 11 1
30 2 51 1
1 0 34 2
41 2 29 1
72 0 68 0
29 0 17 0
99 0 76 1
16 0 97 2
50 0 93 2
36 0 22 1
65 0 49 1
20 0 59 2
96 0 16 1
55 0 17 1
82 0 21 1
92 0 25 2
34 0 57 2
46 0 5 2
58 0 45 2
23 2 64 2
79 0 64 1
99 0 93 1
44 2 81 2
45 0 42 2
22 2 55 1
82 2 24 2
27 0 76 1
9 1 1 1
88 0 61 2
33 0 29 2
72 0 7 0
63 0 56 2
9 1 22 1
7 0 34 2
93 0 10 0
3 1 99 1
89 0 85 2
66 2 90 1
11 0 47 1
81 1 94 1
12 2 58 1
14 0 61 2
18 0 15 2
22 0 48 1
10 0 92 0
54 0 99 2
58 1 91 1
12 1 30 1
71 2 43 2
26 0 79 0
8 1 22 1
95 0 60 2
77 0 66 1
97 0 13 1
82 2 58 1
48 0 49 2
16 1 61 1
99 0 49 1
44 1 33 2
53 0 82 2
1 0 85 2
21 0 43 0
60 0 61 2
17 2 68 1
41 0 70 1
92 0 96 2
72 0 92 2
18 0 8 2
78 0 29 2
67 0 35 2
83 0 11 1
33 0 6 1
49 1 38 1
64 0 20 2
99 0 63 1
42 2 11 2
79 0 87 2
95 0 23 2
72 2 71 2
81 0 35 1
50 1 91 2
23 2 59 2
46 0 97 1
30 0 93 2
10 2 2 2
60 0 9 1
70 0 4 1
26 0 80 1
39 0 86 1
20 0 72 2
17 0 80 1
32 0 97 1
50 0 49 1
82 0 95 2
29 0 91 1
92 0 47 2
27 0 29 1
26 1 91 2
4 1 1 2
68 0 73 2
67 0 34 0
78 2 56 2
72 0 67 1
14 2 51 2
84 1 5 1
97 0 57 2
22 0 63 2
69 0 20 1
13 1 98 2
85 1 22 1
90 2 22 2
70 0 95 1
53 0 59 0
33 2 48 2
2 0 72 1
5 0 78 1
63 0 84 1
66 1 45 2
67 0 82 1
75 0 12 1
64 0 67 2
36 1 68 1
92 0 41 2
51 0 61 1
60 0 65 1
82 2 14 1
2 0 48 2
71 0 44 2
46 0 92 1
68 0 11 2
4 2 92 2
3 0 94 1
3 2 12 1
3 0 45 2
49 1 83 1
79 0 100 1
89 0 16 1
60 2 38 2
78 0 57 2
52 0 61 2
58 0 52 0
93 2 10 1
40 0 28 2
18 0 45 0
65 0 25 2
56 2 68 1
73 0 54 1
5 0 52 1
20 1 58 1
46 0 52 1
2 0 56 2
33 0 29 2
48 0 8 2
36 2 74 1
82 1 10 2
64 0 91 1
39 0 59 2
29 2 4 1
68 0 85 1
12 1 45 1
10 0 89 1
95 2 5 2
37 0 20 1
64 0 41 1
29 1 91 2
1 0 38 2
3 0 10 1
36 0 9 1
97 0 23 2
64 0 67 1
49 0 83 0
11 2 91 2
24 0 59 1
9 0 28 2
45 0 67 1
86 2 52 2
75 2 28 1
36 0 20 1
56 0 58 2
83 2 68 2
78 2 87 1
73 2 68 1
36 0 3 1
90 1 78 1
43 0 11 2
100 2 30 1
99 2 46 2
74 0 29 1
74 0 53 1
10 0 72 1
55 0 72 1
41 0 57 1
2 0 48 2
31 0 3 1
77 1 64 1
82 1 46 1
59 0 53 2
79 0 33 2
91 0 23 2
71 0 44 2
80 2 16 1
66 0 17 0
75 0 97 0
43 0 5 1
15 0 26 2
83 0 98 2
14 2 72 1
88 2 65 2
60 0 43 2
24 0 26 1
29 1 3 2
59 0 19 2
32 1 37 1
30 0 92 2
11 0 6 2
59 0 17 1
35 2 38 2
93 0 80 2
76 0 75 0
19 2 97 2
38 2 45 1
76 0 14 1
84 0 12 0
85 0 90 2
36 0 10 1
75 0 84 1
53 2 91 2
7 0 76 2
88 0 73 2
54 0 44 2
22 0 23 2
8 0 1 1
44 0 63 1
42 0 47 2
96 0 77 1
22 0 6 1
92 0 86 2
51 2 33 1
92 0 39 1
23 0 86 1
72 2 12 1
100 2 45 2
50 2 6 1
88 2 68 2
97 0 41 2
8 0 10 0
7 0 99 1
57 1 79 2
65 0 53 1
88 1 27 1
11 2 4 1
7 0 42 1
30 0 82 2
98 0 85 2
97 0 10 2
54 0 16 2
73 0 18 0
92 0 14 2
80 2 64 2
54 0 15 2
91 1 54 1
2 0 6 1
85 0 37 1
56 0 37 1
15 0 57 1
26 0 74 1
4 2 46 1
89 0 92 1
78 1 96 2
97 0 8 1
14 0 15 2
71 1 83 1
82 1 17 2
36 0 87 2
71 0 83 0
37 0 17 1
65 2 60 1
57 0 80 2
3 0 72 2
92 0 50 2
47 1 55 1
69 0 23 1
53 0 84 1
97 0 61 2
65 2 70 2
13 0 94 2
51 0 18 2
90 1 38 1
4 0 61 1
27 0 41 2
94 0 73 2
8 0 83 0
46 0 22 2
51 0 65 2
4 0 75 1
69 0 68 2
18 0 98 2
72 1 12 1
4 0 3 1
12 1 38 1
48 2 36 1
76 2 2 1
71 0 10 2
96 0 68 1
86 2 2 1
45 0 75 2
13 0 6 1
91 0 52 1
71 0 53 1
10 0 81 2
27 0 71 2
25 0 23 1
37 0 3 1
58 0 35 1
93 0 64 0
88 0 81 1
40 0 59 1
30 0 42 2
10 0 47 1
48 1 92 2
13 0 24 0
43 0 94 1
47 0 33 0
81 2 90 1
91 0 18 1
45 0 78 1
7 0 100 1
62 0 18 2
61 0 46 0
94 0 47 2
2 0 64 1
25 1 96 2
79 0 24 1
41 0 58 2
56 0 14 2
26 0 68 2
25 1 49 2
44 0 50 2
88 0 33 1
94 1 70 2
7 0 44 2
38 0 77 2
32 1 65 2
13 0 68 2
5 0 88 2
48 0 100 1
16 0 57 2
99 0 66 1
28 0 65 0
15 2 54 2
1 0 73 2
7 0 68 0
95 2 3 1
59 1 31 2
89 0 51 2
87 0 78 2
27 0 77 2
23 0 45 1
1 0 81 2
86 1 87 1
71 0 44 1
40 0 81 2
84 0 87 1
17 2 11 2
26 1 40 2
95 0 81 2
48 0 76 2
38 0 12 2
40 1 18 1
54 0 47 1
15 1 40 1
15 0 83 0
97 0 6 1
49 0 73 1
88 0 83 1
55 0 48 2
96 0 23 1
36 0 76 2
88 0 82 1
97 0 47 1
72 0 65 2
10 0 4 1
89 2 19 1
18 0 10 1
65 0 32 2
62 2 100 1
67 1 31 2
62 0 53 0
23 1 19 2
94 2 53 1
64 0 41 1
76 0 53 0
84 0 1 2
38 1 98 1
63 0 37 1
87 2 38 2
66 0 16 2
48 0 80 2
10 1 2 2
32 2 99 1
68 0 99 2
79 0 88 2
55 0 76 1
92 0 16 1
42 1 57 1
57 1 69 2
60 0 39 1
69 0 72 1
45 0 74 1
53 2 81 1
12 0 72 1
52 2 55 2
83 0 9 1
1 0 17 1
44 0 61 2
71 0 15 1
92 0 18 1
11 0 67 1
93 0 50 1
44 0 89 2
53 2 59 1
36 0 28 2
13 0 100 2
94 0 25 1
37 1 27 2
73 0 23 2
67 2 97 2
84 2 75 1
56 0 22 2
20 0 56 1
86 2 90 1
10 0 90 2
80 1 72 1
70 0 91 2
87 0 9 1
20 0 98 1
19 2 15 1
76 2 11 1
19 1 22 1
73 0 42 1
16 2 65 1
8 1 12 1
74 0 60 2
18 0 39 2
20 0 19 2
44 2 1 2
100 1 85 2
63 0 53 1
80 1 60 1
8 0 63 2
14 2 49 1
49 0 31 2
32 1 19 2
45 0 91 1
23 0 42 1
84 1 72 1
15 0 43 2
51 0 52 2
51 0 86 2
55 0 75 2
65 0 6 2
6 0 10 1
96 0 82 2
84 0 30 0
81 2 26 2
43 0 38 2
60 2 49 2
51 0 24 2
67 2 18 2
87 0 97 1
25 0 98 0
13 0 14 1
72 2 28 1
52 0 11 2
84 0 80 1
28 2 66 1
59 0 74 1
31 0 78 1
66 0 31 1
80 2 63 2
15 1 89 1
3 1 7 2
13 2 52 1
18 0 1 2
51 0 21 1
82 0 28 0
13 0 76 2
24 0 69 1
27 0 87 2
36 0 63 1
80 0 11 1
35 0 10 1
47 0 61 1
69 0 40 2
46 1 83 1
96 0 89 1
57 0 21 2
43 2 56 1
56 0 83 1
47 0 80 1
6 0 51 2
69 0 94 2
22 0 18 2
59 0 67 2
47 0 26 0
96 0 57 1
87 0 60 1
76 2 26 1
91 2 56 1
89 2 21 1
92 1 27 1
77 2 10 1
27 0 53 2
99 0 98 2
6 0 20 1
87 0 28 1
7 0 17 2
94 1 31 2
79 0 70 1
67 0 43 0
79 0 38 2
26 2 8 1
49 2 18 2
96 0 27 1
44 2 33 2
98 0 61 1
7 0 88 1
59 0 23 1
41 0 20 1
30 0 80 1
9 0 50 0
16 0 4 1
66 0 36 0
13 0 15 1
21 0 39 2
23 1 78 1
32 0 66 2
38 0 16 2
4 0 94 1
88 0 80 2
45 0 87 2
45 0 26 1
89 2 55 1
48 0 84 2
18 0 86 2
4 0 1 0
70 0 20 1
19 0 42 1
8 0 98 1
38 0 81 1
74 0 100 2
90 0 29 2
41 2 17 2
60 0 6 0
15 2 6 2
13 0 96 2
70 0 73 1
41 1 93 2
23 0 40 2
55 0 35 2
18 0 43 0
3 0 76 1
69 0 93 1
24 0 82 1
7 0 77 1
92 1 68 1
64 0 2 1
53 2 78 1
39 0 88 2
45 0 96 2
1 0 74 1
32 0 3 0
79 0 14 2
84 1 94 2
58 0 26 1
99 0 88 2
56 0 21 1
74 0 87 2
83 2 97 1
52 0 49 1
32 0 38 1
92 0 75 2
71 0 94 1
78 2 1 2
21 0 14 1
93 2 98 2
84 1 55 1
97 0 32 2
46 0 59 2
70 2 24 1
59 2 79 2
97 0 43 1
91 0 45 0
30 2 37 1
81 0 80 1
20 2 78 2
89 0 11 1
37 1 7 2
41 1 30 2
10 0 76 1
37 2 46 1
80 1 81 1
26 0 52 2
50 2 64 2
10 1 13 1
68 0 9 1
41 0 98 2
2 0 33 1
81 0 60 2
99 0 23 2
31 0 3 2
32 0 85 2
54 0 49 2
34 0 29 1
18 0 19 2
32 1 74 2
33 0 22 2
30 0 41 2
42 0 20 1
74 0 64 2
14 2 98 2
98 0 20 1
55 0 34 2
63 0 53 2
54 0 80 1
85 0 25 1
24 0 96 1
97 0 47 1
27 0 87 2
18 2 58 1
57 1 37 2
14 1 16 1
18 0 62 2
21 0 62 2
35 1 27 1
54 0 49 2
21 0 23 1
53 0 61 2
33 0 57 1
62 2 77 1
47 0 77 1
69 0 88 2
75 1 69 2
60 2 98 1
81 2 25 1
19 2 68 2
97 0 5 2
76 1 39 2
23 0 55 1
27 0 22 0
20 0 81 1
17 0 15 1
69 2 37 1
91 2 4 1
7 0 26 2
79 0 48 2
9 2 86 2
28 2 69 1
59 0 11 1
50 0 49 2
54 0 90 2
73 0 100 1
4 0 63 2
62 2 51 2
94 0 57 1
36 0 92 2
30 0 49 1
95 0 68 1
97 0 40 1
65 0 58 1
19 1 63 2
97 0 39 1
46 0 70 2
7 0 60 1
80 0 47 0
83 0 2 1
81 2 46 2
11 2 71 1
54 0 32 1
55 0 13 2
55 0 11 1
46 0 25 2
63 2 71 1
52 0 3 2
76 1 77 2
51 0 9 2
69 0 86 1
99 2 58 2
10 0 39 2
21 0 100 1
86 2 46 2
49 0 84 2
78 0 37 0
93 0 17 1
56 0 86 2
76 1 78 1
84 1 69 2
83 0 31 2
27 0 39 1
3 0 94 1
47 0 8 0
69 0 81 1
75 1 91 2
26 1 1 2
100 2 49 1
97 0 61 2
74 0 82 1
81 1 2 2
66 1 7 1
37 0 25 1
64 0 40 2
94 0 21 1
81 1 87 2
57 0 18 1
59 0 35 1
27 0 12 2
19 0 79 2
77 0 32 1
8 2 71 2
14 0 22 0
35 2 12 1
17 1 87 2
74 0 92 1
8 0 20 1
88 0 19 2
83 0 97 1
12 0 57 1
95 2 6 1
57 0 53 0
95 0 21 2
59 0 4 0
35 0 90 2
24 0 17 1
49 0 80 2
31 0 29 1
5 0 99 1
49 0 78 1
95 2 1 2
18 0 56 0
74 0 7 2
100 0 8 1
66 0 73 1
55 0 92 2
73 2 31 1
41 2 8 1
87 0 74 0
50 2 63 1
44 0 62 1
100 1 24 1
42 2 96 2
68 0 7 1
16 1 43 2
31 1 5 1
94 0 60 2
36 0 94 1
70 0 32 1
8 0 90 1
8 0 1 0
96 2 8 1
63 2 99 1
62 1 86 2
85 0 51 1
30 2 34 2
58 0 66 1
33 1 18 1
55 0 91 2
92 0 10 2
94 0 71 0
13 0 31 1
97 0 60 1
48 0 74 2
33 0 19 1
84 1 31 2
98 0 23 1
15 1 7 1
100 0 10 0
67 0 5 1
66 1 83 2
43 0 81 1
9 0 78 1
67 0 65 2
93 0 20 0
72 0 86 2
75 2 27 1
75 2 97 1
97 0 92 2
99 2 43 2
92 0 11 2
15 0 45 2
47 2 57 1
55 0 29 1
50 0 54 1
95 0 60 2
80 1 31 1
1 0 9 1
71 0 89 2
92 0 100 1
76 0 94 2
32 0 11 1
73 1 8 2
89 2 96 2
64 0 61 2
67 0 41 1
56 2 7 1
54 0 79 1
1 0 69 2
25 0 76 1
16 2 11 2
47 1 17 2
10 1 18 1
4 0 76 1
17 0 86 1
29 0 26 1
46 0 89 1
2 0 76 1
28 1 10 1
3 0 99 2
58 0 98 0
64 0 25 2
51 2 55 1
61 0 6 0
93 0 34 2
21 2 19 1
90 2 50 2
79 0 44 1
38 0 22 2
85 0 69 1
20 2 17 2
88 0 80 1
46 0 49 1
78 0 25 1
24 0 96 1
44 1 64 2
79 0 94 2
18 0 62 2
67 0 84 2
90 2 2 2
89 2 30 1
41 1 38 2
16 1 71 1
21 0 29 1
46 0 73 2
66 2 98 2
76 2 12 1
14 2 26 1
43 0 16 1
53 2 6 1
4 2 46 1
42 2 97 1
68 0 70 1
5 0 70 1
92 2 34 2
35 1 59 1
13 0 1 1
48 0 72 1
17 0 88 2
28 2 24 1
67 2 45 1
54 0 8 1
76 1 98 2
88 0 46 1
87 0 44 2
76 0 19 1
95 0 55 0
86 0 40 1
24 0 31 2
58 1 71 2
17 0 28 0
58 1 7 2
64 0 20 2
72 0 23 1
72 1 71 2
52 0 85 2
26 0 88 1
55 0 3 2
93 0 90 0
96 0 91 1
58 0 74 2
88 0 39 2
90 0 19 2
94 1 6 2
31 0 39 2
31 0 90 1
41 0 13 2
4 0 26 1
45 0 27 1
53 0 32 2
28 0 47 1
59 0 51 0
90 0 59 0
32 0 91 0
88 0 69 0
50 0 90 1
48 0 65 1
51 0 61 1
10 0 86 1
60 0 89 2
26 0 49 1
9 1 85 1
45 0 17 2
15 1 92 1
81 0 50 2
34 0 24 1
91 0 28 1
65 0 80 1
24 0 72 1
36 0 18 2
21 2 57 1
99 2 71 1
40 0 38 0
4 0 35 1
17 2 22 1
51 0 74 0
26 0 83 1
4 0 46 2
58 0 84 1
43 0 19 1
14 0 68 1
71 0 42 2
36 0 75 1
90 0 85 0
50 2 85 1
62 1 17 1
58 0 77 2
34 0 89 2
52 1 7 1
35 0 21 2
72 0 82 2
4 0 78 1
32 2 85 1
94 1 99 2
20 2 39 1
45 0 26 2
13 1 4 1
24 0 3 2
5 0 81 2
12 1 5 2
84 0 60 1
53 0 25 0
60 0 69 0
54 0 23 2
52 0 13 2
4 0 95 1
61 2 60 2
15 0 34 1
7 0 90 1
23 1 96 1
53 1 97 1
55 0 61 1
67 0 32 2
34 0 73 2
73 0 82 1
97 0 13 2
90 0 59 1
88 0 49 1
11 0 14 2
79 0 8 2
54 0 29 2
96 0 77 1
18 0 35 2
14 0 92 0
100 1 1 1
61 0 9 0
59 0 51 0
14 1 50 2
19 0 32 1
86 2 46 2
91 0 89 1
89 0 4 2
74 0 73 2
14 0 58 1
44 0 18 1
1 0 26 2
93 0 33 1
22 0 32 1
46 0 19 2
25 2 28 1
15 0 68 1
4 0 85 2
10 2 96 1
55 0 74 2
48 0 93 1
97 2 74 1
99 0 21 2
69 0 78 2
98 0 35 2
78 0 4 1
20 0 45 1
84 0 71 1
36 0 52 2
88 0 66 1
64 1 31 1
97 0 64 2
61 0 2 2
21 1 91 2
86 0 77 0
84 2 88 1
19 0 79 2
23 0 49 0
96 2 52 2
93 2 44 1
76 2 86 1
52 2 69 1
46 0 69 1
81 2 54 2
94 0 42 1
4 0 90 1
68 0 9 2
38 0 100 2
50 0 9 1
60 0 5 0
47 0 100 1
15 0 11 1
26 2 78 1
42 1 67 1
91 0 60 2
49 0 98 1
15 0 44 0
15 0 64 1
50 2 49 1
50 0 28 1
82 2 58 1
32 1 5 1
98 0 31 2
21 0 49 0
33 0 17 2
23 2 82 2
63 0 41 2
81 0 31 0
41 2 29 1
64 0 66 2
56 1 1 2
20 0 94 2
54 0 38 1
93 0 37 0
20 1 36 1
9 0 52 1
100 2 63 2
33 0 37 2
46 0 6 1
91 0 80 1
7 0 63 2
50 1 34 2
36 0 49 2
27 1 2 2
46 0 65 1
5 0 39 2
72 0 52 1
8 1 27 1
57 0 11 0
94 2 28 2
34 0 24 0
13 0 14 2
6 2 88 1
79 0 89 2
19 1 64 2
77 0 66 1
19 0 48 0
70 0 52 1
84 0 68 1
9 0 84 2
77 1 92 1
94 0 39 1
12 0 28 2
92 0 98 2
16 1 70 1
12 2 34 1
15 2 3 1
29 0 83 2
48 0 32 1
52 1 83 2
78 2 43 1
44 0 58 0
2 0 67 2
13 0 29 2
93 2 20 2
26 2 50 1
42 0 91 2
70 0 91 1
97 0 75 1
49 0 33 1
60 2 18 1
50 2 22 2
18 0 68 0
68 0 76 1
15 2 3 1
76 0 98 0
85 0 55 0
11 0 70 0
11 0 13 2
8 0 100 2
80 1 51 2
70 0 39 2
39 0 67 1
16 2 65 1
3 0 57 2
13 0 10 2
84 0 73 1
36 0 87 2
73 0 54 0
94 0 41 2
6 2 51 2
13 0 32 2
100 1 79 1
69 1 43 2
28 2 12 2
89 1 34 1
74 0 40 2
49 1 99 1
78 2 64 2
43 0 60 2
44 0 68 2
42 1 99 2
94 1 69 2
29 0 35 2
32 2 71 1
24 0 58 1
25 1 56 1
81 2 92 1
2 0 75 2
42 0 61 2
73 2 40 1
23 2 95 1
85 0 33 1
50 0 69 0
56 0 11 2
37 2 92 1
21 0 27 0
46 0 83 2
94 0 77 2
51 0 62 1
97 0 39 1
26 0 45 2
51 0 61 1
48 2 56 1
59 0 94 1
88 1 30 2
2 0 37 2
85 0 61 1
46 0 95 1
72 2 17 1
14 0 74 0
29 0 1 0
54 0 49 2
40 1 4 2
50 2 91 1
82 1 16 1
77 2 26 1
85 0 67 1
83 0 74 0
93 0 67 2
20 0 98 0
37 0 100 1
90 0 2 2
51 0 81 2
41 0 45 0
10 0 76 2
59 2 27 1
54 0 2 0
47 0 52 0
87 0 63 2
20 0 70 2
83 0 30 1
86 0 76 2
49 0 68 0
70 0 49 1
24 0 5 1
42 0 86 1
97 0 15 1
86 1 59 2
53 0 5 0
35 1 10 2
21 2 100 1
54 0 79 2
96 0 49 2
36 2 74 1
58 0 12 2
3 2 11 1
6 1 26 1
77 2 38 1
46 0 79 2
12 0 17 2
91 0 38 1
54 0 86 2
52 2 97 2
78 2 88 2
56 0 63 1
12 0 74 2
81 2 55 1
61 1 30 1
100 2 70 2
70 0 18 2
18 0 47 1
23 2 95 2
47 0 65 0
72 2 51 2
66 0 16 1
84 0 55 0
79 0 75 2
17 0 15 2
2 0 91 2
73 0 62 2
17 2 98 2
55 0 23 1
33 0 70 1
51 2 22 1
26 0 62 2
29 0 35 2
77 0 29 2
15 1 91 1
72 0 42 1
70 0 86 1
56 0 5 2
8 0 6 2
96 0 94 2
87 0 72 1
81 2 88 2
35 0 47 1
29 1 25 1
9 1 45 1
15 0 73 0
34 0 66 2
59 0 17 1
16 0 33 1
42 2 52 1
16 2 26 2
80 2 69 1
85 0 95 2
21 0 44 0
88 2 2 2
75 2 56 1
81 2 47 1
87 2 30 2
55 0 7 2
10 2 87 1
56 0 20 1
11 0 68 1
83 0 53 2
31 1 85 1
69 0 99 2
38 0 81 1
62 0 4 1
9 0 100 2
27 0 84 2
11 0 35 1
44 0 28 2
2 0 95 1
5 0 26 1
3 0 17 1
42 0 96 1
2 0 4 2
56 0 23 2
14 0 74 2
82 1 79 1
40 1 22 1
34 0 36 2
19 2 91 1
2 0 37 1
2 2 1 1
26 2 17 1
68 0 52 2
50 1 10 1
41 0 38 0
12 0 11 2
47 0 69 1
37 0 15 1
100 1 67 1
59 2 28 1
13 0 29 2
19 2 60 2
15 2 62 1
77 2 56 1
28 2 99 1
69 0 97 0
95 1 85 1
16 2 26 1
8 0 19 2
76 0 57 1
20 0 28 1
58 0 59 1
3 0 17 2
67 0 24 2
99 1 5 2
94 2 11 2
48 0 18 2
13 0 42 1
7 0 41 2
45 0 9 2
94 0 36 2
29 2 48 2
66 0 57 1
58 1 38 1
86 0 47 2
15 1 1 1
92 2 55 2
12 0 48 0
49 0 61 1
93 0 2 2
37 0 71 0
88 0 30 0
57 0 90 2
52 0 75 1
94 2 6 1
21 0 53 0
65 0 20 1
17 0 62 1
44 0 24 0
80 1 66 1
22 0 10 2
96 0 29 1
7 2 51 1
9 0 1 2
73 1 25 2
45 0 85 2
20 0 1 0
31 0 8 1
59 2 54 1
2 0 49 2
18 0 96 1
13 0 29 1
73 1 47 2
78 0 99 2
1 0 93 2
21 0 46 1
43 0 41 2
89 0 91 2
25 0 35 1
27 0 3 2
24 0 39 2
83 0 88 1
67 0 56 2
87 0 44 1
96 0 55 0
45 0 19 2
53 0 58 2
51 0 28 1
50 2 26 1
31 0 97 2
86 2 9 1
90 0 91 0
78 0 61 2
56 0 74 0
53 1 22 2
84 2 48 1
78 0 89 2
43 0 57 2
24 0 59 2
83 0 66 2
78 1 79 1
99 1 56 1
35 0 45 1
35 0 15 2
37 1 97 1
100 0 48 0
95 2 7 1
45 0 98 1
100 2 33 1
28 0 25 2
29 0 98 2
96 0 6 1
64 0 59 1
70 0 87 1
23 1 25 1
57 2 25 2
36 2 11 1
63 0 69 0
58 0 21 2
72 0 39 2
37 0 23 2
98 0 89 2
78 0 75 1
72 2 45 2
1 0 75 2
59 0 87 0
53 0 23 1
19 0 52 1
10 2 3 1
15 0 3 1
8 2 52 2
48 0 53 1
94 0 3 2
52 0 94 1
75 0 81 2
4 0 65 1
23 0 58 0
92 0 80 2
34 0 79 1
69 0 88 2
45 2 22 2
97 0 94 2
63 0 31 0
42 0 76 0
99 0 54 2
66 0 12 0
62 0 56 1
86 2 22 1
56 0 95 1
30 2 68 2
26 0 62 1
79 0 64 1
83 0 84 1
69 0 65 2
12 2 68 2
77 1 79 1
91 0 51 1
4 0 90 1
67 0 40 1
42 0 7 1
44 2 68 2
2 0 13 1
83 0 48 2
50 0 60 2
27 0 81 1
20 1 96 1
14 2 60 2
42 1 38 2
26 2 51 2
99 1 85 1
88 0 87 2
1 0 94 2
52 0 36 2
22 0 95 2
2 0 66 1
87 0 21 1
19 2 61 1
77 0 71 2
16 2 84 2
87 0 65 1
24 0 3 1
27 0 48 1
93 0 73 2
7 2 71 1
40 0 3 2
80 1 9 1
23 0 18 0
52 0 61 1
36 0 23 1
4 0 97 1
16 0 50 1
97 0 4 2
24 0 91 2
65 0 82 1
9 2 67 1
2 0 27 1
3 0 10 2
55 0 54 1
27 0 30 1
59 0 27 1
28 1 92 2
42 0 82 2
12 0 24 0
21 0 15 1
73 0 29 2
5 0 6 1
36 0 14 1
85 1 74 2
61 0 57 2
76 1 56 1
33 0 56 0
29 2 90 2
32 1 4 2
41 1 83 2
79 0 20 1
35 1 31 2
48 0 51 0
92 0 18 1
80 2 97 1
71 0 89 1
81 2 66 1
99 0 39 2
2 0 75 2
80 0 12 2
23 1 59 1
89 0 5 1
94 1 38 1
57 0 27 2
96 0 97 2
58 0 72 1
58 0 42 2
93 0 72 0
15 1 96 2
57 0 33 0
30 2 55 1
10 0 63 1
9 0 32 2
47 1 22 1
88 0 15 2
28 2 12 1
74 0 31 1
72 1 69 1
41 2 73 1
84 2 46 2
87 0 52 2
10 0 65 2
7 0 94 2
1 0 78 1
31 0 85 2
98 1 97 1
47 2 88 1
86 0 14 1
35 2 25 1
61 0 35 2
50 0 90 1
23 0 62 1
37 2 97 2
9 0 82 2
60 0 57 1
23 2 45 1
98 0 35 2
71 0 93 1
44 1 28 2
67 0 41 2
56 2 74 1
31 0 18 0
55 0 3 2
68 0 35 2
88 0 9 1
55 0 51 2
17 0 77 1
14 0 73 0
26 2 51 1
37 0 90 2
94 0 7 2
85 0 6 2
66 0 53 1
97 0 3 1
32 2 26 1
11 0 75 2
57 2 1 2
17 0 22 0
84 0 100 2
100 2 67 1
94 2 46 1
57 1 79 1
31 2 87 1
2 0 84 1
99 2 39 1
18 2 27 1
62 0 24 0
42 0 15 1
39 2 38 2
51 0 81 2
86 2 28 1
100 2 10 1
17 0 9 1
45 0 53 1
94 0 98 1
82 0 27 1
67 0 49 2
48 2 37 1
76 0 37 1
3 0 42 1
89 1 97 1
51 2 48 1
81 2 55 2
36 0 89 1
40 0 74 1
26 0 78 2
26 2 63 1
77 0 30 2
56 0 23 2
13 0 59 2
70 0 50 2
12 2 99 1
40 2 85 2
15 0 4 2
1 0 12 1
29 2 1 2
18 0 57 2
100 2 13 1
43 0 52 2
30 0 18 0
88 2 31 1
5 0 71 2
46 0 25 1
4 0 17 2
44 0 9 1
15 1 3 2
32 2 3 2
45 0 22 0
4 0 5 2
67 2 74 1
82 0 90 2
48 1 54 2
18 2 74 1
73 1 54 1
83 0 4 2
55 0 61 2
11 0 76 2
40 0 89 1
42 0 32 1
24 0 21 2
12 0 30 0
81 0 99 0
6 0 89 1
74 0 52 2
73 2 46 1
57 2 88 2
44 0 100 2
64 0 80 2
54 0 40 1
81 0 48 0
25 2 66 2
30 0 94 1
36 0 38 1
29 2 34 2
48 0 58 1
6 2 85 2
13 0 63 1
43 1 45 2
72 0 41 2
18 0 82 1
51 0 78 1
45 0 75 1
30 2 70 2
15 1 71 2
19 1 59 1
24 0 71 2
66 0 8 1
64 2 51 2
25 0 89 1
28 0 96 0
63 2 6 2
60 2 85 2
79 0 97 2
6 0 15 2
56 2 91 2
1 0 75 1
21 2 42 1
96 2 69 2
37 0 6 2
83 0 6 1
14 0 43 1
84 2 4 2
91 0 61 2
51 2 11 2
15 1 39 2
13 0 75 1
57 2 79 2
13 1 48 1
22 0 59 2
4 0 22 2
14 1 69 2
68 0 38 1
92 0 49 1
14 0 18 2
62 0 66 0
75 0 24 0
42 2 61 1
100 0 83 1
14 0 5 1
81 0 62 2
30 0 9 2
56 0 89 2
59 0 78 1
96 0 40 1
63 2 56 1
98 0 39 1
87 2 11 1
25 2 21 1
69 0 81 2
84 2 35 1
87 0 6 1
15 2 30 2
75 1 83 1
42 0 38 1
61 1 92 1
15 0 93 1
21 0 72 2
66 0 68 0
93 2 55 1
59 1 67 2
48 0 21 1
96 0 66 1
17 0 57 2
74 0 90 2
81 2 18 1
49 0 10 2
36 0 69 1
82 0 29 0
23 2 31 1
39 0 6 2
87 0 30 2
77 2 96 2
58 0 97 1
41 0 39 0
69 0 83 2
58 0 56 1
74 0 79 2
54 0 97 1
60 2 20 1
58 1 74 2
52 0 5 1
19 1 46 2
67 0 6 2
57 0 13 0
39 0 53 1
9 2 20 2
23 1 43 1
51 0 100 2
76 0 68 2
12 1 55 1
90 2 49 2
80 0 19 2
62 0 91 0
100 0 79 1
4 0 60 2
27 0 82 1
8 1 97 2
97 0 47 1
2 1 1 1
74 0 50 2
79 0 3 2
59 0 95 2
29 2 97 2
94 0 19 1
63 2 70 2
48 0 81 1
18 0 19 1
26 1 18 1
86 2 74 1
90 2 93 1
74 0 37 2
44 2 43 2
13 0 53 1
39 0 21 2
64 2 40 2
97 0 76 2
71 0 30 2
17 2 49 1
16 0 64 1
85 2 5 1
68 0 73 2
88 0 100 2
80 2 89 2
80 1 86 2
8 2 83 2
50 0 34 1
11 1 98 1
25 2 9 1
61 0 55 0
44 0 18 1
54 0 96 2
2 0 82 2
51 0 78 1
68 0 52 2
81 0 17 0
19 0 7 0
50 1 3 1
57 0 39 0
92 0 90 2
34 0 23 1
21 1 45 1
53 0 13 0
59 0 28 1
54 2 45 2
31 0 96 2
5 0 38 1
10 0 89 2
63 0 73 1
61 0 31 0
46 1 70 2
88 0 4 1
37 0 56 2
25 2 60 1
20 2 64 2
39 1 5 2
32 1 58 1
50 0 56 1
79 0 73 2
76 1 66 1
42 2 20 1
84 0 47 0
27 0 35 2
84 0 76 2
90 0 50 0
52 0 41 1
43 0 38 1
19 2 28 2
83 0 4 2
93 2 85 2
76 0 46 0
31 0 18 1
93 0 66 2
97 0 23 2
11 0 64 1
54 0 10 2
82 1 97 1
22 0 26 1
6 0 56 1
87 2 55 2
44 1 99 1
58 0 89 1
34 1 74 1
18 0 81 1
96 0 90 2
2 0 87 1
41 0 63 0
35 1 71 2
54 2 4 1
99 0 39 2
67 2 39 1
45 0 44 2
43 0 28 1
53 1 58 1
45 0 16 2
38 0 28 1
42 0 10 0
65 0 42 1
5 0 14 2
82 1 27 1
71 1 27 1
35 2 16 1
3 0 82 1
4 0 56 1
59 0 43 0
97 0 19 2
34 0 91 1
6 0 45 2
100 1 54 2
82 2 71 2
89 0 32 1
60 2 25 1
98 0 27 1
80 1 33 2
27 0 57 1
92 0 23 2
79 0 29 2
46 0 61 2
97 0 44 1
62 0 40 2
94 1 78 1
25 0 26 2
54 0 53 1
65 2 2 2
17 0 14 2
56 0 41 1
44 1 45 2
100 1 49 1
58 0 81 1
56 0 27 1
18 0 6 2
28 1 78 1
64 0 28 2
75 0 44 1
1 0 26 2
11 0 10 2
4 0 79 1
48 0 50 2
19 0 52 0
89 1 56 2
37 0 72 1
40 0 25 1
54 0 17 1
100 0 19 0
44 0 25 1
99 0 8 2
92 0 83 0
39 1 56 1
70 0 18 2
54 0 67 2
58 0 70 0
65 0 21 2
3 0 66 1
93 0 32 1
66 0 16 2
47 1 31 1
11 0 49 2
47 2 89 1
14 0 53 2
5 0 60 1
90 0 89 2
29 1 92 1
62 0 21 1
27 0 82 1
93 1 52 1
48 0 17 2
79 0 61 1
11 0 94 2
85 0 26 2
83 0 31 2
51 0 71 2
8 0 3 1
34 0 58 1
83 0 77 1
14 1 77 1
17 0 62 2
91 0 73 1
34 0 36 1
39 0 75 2
87 0 4 1
51 0 65 2
69 0 90 1
61 1 79 1
94 1 60 1
55 0 41 2
73 0 21 0
81 0 2 2
84 0 99 2
33 0 3 2
7 2 54 1
9 2 35 1
66 0 28 2
62 0 90 2
37 0 15 2
70 0 95 1
33 1 92 2
76 2 91 1
46 0 84 2
91 0 39 2
45 0 5 2
51 0 52 2
27 0 3 1
8 0 42 1
41 2 50 2
34 0 57 1
89 2 79 2
14 0 48 2
72 2 37 2
77 1 64 2
56 0 19 1
26 0 45 0
6 1 37 1
96 0 66 2
98 0 12 2
41 2 75 2
41 0 12 2
97 0 9 2
25 0 26 1
85 0 90 2
72 1 22 2
5 0 17 2
79 0 66 1
85 0 52 2
34 0 5 1
49 2 48 2
12 0 2 2
41 2 70 1
40 0 50 2
22 0 76 1
93 1 18 2
59 0 57 2
93 1 58 2
47 0 15 1
15 2 75 2
91 0 1 2
48 2 98 1
23 0 86 2
18 0 37 2
79 0 64 1
66 2 45 1
44 0 54 0
48 2 5 1
44 0 23 1
94 0 12 1
33 2 31 1
5 2 38 1
15 0 42 0
65 0 17 1
17 0 87 1
13 0 22 2
69 1 71 2
55 0 8 1
62 2 79 1
36 0 95 1
86 2 4 1
88 0 9 1
92 2 91 1
68 0 96 2
63 0 89 2
84 1 12 2
15 1 6 2
27 0 52 2
92 0 34 0
37 1 69 1
8 0 32 1
32 1 36 1
15 2 12 2
28 0 82 1
13 1 55 1
96 0 53 1
92 0 60 2
6 0 10 0
94 0 15 1
57 1 98 1
89 0 16 2
78 2 94 1
57 0 19 0
35 0 27 0
24 0 60 2
5 2 48 2
84 2 36 1
80 1 17 2
12 0 27 1
44 1 64 2
52 0 35 2
21 0 8 1
4 0 13 1
52 2 43 2
7 0 9 1
24 0 41 1
57 0 15 2
47 2 34 1
93 1 71 2
42 2 13 2
73 0 28 0
83 0 79 2
60 1 18 2
21 0 80 2
19 0 64 0
50 0 42 1
52 0 72 2
77 1 18 2
44 0 95 0
8 0 62 2
13 0 79 2
29 0 100 2
99 0 50 2
53 2 54 1
44 1 54 2
55 0 53 1
20 2 22 2
13 0 4 0
24 0 39 1
71 0 44 1
71 0 15 2
51 2 70 1
77 0 73 2
98 0 63 1
15 0 14 2
35 2 43 1
64 0 80 2
5 0 27 0
24 0 50 2
66 2 48 1
60 0 61 2
27 0 61 2
33 0 69 0
16 1 66 2
19 2 18 1
77 0 10 2
6 1 30 1
22 0 40 2
69 0 55 2
24 0 51 2
83 0 82 1
67 0 62 1
9 2 11 2
50 0 78 2
19 0 22 0
80 1 12 2
23 1 26 1
64 1 36 2
12 2 97 2
44 0 17 0
65 2 98 1
14 1 54 2
49 0 44 1
46 2 98 1
56 0 29 1
5 0 35 1
59 0 98 2
98 0 77 1
87 0 29 1
78 0 23 1
80 0 23 1
28 0 26 0
92 0 53 2
98 0 36 1
97 2 55 2
94 2 48 2
12 0 41 1
89 2 8 1
85 2 1 1
61 0 100 0
50 0 89 2
91 0 87 2
48 0 5 1
99 0 63 1
91 2 70 1
97 0 98 1
4 0 36 0
100 0 5 1
30 0 3 1
17 0 42 2
69 1 85 1
38 0 82 2
19 1 37 1
23 2 99 1
78 0 55 0
18 2 79 2
92 0 16 1
31 0 88 1
61 1 97 1
1 0 76 2
67 0 34 0
16 1 75 2
87 0 21 2
10 0 50 1
98 0 38 2
78 0 97 2
5 0 9 1
53 0 78 0
68 0 94 2
84 0 64 0
5 2 24 2
68 0 78 1
12 2 74 1
52 0 39 1
18 0 72 1
76 2 17 2
51 0 66 2
64 1 36 2
85 0 32 2
42 0 86 0
20 0 80 1
15 0 67 2
55 0 86 1
33 0 5 2
46 0 80 2
69 0 39 1
60 0 77 1
95 0 25 2
43 0 15 2
100 1 62 1
67 1 24 2
50 2 11 1
41 0 66 2
26 1 92 1
79 0 53 1
46 0 67 2
67 0 10 1
7 0 53 1
74 0 47 2
32 1 95 1
68 0 100 1
92 0 86 1
42 0 78 1
43 0 3 2
77 0 80 2
12 0 86 2
17 1 22 1
12 0 65 2
51 0 30 2
21 2 37 2
23 1 66 1
28 2 31 1
69 2 43 1
99 0 41 1
47 0 20 0
65 1 51 1
69 0 13 1
35 0 63 0
6 0 53 1
39 0 85 0
90 2 96 2
72 0 84 2
45 2 74 1
24 0 59 1
13 0 59 2
68 0 31 2
60 0 85 1
22 0 12 1
5 2 99 1
66 0 75 1
48 0 49 2
45 0 89 1
91 0 32 1
39 2 67 2
39 0 73 1
36 0 39 1
65 0 16 2
12 0 94 2
98 0 31 1
58 0 59 2
97 0 65 2
79 0 58 1
52 0 97 1
30 0 72 2
35 0 45 1
76 1 49 1
41 1 59 1
36 0 16 1
32 1 22 1
34 0 79 2
8 0 74 1
44 0 27 1
98 0 33 2
82 0 67 2
69 0 78 1
40 0 20 2
24 0 27 2
32 2 31 2
14 0 18 1
2 0 52 2
93 0 34 2
83 0 63 1
97 0 34 1
87 0 43 0
45 0 60 2
48 0 51 1
94 0 58 2
82 0 37 0
82 2 64 1
24 2 1 1
24 0 87 1
55 0 35 1
6 2 46 1
19 0 79 1
83 0 38 2
89 0 25 0
77 2 75 1
33 0 60 1
67 2 97 1
5 1 92 2
31 0 99 1
23 2 6 1
17 1 36 1
26 0 93 2
12 0 60 2
27 0 11 2
59 0 82 1
22 0 92 2
6 0 49 1
15 1 18 1
30 0 38 1
82 1 35 1
83 2 43 1
47 2 58 1
45 0 36 2
91 0 69 2
82 0 66 1
63 0 11 2
82 0 3 2
98 0 63 1
57 2 85 2
28 0 65 0
84 0 96 1
3 0 90 2
2 0 81 2
9 0 39 0
44 0 6 2
59 2 6 1
98 0 13 2
58 0 37 1
73 0 39 0
65 2 49 1
32 0 97 1
84 2 43 1
62 0 1 2
39 2 55 2
49 0 44 1
34 0 83 0
25 0 22 1
59 0 57 1
70 0 56 1
55 0 80 2
46 2 45 2
39 0 8 0
71 0 17 2
92 0 78 1
37 0 62 2
72 0 62 2
95 1 22 2
13 0 67 1
18 0 62 2
74 0 26 1
82 1 64 1
88 2 24 2
35 0 14 1
81 0 1 1
84 0 10 1
43 0 78 2
29 1 41 1
67 2 74 2
52 0 65 1
26 0 53 2
19 2 81 2
30 0 89 1
24 2 83 1
46 0 49 2
30 2 68 1
84 0 30 2
32 2 38 1
73 2 54 2
62 0 80 1
87 0 94 2
89 0 97 1
34 0 21 1
46 0 10 1
22 0 76 1
10 0 25 2
58 0 3 1
95 0 60 2
11 2 74 1
72 2 33 1
5 1 83 1
78 2 92 1
56 0 5 1
88 0 84 2
81 1 25 1
7 0 90 1
6 0 24 2
7 0 59 2
78 0 9 1
95 0 5 1
42 0 40 1
54 0 6 1
94 2 63 2
66 0 83 1
96 1 33 2
57 0 91 2
87 0 13 0
11 0 99 2
3 0 95 1
84 1 6 1
40 0 8 1
59 0 53 1
57 2 92 1
80 1 96 2
3 0 53 1
25 2 36 2
24 0 98 1
34 0 1 1
40 1 18 1
89 0 15 2
35 0 16 1
59 2 96 2
56 0 96 2
18 0 42 1
20 1 22 1
83 1 1 1
79 0 65 1
76 2 83 2
80 1 76 1
31 0 24 2
88 0 39 2
69 0 6 1
25 2 78 1
31 0 8 2
8 0 78 1
9 0 83 2
15 1 88 1
38 0 53 2
4 0 1 2
20 2 27 1
31 0 75 1
59 0 90 1
12 0 25 1
67 0 55 1
30 0 53 1
100 2 43 2
96 1 34 2
91 0 80 1
83 0 70 0
97 0 15 2
45 0 29 1
62 0 54 2
46 0 78 1
23 0 100 0
53 0 76 1
21 0 84 0
9 0 47 2
54 0 79 2
73 2 38 1
90 2 4 1
63 0 15 1
43 2 36 1
88 0 53 2
48 0 42 2
98 0 37 2
78 0 16 1
75 0 61 1
44 1 91 2
47 0 85 1
54 0 86 2
74 0 32 1
68 0 11 2
25 2 87 2
14 0 22 0
22 0 46 1
30 0 2 1
52 2 38 1
67 0 90 2
7 0 38 2
30 0 21 1
71 0 54 2
34 0 46 1
86 1 8 2
23 2 91 2
98 2 46 1
27 0 40 1
80 2 12 1
86 0 30 2
96 0 27 2
62 2 84 2
25 0 42 2
84 2 53 2
15 1 72 1
55 0 85 1
86 1 7 2
68 0 47 1
43 2 7 1
7 0 9 2
100 0 21 2
67 0 47 1
50 0 77 1
74 0 85 1
77 0 14 1
43 0 38 2
65 0 48 1
57 2 53 2
75 2 34 1
30 0 47 1
96 0 28 2
14 0 76 0
95 0 5 0
22 0 25 2
72 0 5 2
59 1 99 1
85 0 61 2
16 1 93 2
33 0 57 2
33 0 61 1
15 2 84 2
60 1 58 1
19 0 89 2
89 2 90 2
25 2 76 1
64 0 8 1
99 0 34 1
80 0 19 0
28 2 63 1
32 1 64 1
57 1 13 1
16 2 41 2
20 0 19 1
9 1 99 2
13 0 93 1
47 1 59 1
66 0 78 1
35 2 59 1
48 0 67 2
38 0 50 1
4 0 62 2
35 2 13 2
22 0 37 1
63 0 64 0
58 0 1 2
11 0 88 2
78 1 60 1
9 2 52 1
69 0 21 1
97 0 18 2
30 0 57 2
53 0 23 1
28 2 7 2
81 2 70 2
45 0 92 1
42 0 70 2
88 1 31 2
39 0 13 1
84 2 43 1
1 0 77 2
74 0 66 2
32 2 1 2
83 0 57 2
82 2 7 2
61 2 11 2
50 1 43 1
27 0 48 1
57 2 23 1
76 2 58 2
67 0 88 2
47 2 83 2
10 0 94 2
85 0 11 2
92 0 27 0
90 2 74 2
10 0 50 1
86 0 1 1
39 2 96 2
93 1 46 2
23 1 7 2
6 1 39 1
14 1 2 2
40 0 20 1
11 0 14 2
7 0 62 2
52 0 26 1
10 2 3 1
16 1 72 2
48 2 68 1
64 0 89 1
71 0 59 1
14 0 17 1
22 0 54 2
8 0 62 1
62 2 99 1
48 2 7 1
94 0 68 0
46 0 8 2
12 2 55 2
23 2 73 2
6 2 70 1
74 0 34 1
38 0 34 2
52 1 27 1
51 2 2 2
96 0 93 1
8 2 58 2
63 0 80 1
59 0 76 1
52 0 92 0
65 0 84 1
56 1 45 2
38 2 58 1
17 0 73 2
99 0 93 1
100 2 20 2
82 2 32 1
2 0 11 1
66 0 84 1
2 0 100 1
23 1 51 2
27 0 91 0
58 2 37 1
67 2 85 2
80 2 29 2
31 0 47 1
87 2 64 1
27 2 91 1
16 0 64 2
14 2 38 2
24 0 19 2
44 2 56 1
5 0 35 2
67 0 76 1
47 1 33 1
50 2 67 2
86 0 63 1
26 1 69 1
79 0 94 2
53 0 81 0
88 0 62 2
28 0 81 2
67 0 72 2
39 0 41 2
48 0 34 2
31 0 24 2
73 1 40 2
45 0 41 2
67 0 76 1
58 1 98 1
24 0 53 2
43 0 82 1
67 0 64 2
81 0 24 2
85 0 3 1
80 2 92 2
37 0 73 1
21 2 63 1
49 0 29 1
37 0 41 1
2 0 50 2
47 0 68 1
56 0 41 2
53 2 19 1
33 2 5 1
63 0 39 1
92 0 23 1
48 0 78 1
41 0 86 0
92 0 5 2
91 1 70 1
41 0 43 1
9 0 10 2
64 0 52 0
72 0 53 2
22 0 57 1
92 0 61 1
18 0 25 1
87 0 90 1
5 1 68 2
45 0 41 2
13 0 80 2
13 0 15 2
29 1 11 2
98 0 3 2
62 2 59 2
30 0 49 1
26 0 19 1
24 0 6 2
2 0 71 1
42 0 30 2
40 1 54 1
63 1 4 1
51 0 13 2
92 1 68 2
45 0 22 2
73 2 49 1
36 0 87 1
47 2 99 2
56 0 79 2
70 0 55 1
82 2 25 1
49 0 2 2
77 0 38 1
85 0 89 2
89 0 47 0
57 0 30 1
36 0 61 1
32 1 65 2
6 2 22 1
25 0 7 2
95 0 64 0
38 0 93 2
18 0 47 2
11 0 12 2
55 0 72 2
73 0 94 0
13 0 23 1
53 2 21 1
11 2 30 1
16 1 42 1
18 0 44 2
85 0 70 2
94 0 62 1
86 0 54 1
51 0 77 1
53 0 41 1
32 1 31 1
67 0 66 2
90 0 76 2
46 0 19 2
65 0 48 1
57 0 28 0
37 1 18 2
81 0 17 2
22 0 16 1
45 0 20 1
71 0 17 1
48 0 62 2
37 0 5 0
90 0 89 1
31 0 14 2
17 0 53 1
45 0 95 2
13 0 84 1
68 2 70 1
35 0 67 0
88 0 35 1
57 2 68 2
19 1 51 1
33 0 76 2
56 0 72 1
87 2 58 1
100 0 60 1
48 2 7 2
37 0 38 1
77 2 88 1
78 0 14 1
89 1 64 2
77 0 42 1
73 0 63 1
63 0 32 2
68 0 53 1
42 1 50 1
84 2 9 1
77 1 71 2
45 0 62 2
35 0 64 2
48 0 69 2
16 0 32 2
33 0 45 1
88 0 93 2
65 1 4 1
59 2 52 2
88 1 74 1
94 0 83 2
38 2 24 2
65 0 61 1
37 0 13 1
41 2 58 1
42 0 100 1
69 0 77 2
84 1 70 1
75 0 45 2
50 0 88 1
20 2 46 2
84 0 10 2
99 0 89 2
62 2 49 2
27 0 49 2
52 2 48 1
8 0 9 1
70 0 42 2
76 0 39 0
85 0 66 2
51 0 75 2
52 1 4 1
16 0 52 0
45 0 66 1
10 0 57 2
67 0 70 1
53 2 47 1
37 2 18 2
100 2 13 2
21 0 47 1
83 0 30 1
64 0 57 2
64 0 39 1
26 0 75 1
46 0 47 1
46 0 73 2
18 0 95 2
50 1 67 1
23 2 29 2
39 2 99 1
67 1 70 1
53 2 30 2
29 2 35 1
15 2 90 2
78 2 97 1
83 0 42 2
53 0 47 2
45 0 78 2
90 0 13 2
42 1 30 2
29 2 14 1
7 0 66 1
100 1 75 1
59 0 73 2
75 2 87 2
21 1 20 1
50 2 33 2
83 0 84 2
64 2 4 1
37 1 51 2
7 0 16 1
46 0 19 2
55 0 29 2
99 2 18 2
74 0 35 1
64 0 77 1
17 2 48 1
10 0 50 1
33 2 51 1
4 0 27 2
71 1 45 1
47 0 80 2
14 0 26 0
65 0 87 2
90 0 100 2
6 2 65 1
94 0 68 0
45 0 96 1
53 0 10 2
89 2 85 1
41 1 7 2
74 0 93 2
6 0 15 2
6 0 62 2
43 0 13 1
7 0 49 1
58 2 4 1
33 0 38 1
6 1 36 2
66 2 4 2
12 1 11 1
70 0 50 2
28 2 4 2
71 0 54 0
60 0 93 1
42 0 15 1
73 2 25 2
16 0 92 2
13 0 38 2
94 2 36 1
93 0 68 1
62 1 24 1
81 2 10 2
19 1 30 2
10 0 50 1
87 0 12 1
68 0 81 2
80 0 65 2
64 0 41 1
99 0 76 2
2 0 76 1
8 0 81 1
11 2 18 1
56 2 34 1
72 0 39 1
93 0 96 1
44 0 75 2
21 1 45 1
44 0 31 0
21 0 73 1
57 2 71 1
59 2 11 1
2 0 88 1
16 1 13 1
53 0 41 1
8 0 23 2
80 2 5 2
33 0 19 1
13 0 78 2
100 2 36 2
84 0 1 1
46 0 7 2
65 0 41 2
31 0 41 2
46 1 1 1
32 0 66 2
18 0 88 1
15 2 72 2
73 2 50 1
83 0 10 2
52 0 86 2
65 0 61 2
67 0 28 1
87 0 65 2
60 0 47 1
11 2 4 2
43 0 60 1
80 1 17 2
14 2 3 1
43 0 24 0
82 0 89 2
91 0 88 1
43 0 46 2
12 0 84 1
80 0 8 2
32 0 25 0
65 0 19 1
100 1 2 2
35 2 38 1
32 0 38 2
88 2 72 2
13 0 32 1
46 0 89 2
10 0 80 1
67 0 25 1
80 2 73 2
84 0 82 1
60 0 82 2
20 0 26 0
59 0 70 0
90 0 19 2
80 2 91 2
68 0 56 2
56 0 81 2
45 0 90 1
43 0 2 0
46 2 18 1
23 0 86 1
37 0 84 1
91 0 35 1
62 0 31 1
76 0 81 2
59 2 64 2
45 0 43 2
70 0 96 2
36 0 12 1
18 0 86 1
66 0 19 1
74 0 67 1
6 0 80 1
67 0 73 1
12 2 7 2
94 2 59 2
70 2 24 2
41 0 42 1
24 0 21 2
35 1 33 1
1 0 56 1
42 1 59 1
50 0 19 1
3 0 59 1
4 0 89 2
33 0 77 2
93 1 36 2
29 0 17 1
88 0 81 2
97 0 21 2
75 0 57 1
81 0 28 1
52 2 11 2
75 0 36 0
80 0 25 0
57 2 39 1
85 0 66 1
47 2 65 2
86 2 3 2
44 1 53 1
69 0 65 2
35 0 11 2
92 0 100 2
30 1 36 2
48 0 25 1
64 0 84 1
48 1 79 1
99 0 56 2
90 0 46 0
60 0 21 2
77 1 69 2
43 0 33 2
47 0 19 2
66 0 87 0
63 1 56 2
84 0 100 2
76 2 33 1
99 0 95 1
70 0 99 1
12 0 23 2
50 0 25 2
73 2 94 2
6 0 86 1
53 2 51 2
34 0 73 2
82 1 5 2
55 0 81 2
54 0 3 2
21 1 71 1
4 0 93 2
73 2 76 1
44 1 28 1
7 0 85 1
93 0 59 2
11 2 56 1
33 0 78 2
3 0 53 1
42 0 46 0
40 0 32 2
74 0 81 2
67 0 3 2
52 0 56 0
56 0 33 2
99 0 26 2
34 0 21 1
45 0 22 2
57 0 33 0
40 0 78 2
17 0 65 0
60 0 32 1
57 0 100 2
97 0 32 2
45 2 55 1
64 0 66 1
55 0 39 1
7 0 98 2
3 0 7 2
39 0 64 2
18 0 75 1
2 0 30 1
29 0 27 0
53 1 3 1
100 0 86 1
40 0 88 1
98 0 52 2
25 2 58 2
69 0 19 1
36 0 68 0
87 0 65 2
60 0 62 2
36 0 82 2
12 0 36 1
2 0 29 1
57 2 5 2
74 0 25 2
53 0 59 0
36 0 47 2
42 2 22 2
69 2 7 2
72 0 19 2
94 0 31 0
32 2 45 2
92 0 29 2
22 0 90 1
35 2 62 1
26 0 53 2
63 0 81 2
62 1 9 1
22 0 39 2
41 0 21 0
88 1 37 1
22 0 39 2
39 0 86 2
14 0 47 0
44 0 10 2
28 0 86 1
7 0 35 1
49 0 100 2
84 1 2 2
100 0 97 2
93 2 45 1
35 0 60 1
68 0 100 2
21 0 9 0
52 2 46 2
6 1 72 1
56 0 70 2
83 0 12 2
15 2 8 2
84 2 48 1
19 1 4 1
42 1 27 2
28 1 51 2
71 0 38 1
61 1 81 1
54 0 52 2
98 2 18 1
33 1 79 1
67 0 32 2
37 0 44 1
36 0 52 1
63 1 46 2
27 0 84 2
68 0 12 2
90 1 10 1
18 2 54 2
48 0 53 2
99 0 51 2
9 0 23 2
97 0 11 1
20 1 97 1
40 0 12 1
41 2 60 1
91 2 70 2
18 0 94 1
47 2 98 2
44 2 98 1
27 0 28 1
31 0 100 1
38 0 81 1
98 0 78 1
96 2 11 2
96 0 25 1
69 0 77 1
71 0 39 2
74 0 34 2
22 0 17 1
73 0 44 2
70 0 16 2
70 0 66 1
62 2 3 1
71 0 55 1
84 1 39 1
22 0 51 2
96 0 16 2
86 0 94 2
33 0 10 1
76 2 13 2
31 0 9 2
59 1 51 1
86 0 93 1
65 0 9 1
97 0 44 1
71 0 99 2
74 0 14 1
72 0 56 0
59 2 75 1
81 2 30 1
21 0 15 2
99 0 90 2
67 0 35 1
23 0 36 2
30 0 51 1
74 0 70 1
95 0 76 1
15 2 82 1
10 0 51 1
83 0 42 2
82 0 84 0
67 1 2 1
41 0 46 0
51 0 17 2
29 2 55 2
68 0 62 1
2 0 60 1
33 0 10 2
94 0 29 2
41 0 77 1
9 2 67 2
26 0 13 1
96 0 19 2
35 0 26 2
83 0 53 2
32 0 50 1
51 0 32 1
30 0 69 2
2 2 74 1
88 1 3 1
64 0 12 1
96 2 7 2
3 2 50 1
95 2 38 2
98 0 94 1
46 0 47 2
53 1 98 2
61 2 39 2
35 0 71 2
55 0 96 1
17 0 55 2
24 2 74 1
12 1 70 1
3 0 65 2
68 0 83 2
9 1 88 1
55 0 72 2
41 1 75 1
82 2 70 1
68 0 16 2
3 0 37 2
70 2 74 1
50 0 83 2
81 1 58 1
7 0 53 2
86 2 58 2
78 0 30 1
76 0 3 0
92 0 63 2
84 0 45 0
38 2 37 1
76 0 61 1
65 0 47 2
71 0 2 0
40 2 27 2
63 0 61 1
97 0 9 1
10 0 26 1
93 2 13 1
18 0 84 2
25 2 53 1
2 0 19 1
91 0 19 2
54 0 93 2
29 0 19 0
9 1 13 2
59 2 46 2
36 0 81 2
39 2 64 2
74 0 80 2
45 0 31 2
34 0 63 2
44 0 50 1
27 0 75 2
29 0 75 2
40 2 83 2
67 0 44 2
83 0 100 2
89 2 56 1
77 1 33 1
14 0 12 1
61 0 46 2
59 2 11 2
77 2 46 1
28 0 67 2
46 0 80 2
67 0 1 1
14 0 75 2
28 1 99 1
75 2 70 1
87 1 18 2
74 0 65 1
86 0 41 1
42 0 72 2
17 0 42 1
36 0 60 1
25 2 98 2
66 2 94 2
45 0 23 1
75 0 89 2
88 1 39 2
48 0 57 1
42 0 49 2
37 0 44 1
66 1 60 1
47 2 74 2
55 0 84 1
9 0 7 1
21 1 25 1
65 1 37 1
41 0 76 1
34 2 36 1
52 0 20 2
74 0 9 1
72 1 11 1
7 0 46 2
16 0 62 1
75 1 1 2
22 2 24 1
29 0 42 0
10 0 53 1
93 0 71 0
64 0 50 1
98 0 92 2
55 0 59 2
53 0 46 0
27 0 88 2
33 0 27 1
85 0 56 1
30 0 19 1
69 0 20 2
3 0 59 2
25 2 21 1
30 2 2 2
7 2 36 1
82 0 50 2
28 0 81 1
33 0 32 2
25 2 12 2
19 0 49 2
2 0 80 2
54 0 65 2
37 0 69 0
77 0 42 2
27 0 30 1
50 0 4 1
50 2 8 1
87 0 86 2
48 0 10 1
61 0 8 1
60 1 6 1
18 0 85 0
79 0 65 1
76 2 46 1
16 1 46 1
48 0 17 2
58 0 39 1
11 1 27 1
38 0 69 1
58 0 36 1
95 0 94 1
52 0 53 2
32 0 5 0
68 0 75 1
82 2 100 1
40 2 99 1
40 0 48 2
19 1 67 1
16 0 55 0
52 0 96 2
39 0 78 2
10 0 28 1
85 0 72 2
47 2 99 2
89 1 10 1
81 2 83 2
29 0 68 1
1 0 19 2
88 0 46 1
49 0 100 1
3 0 41 2
35 1 66 2
6 2 49 1
45 0 10 1
19 1 27 2
65 0 3 2
57 2 35 1
39 1 30 2
21 0 65 0
67 0 92 0
45 0 65 2
67 0 11 1
2 0 18 1
72 2 51 1
46 2 38 1
29 0 84 2
50 2 59 1
48 0 8 1
27 0 75 2
48 0 21 1
67 0 79 1
71 0 24 2
45 0 35 1
34 0 93 2
100 1 22 1
54 0 16 2
66 1 30 1
22 0 18 1
92 2 1 1
8 0 17 2
14 1 9 2
20 0 92 1
79 0 84 2
61 2 57 1
79 0 53 1
9 0 47 1
71 0 67 1
93 1 7 2
48 0 29 1
21 0 23 1
67 1 46 1
50 0 31 1
9 0 23 2
54 0 7 1
6 1 58 2
20 0 62 1
56 0 13 2
46 0 63 2
67 0 98 1
77 2 65 1
100 2 36 1
20 2 63 1
59 2 74 2
95 0 70 0
14 0 65 0
26 1 74 1
33 0 66 2
17 0 12 0
8 0 62 1
34 0 87 2
44 0 32 2
76 2 47 1
69 0 35 2
72 0 35 1
24 0 93 2
13 0 50 2
98 0 12 1
40 1 55 2
40 0 9 2
26 1 31 1
47 2 12 2
47 0 20 0
76 2 59 2
65 0 80 2
58 0 56 0
79 1 97 2
3 0 94 2
63 2 60 1
44 1 90 1
46 0 73 2
83 0 14 1
65 0 44 1
64 0 20 2
47 1 37 1
75 0 83 1
98 0 63 1
11 0 82 2
97 0 82 1
87 0 45 2
25 0 9 1
75 0 6 1
60 0 48 1
59 1 37 2
4 2 54 1
9 0 52 2
92 2 91 1
94 1 52 2
46 0 89 1
97 0 82 1
92 0 11 1
8 0 6 2
76 0 38 2
84 1 8 1
60 2 71 2
34 0 42 2
82 1 2 1
89 0 19 1
77 2 49 1
2 0 66 1
4 2 27 2
48 0 72 1
26 1 7 1
12 0 95 2
40 0 79 2
61 1 88 1
62 1 51 1
62 2 85 1
67 0 100 2
42 0 25 0
70 0 7 2
86 0 31 2
22 0 74 2
96 2 85 2
12 0 66 1
17 1 83 2
91 0 53 1
11 0 95 1
85 0 53 2
56 1 2 1
10 0 38 2
66 0 90 2
53 0 5 0
1 0 15 1
87 1 22 2
24 0 10 2
75 2 56 2
22 0 9 2
53 0 39 0
90 0 56 1
21 2 89 2
22 0 31 1
24 0 39 2
75 0 98 1
46 2 27 1
75 0 95 0
69 0 12 2
48 0 77 2
44 0 55 2
71 0 8 1
32 0 88 1
62 1 18 1
87 0 18 1
53 0 76 2
91 0 72 1
92 0 3 2
13 0 70 1
60 0 99 0
3 1 51 1
22 0 16 2
96 0 88 2
23 2 70 2
63 2 64 2
21 1 49 1
31 2 85 2
32 1 44 1
71 0 25 2
31 1 34 1
19 2 75 1
57 1 60 1
40 0 8 1
1 0 100 1
51 0 41 1
84 2 69 1
97 0 96 2
87 2 36 1
15 0 12 1
81 0 72 2
98 0 64 1
48 0 81 2
81 0 12 0
91 0 45 1
8 1 67 1
63 0 42 2
83 0 54 2
97 0 64 1
65 0 75 1
24 0 57 1
7 0 67 2
83 0 18 1
26 2 17 1
57 2 65 2
24 0 17 2
17 0 57 2
48 0 45 1
51 0 49 1
92 2 11 1
72 2 30 2
42 2 32 1
31 0 94 1
86 2 64 1
73 2 9 1
85 0 3 1
68 0 21 1
23 2 5 2
45 0 58 1
95 1 54 2
12 0 44 1
71 0 72 1
49 2 55 1
88 1 24 1
41 2 52 1
62 2 61 1
90 2 28 2
92 0 16 1
59 2 22 1
36 0 44 1
22 0 24 2
35 2 34 1
69 1 22 1
65 0 87 0
58 0 80 2
41 1 45 1
48 0 34 1
37 2 7 1
72 0 9 2
27 0 49 1
16 0 30 2
24 0 8 1
89 1 56 1
69 0 31 1
70 0 40 2
27 0 77 1
17 2 83 2
91 0 88 2
9 0 76 2
16 0 54 0
15 0 52 2
67 0 65 1
72 0 92 0
79 1 98 1
60 0 78 2
18 1 34 1
100 1 21 1
100 2 50 2
23 1 43 1
46 0 7 2
19 1 33 1
10 0 20 2
66 0 32 2
49 0 47 1
61 0 71 0
97 0 88 2
27 0 61 2
14 1 71 2
11 0 47 2
36 0 89 2
63 0 99 2
93 2 25 2
25 2 95 1
41 1 86 1
98 0 14 1
61 0 14 1
78 0 42 1
49 1 77 1
17 2 26 1
67 2 5 2
20 0 82 1
28 0 82 1
56 0 47 2
59 0 25 2
19 1 90 2
88 2 78 1
90 0 70 2
61 2 53 2
10 0 62 2
47 0 67 0
38 2 97 1
6 2 10 1
24 0 10 2
47 0 61 1
80 1 87 1
17 1 58 2
91 2 22 1
75 0 17 0
55 0 53 1
66 0 43 2
86 0 97 1
88 0 13 0
21 0 58 0
81 2 77 1
75 2 94 1
71 0 26 2
97 0 87 2
49 2 70 1
47 0 86 1
96 0 35 1
73 0 95 1
92 0 5 1
25 2 93 1
58 1 98 2
83 0 62 2
85 0 74 2
94 0 47 2
5 2 91 1
97 0 82 2
66 2 97 1
54 0 13 1
53 2 85 2
35 0 94 2
30 0 31 2
45 0 52 2
6 0 23 2
91 1 70 2
89 1 65 1
76 2 88 1
12 0 57 2
11 0 84 2
27 2 24 1
96 0 3 1
52 1 85 1
95 2 48 1
98 2 92 1
61 1 25 2
36 0 61 2
61 2 55 2
41 0 37 1
65 0 82 1
3 0 15 1
11 0 100 1
80 0 6 1
18 0 87 2
79 0 5 1
59 0 7 1
52 0 4 2
84 2 70 2
64 0 60 1
46 0 28 1
38 0 15 1
17 0 82 2
55 0 8 2
3 1 51 2
20 1 13 2
48 2 31 1
100 0 4 1
17 0 93 1
44 1 71 2
43 0 35 2
55 0 74 2
45 0 53 1
33 0 6 1
27 0 33 2
14 0 4 1
13 2 34 2
37 0 13 2
69 0 85 0
17 1 5 1
28 2 97 1
52 0 18 1
60 0 39 1
94 0 89 1
90 2 75 1
74 0 79 1
62 2 19 1
98 0 83 2
12 0 63 1
13 0 57 1
47 0 92 0
68 0 51 1
98 0 54 1
42 1 28 2
71 0 6 2
65 0 29 2
100 0 33 1
56 0 49 1
30 0 29 1
34 0 48 1
62 0 23 1
96 2 97 2
3 1 43 1
23 0 9 1
55 0 17 2
34 0 88 1
85 0 5 2
14 0 17 2
68 0 22 2
1 0 35 1
79 0 10 1
70 0 38 2
21 0 62 1
40 0 16 2
63 1 67 1
91 0 97 0
43 0 63 2
42 2 28 1
70 0 57 2
96 2 6 1
3 0 28 1
37 0 71 1
8 0 16 1
70 0 7 1
59 0 91 0
8 0 39 1
13 0 45 2
41 0 82 2
74 0 58 2
65 2 38 1
13 0 28 1
68 0 36 2
82 0 29 1
79 0 2 0
64 0 75 2
32 0 38 1
20 0 100 1
67 0 100 2
33 0 29 2
81 0 19 2
65 0 86 2
32 2 28 1
2 0 62 1
52 0 84 1
55 0 87 2
78 0 19 2
54 0 31 2
85 0 49 2
27 0 63 2
78 0 20 1
95 0 100 2
36 1 1 2
47 2 66 1
6 0 52 2
23 2 5 1
70 0 86 1
36 0 13 1
22 0 5 1
58 1 7 2
16 0 94 2
81 2 22 2
52 2 11 1
53 1 1 1
87 2 34 1
34 0 67 2
44 1 60 2
36 0 33 1
79 0 67 1
82 1 44 1
68 0 99 1
30 0 13 2
91 0 7 2
62 0 90 0
13 0 16 1
80 0 57 0
15 1 86 2
88 0 29 1
46 0 12 2
19 1 92 1
68 0 38 2
98 0 40 2
81 0 47 1
76 2 77 1
36 0 16 2
23 0 6 1
61 1 46 2
35 0 78 0
14 0 4 1
86 2 68 2
8 0 57 1
81 0 15 2
33 0 65 2
57 0 2 1
87 0 65 1
27 0 42 2
90 0 47 2
5 0 83 2
19 0 22 0
13 0 50 2
14 0 39 1
19 2 33 1
63 0 83 2
93 2 21 1
16 0 63 1
98 0 97 0
41 0 23 1
63 0 32 2
32 2 97 1
84 0 95 0
37 1 64 1
64 1 69 1
11 2 83 2
58 0 54 1
66 1 10 2
56 0 35 2
72 0 23 2
43 0 86 2
81 2 91 2
15 1 17 1
86 2 53 1
84 1 59 1
41 1 3 2
72 2 5 1
57 2 21 2
43 0 49 1
77 0 33 1
61 2 33 1
28 0 90 2
25 1 38 1
67 2 51 1
67 0 19 2
74 0 34 2
30 0 7 1
15 1 51 1
77 2 99 2
37 2 30 1
47 1 98 2
52 0 60 2
69 1 74 1
42 0 39 0
31 0 43 0
15 0 51 0
30 1 85 1
88 1 7 1
11 0 61 2
48 0 50 2
17 0 29 2
35 0 82 1
42 2 68 1
3 1 58 2
87 2 74 1
97 0 18 2
98 0 55 1
69 0 57 2
78 1 30 1
58 0 68 0
6 0 25 1
70 0 45 2
48 0 8 2
39 0 14 1
87 0 100 1
15 0 25 1
48 2 38 1
20 0 63 0
13 0 44 1
16 0 42 2
15 2 24 2
67 0 100 2
56 0 88 2
66 2 68 2
2 0 54 2
33 0 5 0
42 0 11 0
15 1 60 1
93 1 43 2
27 0 84 2
80 0 24 1
72 1 30 1
64 0 67 1
2 2 24 2
39 0 29 1
60 0 8 2
86 2 9 1
20 2 2 1
45 0 29 1
66 0 29 1
23 2 50 1
30 0 26 2
13 0 84 1
85 0 94 1
25 2 58 2
77 0 8 0
68 0 97 1
14 0 64 2
48 2 34 1
57 0 50 2
36 0 29 2
17 0 23 1
71 0 81 2
26 2 77 1
10 2 45 1
72 2 49 1
48 0 76 2
99 0 54 2
85 1 34 1
56 0 97 2
71 0 9 1
10 0 23 1
8 0 94 1
