100 9889
73 1 18 2
55 2 83 1
18 1 65 2
5 1 71 1
30 0 54 0
54 0 12 2
84 0 68 1
44 2 86 2
12 0 26 2
81 0 15 1
48 0 68 2
7 0 65 2
7 0 17 1
51 0 74 1
91 0 100 2
23 1 62 2
19 0 46 1
94 0 47 2
46 0 40 2
27 1 65 2
10 0 23 1
83 0 63 0
59 2 89 2
50 0 32 2
49 0 84 1
58 0 19 2
45 0 56 2
72 0 36 1
88 0 21 0
96 0 43 2
32 0 83 1
45 1 95 1
20 0 11 1
56 2 3 2
35 0 99 2
83 0 12 1
6 2 99 2
34 0 21 2
17 2 23 2
40 0 21 0
21 0 95 2
76 1 71 2
73 0 38 1
48 1 9 2
51 1 26 2
40 0 56 1
13 0 59 1
24 0 42 0
14 2 92 1
6 0 75 2
57 0 97 1
46 0 68 1
70 0 52 1
20 0 13 2
7 0 35 1
91 0 14 1
70 0 66 1
78 0 33 0
9 1 27 1
65 0 52 1
34 0 86 2
66 1 43 2
48 1 68 2
65 1 58 2
44 0 78 2
30 1 48 2
22 0 12 0
77 0 97 2
11 0 14 1
18 0 66 1
38 0 98 2
22 1 94 2
33 1 7 1
93 0 22 2
96 0 89 1
83 0 14 2
3 0 77 1
91 0 27 1
100 0 83 1
14 0 29 2
22 0 37 0
41 2 37 2
44 2 40 2
57 0 81 2
5 0 50 1
76 0 10 0
20 0 40 1
70 0 86 2
12 2 54 2
1 2 96 2
69 0 83 1
96 0 25 1
27 2 55 2
17 0 37 0
60 0 43 2
33 1 25 2
36 0 100 2
45 0 99 2
92 0 30 0
67 0 2 1
37 0 17 2
51 0 92 1
22 2 95 1
39 2 82 1
53 1 62 2
68 0 74 2
61 0 35 2
45 0 59 1
24 2 60 1
65 0 55 2
61 0 68 1
52 0 75 1
45 0 32 2
37 0 44 1
37 0 41 2
44 0 3 1
48 1 86 1
68 2 72 2
39 0 97 2
30 2 36 2
65 0 7 2
94 1 44 2
45 2 53 1
23 1 36 2
76 1 9 2
82 0 24 1
98 0 86 1
79 2 85 1
57 0 97 2
27 0 87 1
91 0 38 2
95 0 3 1
91 0 64 2
21 0 30 2
7 0 86 2
67 1 21 2
79 0 29 2
86 1 16 1
35 0 99 2
10 0 11 1
21 0 96 2
36 0 76 1
42 0 89 1
17 1 36 1
40 0 45 2
60 0 5 1
89 0 73 2
48 0 25 2
72 0 28 2
89 0 13 2
92 1 24 1
53 0 50 2
99 0 58 2
69 0 39 1
11 1 33 2
35 0 26 2
7 0 54 2
97 2 32 2
3 0 78 1
7 0 85 2
97 1 63 1
54 0 35 1
29 0 30 1
7 0 38 2
35 0 11 1
10 0 92 1
74 0 66 2
30 2 39 2
36 1 85 1
25 0 13 2
88 2 53 1
61 0 88 2
32 1 74 2
38 2 41 2
14 0 63 2
43 2 96 1
85 0 28 1
83 0 100 1
95 0 90 2
39 2 37 2
90 1 55 1
52 2 7 2
9 2 62 1
36 0 10 1
57 0 85 2
76 0 86 1
71 1 37 1
37 0 24 1
51 2 18 2
87 0 22 1
86 0 26 1
88 0 76 0
17 0 19 2
32 0 4 2
65 0 26 2
54 0 66 1
53 0 51 2
67 0 53 2
100 2 77 1
4 0 96 1
58 0 39 2
55 2 58 1
43 0 37 2
53 0 62 2
93 0 94 1
68 1 83 1
73 0 68 0
69 0 30 2
58 0 23 1
38 0 27 1
95 0 71 2
56 1 47 1
99 0 13 1
3 1 92 1
2 2 62 2
4 0 25 1
22 1 95 1
31 1 96 2
95 0 83 2
71 0 75 1
82 0 89 2
41 0 94 1
1 1 72 2
84 0 46 0
43 0 76 2
29 0 59 1
67 0 55 1
92 1 78 2
40 0 2 1
2 0 84 2
63 0 100 2
24 0 54 0
32 2 95 2
52 0 12 1
51 1 34 2
95 0 53 2
20 0 40 2
94 0 18 1
5 0 69 0
54 2 25 2
24 0 91 1
73 0 20 1
56 0 32 2
23 2 83 2
34 0 47 2
16 0 12 1
90 0 37 1
7 2 91 2
10 0 70 1
15 0 7 2
33 0 97 2
92 2 47 2
67 0 15 2
56 2 66 2
69 0 22 2
12 2 5 2
33 0 6 1
4 1 17 1
70 1 25 1
4 1 83 1
27 1 11 2
55 0 46 0
40 0 8 2
95 0 33 2
16 0 85 2
2 2 38 2
62 0 13 2
7 0 85 2
98 0 72 1
71 0 99 1
99 0 30 2
52 0 15 1
47 0 86 1
95 0 99 2
29 0 35 2
10 0 68 1
60 0 9 2
57 0 79 1
22 1 5 1
7 0 67 2
76 2 3 2
50 2 62 2
13 0 14 1
17 0 55 1
34 1 70 2
12 0 60 0
37 0 96 2
77 0 86 1
69 0 28 2
44 0 73 1
86 1 80 2
93 0 99 1
48 0 9 1
16 0 97 2
30 0 66 1
35 2 93 2
14 1 75 2
8 2 62 1
23 0 30 2
93 0 90 1
54 0 84 1
2 1 84 2
4 0 35 2
10 0 31 0
75 0 49 2
46 0 51 2
70 0 84 2
26 0 30 1
1 0 6 2
57 0 12 2
24 0 19 0
26 2 63 1
52 0 80 2
18 1 20 1
38 0 7 2
70 0 42 1
58 0 68 2
95 0 22 1
76 0 73 1
76 2 23 1
57 0 74 2
13 0 6 1
82 0 86 2
42 0 23 2
53 1 35 1
97 0 61 0
13 2 7 2
41 1 63 1
49 2 28 1
51 0 91 1
86 0 76 1
81 0 62 0
95 0 88 2
73 2 33 1
48 0 5 0
22 2 23 2
86 0 91 2
85 0 47 2
66 2 6 1
53 0 31 1
46 0 68 2
6 0 48 2
63 0 66 1
8 2 10 1
46 0 2 1
72 0 56 1
33 1 21 1
83 0 55 1
60 0 49 2
69 0 57 1
24 1 89 2
63 0 90 1
18 0 85 1
83 1 98 2
63 2 18 2
80 0 88 1
79 0 48 1
90 0 6 2
51 0 24 1
77 0 92 2
48 1 79 2
9 0 5 0
24 0 36 1
84 1 39 1
75 0 64 1
41 1 71 1
55 0 70 2
94 0 47 2
88 0 14 2
1 0 43 1
87 1 1 2
94 0 13 2
43 0 47 2
50 0 84 1
9 0 24 2
94 2 10 1
15 1 36 2
74 1 76 2
54 0 96 1
24 0 76 2
80 0 7 1
10 1 24 2
65 0 26 1
56 1 77 2
50 0 45 2
63 2 21 2
52 0 44 1
99 2 23 2
5 0 55 1
82 0 67 2
45 1 87 1
35 0 8 1
12 1 19 1
44 1 60 2
12 0 56 1
26 1 7 2
87 0 5 2
29 0 22 2
63 0 17 1
85 0 22 1
31 1 51 2
45 0 23 2
1 1 98 2
71 0 3 1
20 1 77 1
39 1 67 1
96 0 36 2
46 0 57 1
9 0 93 1
21 0 19 1
68 0 8 1
60 0 22 2
30 0 75 2
69 0 41 2
83 0 30 1
78 0 82 0
24 0 30 1
43 0 93 0
18 0 37 2
8 1 74 2
47 0 53 2
34 0 99 1
10 0 17 2
62 0 21 2
87 0 8 2
45 2 82 1
31 0 44 2
19 0 53 2
71 0 78 1
89 0 22 1
68 1 75 2
54 1 34 1
41 0 40 1
17 0 73 2
84 1 77 2
94 0 77 0
98 0 18 2
7 1 69 1
73 2 69 1
57 0 99 1
92 0 85 2
27 1 71 2
56 0 92 0
32 0 52 2
12 0 53 1
84 0 16 2
28 2 95 1
95 1 67 2
61 0 13 2
19 2 20 2
12 2 69 2
52 1 36 1
22 2 95 1
23 0 82 0
10 0 3 1
6 2 96 2
8 0 34 1
3 1 69 2
99 0 12 0
81 0 41 1
29 0 51 2
84 0 73 2
97 0 20 2
89 0 18 0
21 0 18 1
78 0 27 1
34 0 86 1
41 2 1 1
65 0 13 2
19 0 5 2
49 2 94 2
86 1 77 1
59 1 77 0
22 0 14 2
65 0 80 2
84 0 81 1
50 0 56 2
92 0 61 2
75 2 16 2
72 0 21 2
87 0 39 1
12 2 87 1
76 0 60 0
91 0 50 2
96 0 59 2
90 1 42 2
38 0 56 2
80 2 43 2
29 0 6 2
47 0 33 0
3 2 67 1
34 0 68 1
62 0 4 2
28 1 33 2
13 1 32 2
16 0 26 2
86 0 2 2
43 2 35 2
84 1 65 1
52 0 46 2
36 0 22 2
43 0 86 2
45 1 4 1
98 0 12 2
27 0 31 1
36 0 8 2
44 0 92 0
42 0 49 1
54 0 16 1
84 2 20 1
57 0 25 0
42 0 19 2
30 2 21 1
93 0 67 2
38 0 27 1
68 0 60 2
7 0 84 2
17 0 39 1
50 1 61 2
68 1 29 1
84 0 76 1
57 0 9 1
92 0 17 1
74 1 30 1
2 1 4 2
87 2 20 2
82 0 11 1
89 2 67 2
84 0 45 2
95 0 31 1
84 0 6 2
95 0 86 2
6 0 51 2
42 0 56 2
90 1 3 1
37 0 39 2
33 0 90 2
58 0 20 2
54 0 30 1
69 0 97 2
27 1 75 2
38 0 19 0
14 1 66 2
75 1 52 1
37 0 46 2
15 0 73 2
58 0 20 2
11 0 71 2
48 0 24 0
48 0 45 1
31 0 94 1
3 1 9 2
14 1 86 1
83 0 63 1
59 1 63 2
1 1 91 1
100 0 90 1
33 0 18 2
26 0 64 2
50 0 26 2
30 1 51 1
4 2 20 2
18 0 61 1
61 0 26 1
75 2 23 1
89 0 82 0
69 0 10 2
99 0 3 2
90 1 4 2
23 0 40 1
89 1 21 2
20 0 55 1
47 2 85 1
17 0 92 2
86 0 59 2
25 0 60 0
64 2 19 1
95 0 6 1
90 1 96 2
96 0 33 1
61 0 41 2
63 1 37 2
15 2 61 1
53 1 7 1
30 0 83 2
6 0 18 0
89 2 82 2
93 0 98 2
99 2 20 1
24 1 89 1
32 0 75 0
9 1 47 1
19 0 80 2
90 1 1 2
43 0 49 1
71 0 5 2
18 0 69 1
80 0 53 2
92 1 37 1
1 0 83 2
85 0 81 2
41 2 16 2
37 0 43 2
71 0 43 0
6 0 33 1
18 0 91 1
48 2 93 2
42 0 75 2
29 0 3 2
19 0 4 2
23 1 42 1
39 0 65 1
40 0 64 1
93 0 64 1
6 0 13 2
30 0 39 0
75 0 59 1
12 1 69 1
95 0 69 0
5 0 93 0
55 1 79 2
58 0 39 2
7 0 1 2
21 0 98 0
15 2 99 1
25 1 37 2
44 2 94 2
7 0 23 1
80 0 15 2
14 0 73 1
16 0 15 1
78 0 86 1
72 0 41 2
81 2 96 2
91 0 35 2
99 0 56 2
77 0 36 2
56 0 49 1
3 0 76 0
11 0 80 0
50 0 92 1
51 0 68 1
42 2 25 1
35 0 46 2
61 0 56 2
72 2 77 2
44 0 99 1
91 0 62 1
67 1 17 2
26 0 46 1
21 0 93 1
93 0 55 2
92 1 45 2
48 1 27 1
5 0 16 1
18 0 48 2
86 2 43 1
83 0 10 0
87 0 76 1
99 1 29 1
43 1 42 2
15 0 79 2
14 0 83 1
34 0 81 2
65 1 34 2
73 0 59 2
45 0 2 1
71 0 5 0
37 0 47 2
45 2 35 1
1 0 8 1
9 1 69 0
17 0 51 1
6 0 84 2
34 0 68 1
25 0 50 2
79 0 23 2
31 0 41 1
76 2 4 1
34 1 43 1
6 0 95 0
32 0 72 0
62 0 78 1
47 1 96 2
50 0 97 2
74 0 48 2
80 1 4 2
74 0 73 2
56 1 17 2
18 0 43 1
20 0 30 2
28 0 6 2
16 0 48 2
21 0 93 2
11 0 76 2
34 0 97 2
83 0 87 1
82 0 30 2
76 0 41 2
37 0 11 1
1 0 86 2
49 0 80 1
3 0 68 0
86 0 95 2
17 0 28 2
61 0 92 1
54 0 49 1
78 0 9 1
72 0 88 1
5 1 89 2
19 0 23 1
15 0 32 2
28 0 99 0
40 0 14 2
57 1 35 2
87 0 13 2
93 1 78 2
9 2 28 1
44 0 90 2
8 2 46 2
39 0 71 0
42 0 14 1
62 0 36 1
50 2 87 1
34 0 12 1
41 0 3 1
7 0 83 2
81 0 11 1
92 2 40 2
29 2 77 2
29 0 19 2
66 0 77 0
71 0 56 1
86 1 20 1
71 0 4 1
50 0 100 2
29 0 64 2
73 0 61 0
28 0 84 2
2 0 48 1
77 0 58 2
88 2 86 2
85 1 20 2
29 0 66 2
71 2 42 2
31 0 40 1
18 0 99 2
9 0 76 1
33 0 59 1
11 0 78 1
20 0 16 0
4 0 43 0
72 0 95 2
28 2 40 2
35 0 77 2
57 0 73 1
100 0 72 2
81 0 22 2
78 1 57 1
59 2 99 2
51 1 71 2
61 0 56 2
80 0 42 2
42 0 10 2
26 0 96 0
73 1 68 2
61 0 8 1
42 0 47 2
84 0 13 1
41 0 3 2
35 0 41 1
96 0 47 2
53 2 68 1
50 0 23 1
24 1 86 2
86 0 92 2
34 0 40 2
82 0 76 2
46 0 17 1
73 0 1 1
78 0 24 2
96 0 94 1
58 0 27 2
97 2 12 2
58 0 32 2
75 2 16 1
77 2 37 2
67 0 65 1
73 2 98 2
83 0 49 2
35 0 55 2
16 0 10 2
5 0 98 1
8 2 57 2
62 0 15 1
88 2 64 1
9 0 7 2
30 1 12 2
13 1 23 1
4 0 81 0
23 0 11 1
13 1 58 2
96 0 90 1
12 1 68 2
44 2 82 2
55 2 61 1
62 0 7 0
39 2 82 1
40 2 18 2
33 0 57 1
36 1 78 2
93 0 82 2
91 0 60 2
38 0 2 2
6 2 89 2
15 0 9 1
45 0 21 2
97 0 16 1
12 1 1 2
44 0 28 1
64 0 67 0
69 0 83 1
83 2 18 2
21 1 62 1
49 0 72 2
46 1 10 1
65 0 56 1
10 0 27 1
63 0 16 1
82 0 28 2
50 0 23 2
93 0 45 1
71 0 16 2
31 0 14 1
97 1 18 2
70 0 95 1
69 0 86 1
28 0 33 0
88 1 93 1
32 2 96 1
91 0 86 2
72 0 7 0
1 1 57 2
79 0 88 2
40 1 20 2
22 0 86 1
73 1 30 1
97 2 53 2
57 0 5 2
98 0 50 1
48 1 46 1
79 1 38 1
24 0 82 0
2 0 35 0
79 1 97 2
78 0 32 1
96 0 63 2
91 0 48 1
92 0 18 2
66 2 73 2
10 1 19 2
78 0 49 2
62 0 79 1
86 0 13 1
2 0 100 2
40 0 51 1
27 0 13 1
6 1 39 1
24 0 76 2
96 0 32 1
44 0 59 1
33 0 27 1
23 0 92 2
95 0 90 2
54 1 46 2
71 0 59 1
82 0 62 1
71 0 99 1
61 0 95 1
91 0 43 2
92 0 32 1
41 0 94 1
25 0 32 2
60 0 86 1
30 0 41 1
13 2 46 2
27 1 85 2
31 0 13 2
90 0 47 2
20 0 23 1
27 0 38 0
92 0 65 1
57 0 63 2
64 0 91 1
91 0 5 1
38 2 80 2
16 0 52 2
6 0 79 2
9 0 3 0
14 1 2 2
30 0 59 2
53 2 87 2
98 0 99 2
92 0 74 2
78 0 27 1
64 0 44 2
55 1 21 1
2 2 92 1
8 1 2 2
77 0 56 1
64 0 75 0
33 0 90 2
76 2 44 1
26 0 92 2
81 0 68 2
15 0 63 0
86 0 28 1
94 0 51 0
15 0 42 1
61 0 2 1
74 1 69 1
98 0 43 1
94 1 37 2
84 0 38 2
92 0 56 1
69 1 72 2
39 0 11 2
67 0 73 1
26 2 1 2
74 0 73 2
86 0 45 2
79 2 86 2
25 0 49 2
92 0 61 0
29 0 8 1
11 1 57 1
74 0 73 2
26 2 71 2
2 2 50 2
97 0 63 1
6 1 7 2
95 0 27 1
32 1 5 1
57 0 29 2
43 1 50 2
85 0 90 1
96 0 56 2
35 0 31 1
65 0 2 2
90 1 17 2
15 0 5 1
4 1 84 2
98 0 88 1
65 0 78 2
9 0 1 2
3 0 4 0
86 1 6 1
97 1 26 1
28 0 56 1
76 0 24 2
1 0 76 2
57 0 51 1
78 2 18 2
94 1 10 2
36 0 28 2
92 0 75 2
35 1 96 1
84 1 62 1
86 2 37 2
69 0 56 1
84 1 29 2
67 0 28 2
34 0 49 2
90 0 26 0
41 2 35 1
96 0 13 2
18 0 37 0
53 2 91 1
100 0 6 1
93 1 19 2
20 0 77 2
87 2 1 2
11 0 93 1
93 1 91 1
13 2 75 1
7 0 71 2
13 0 96 1
94 0 14 1
36 0 74 1
68 0 13 1
54 0 5 2
64 0 27 1
58 0 44 2
77 0 45 2
69 0 7 0
36 0 33 0
24 0 64 1
80 1 30 2
9 0 52 0
94 0 60 2
45 1 25 1
11 0 82 1
13 2 71 2
8 1 21 1
50 0 30 2
48 2 93 2
38 2 60 1
1 1 57 2
85 0 14 2
77 0 22 1
10 0 91 0
46 0 30 1
56 2 77 2
66 1 12 1
2 0 97 2
42 0 34 2
33 0 75 2
25 0 47 2
74 1 28 2
52 0 20 1
81 0 8 1
41 2 98 1
92 1 5 1
61 0 92 2
54 0 13 1
33 0 97 2
58 0 7 1
37 1 77 2
63 0 64 1
53 0 55 2
4 1 36 1
70 0 32 2
38 0 8 1
11 0 35 0
2 0 99 2
68 1 19 1
94 2 6 1
83 1 95 2
12 0 21 0
69 0 72 1
69 0 90 2
72 2 91 1
86 0 22 1
56 0 18 0
55 0 97 1
33 0 50 2
41 1 93 2
4 2 31 2
78 0 30 2
84 0 94 0
37 0 54 1
29 0 4 1
92 0 40 1
44 0 84 1
56 1 82 2
93 0 90 1
94 0 60 1
82 2 1 2
87 0 53 1
69 0 23 2
87 0 11 2
60 0 9 1
87 0 15 1
100 2 65 2
21 0 92 2
40 0 37 0
98 0 12 2
99 1 70 1
95 1 21 2
46 2 95 2
70 0 79 2
100 1 32 2
2 0 28 1
63 0 83 1
11 0 91 0
38 1 12 2
33 0 88 1
22 0 97 0
36 1 16 1
16 0 54 1
90 2 18 1
72 0 62 0
36 0 64 1
32 0 49 1
39 0 30 2
54 2 72 1
39 0 20 1
21 0 56 1
56 0 83 1
65 0 25 0
78 0 85 2
69 0 53 2
91 0 39 1
56 2 87 1
19 0 80 1
41 0 96 1
42 0 34 1
80 1 81 1
80 0 48 2
17 1 70 2
82 0 38 1
77 0 14 1
22 2 77 2
65 0 74 2
6 1 26 2
20 0 11 1
71 2 41 2
72 0 51 2
52 0 56 2
79 0 86 1
11 0 97 2
32 0 15 0
86 2 93 2
88 1 60 2
92 1 38 2
47 1 64 2
63 0 56 1
47 0 14 1
60 0 38 1
47 1 90 2
99 1 24 1
53 1 2 2
53 0 88 1
89 0 73 1
23 2 54 2
48 0 5 1
42 1 62 2
76 1 18 2
83 0 100 1
58 0 91 1
25 0 79 1
34 0 19 2
15 0 4 2
91 0 23 1
35 0 70 2
68 0 12 0
25 0 39 1
9 0 90 1
24 0 94 2
98 1 16 1
83 1 35 1
84 0 21 2
55 0 19 0
67 0 10 0
16 0 32 2
36 0 76 1
97 0 4 1
95 0 89 0
96 0 29 1
38 2 94 2
83 0 13 1
44 1 13 2
32 0 99 0
100 0 39 2
35 0 74 1
19 0 54 1
94 0 82 0
81 1 74 2
71 1 5 1
24 2 21 1
77 0 58 1
54 0 11 2
41 0 8 1
88 1 73 1
68 0 71 0
100 0 23 0
4 0 82 0
33 0 74 2
35 0 71 1
41 1 93 2
20 0 49 2
4 0 50 1
69 0 92 2
28 1 56 2
66 0 80 1
82 0 40 2
4 2 82 2
27 0 67 1
30 1 41 2
78 1 34 2
66 1 35 2
22 1 74 2
93 0 48 1
23 0 27 2
42 1 91 2
11 0 10 1
30 2 68 2
1 0 51 2
67 0 56 1
15 0 7 0
49 2 97 2
26 0 39 1
58 0 37 1
44 0 30 1
56 0 31 0
5 0 68 2
86 2 31 2
93 0 40 1
59 1 63 2
88 1 33 1
83 0 13 1
12 0 22 1
9 0 44 0
19 0 37 2
89 2 18 1
85 0 19 2
19 1 69 1
78 0 63 2
64 2 20 1
66 1 72 2
58 0 87 2
8 2 10 1
3 0 83 0
35 0 44 2
18 0 28 2
96 0 87 2
94 0 27 2
80 0 49 1
11 2 71 2
50 0 13 1
25 1 37 2
66 1 44 1
91 0 85 2
54 0 63 0
47 0 49 1
76 0 67 0
51 0 76 1
51 2 82 1
74 2 34 1
40 1 85 2
68 0 60 0
39 0 95 0
31 2 69 2
52 0 40 2
7 0 78 2
45 0 41 2
42 0 8 2
34 0 33 2
99 1 41 2
9 1 7 2
16 0 100 2
28 1 21 2
52 0 38 2
22 2 93 2
50 0 73 2
63 1 85 1
71 0 14 1
37 0 31 2
41 2 58 1
27 0 9 2
44 0 58 2
99 1 12 1
93 0 22 1
74 2 61 1
3 1 37 1
65 0 38 2
43 0 4 1
84 0 80 1
75 0 44 1
85 0 50 2
80 2 40 2
23 0 66 2
28 2 25 1
42 0 55 1
22 0 65 1
13 2 93 1
10 0 21 2
57 0 41 1
61 0 79 2
5 2 89 2
51 0 91 0
19 0 7 1
33 0 62 2
47 0 49 1
82 0 38 2
34 0 62 2
45 0 14 0
77 2 91 2
97 0 15 2
95 0 94 1
23 0 3 1
76 1 44 1
12 2 60 1
16 0 11 2
19 0 99 1
78 0 12 2
37 0 39 2
12 2 93 2
2 0 61 1
30 0 62 1
36 0 56 1
34 0 98 2
48 0 98 1
75 0 26 0
56 0 52 2
6 0 2 2
60 0 14 1
4 1 28 2
2 0 25 0
65 0 53 2
7 0 89 1
12 0 18 0
95 1 20 1
86 0 2 1
11 0 9 2
31 0 40 2
58 0 22 1
99 0 12 0
2 0 87 2
99 1 86 1
87 0 12 2
25 0 95 2
78 0 75 1
65 1 96 2
78 0 81 2
19 0 27 2
68 1 54 2
27 1 29 2
43 0 56 2
87 0 85 2
3 0 49 2
9 2 96 2
6 0 81 2
57 0 84 1
72 1 60 2
18 0 32 1
88 2 92 1
20 0 22 1
82 0 90 1
78 0 64 1
36 0 41 2
96 0 83 2
97 2 92 1
47 0 16 1
42 0 23 1
61 0 3 1
90 0 88 1
85 0 62 0
10 0 73 2
59 2 4 2
22 2 75 1
6 0 11 1
52 1 51 2
83 0 93 2
78 0 55 2
54 2 19 1
100 0 81 0
32 2 64 2
93 0 94 2
54 0 35 0
67 0 95 0
72 0 38 1
93 1 78 2
28 1 52 1
91 0 19 1
21 0 35 1
14 0 7 1
17 0 45 1
100 1 90 1
88 1 68 2
79 0 93 1
19 1 37 1
28 1 64 2
31 2 34 1
46 1 52 2
15 0 38 2
45 2 29 1
3 1 11 2
61 0 27 1
84 0 15 1
92 0 62 2
85 0 84 1
31 0 23 2
16 0 25 2
58 0 79 1
17 1 99 1
47 0 58 1
7 2 21 2
86 0 74 1
16 0 43 1
59 2 45 2
76 2 63 1
76 2 26 2
2 0 20 0
96 0 74 1
72 0 61 0
89 0 1 1
66 0 82 1
35 0 41 1
75 0 13 1
36 0 68 2
99 0 79 1
11 0 90 2
13 0 49 2
64 0 47 2
49 2 61 2
10 0 73 1
52 0 10 0
23 0 17 2
44 0 28 2
11 0 16 2
14 1 6 1
1 0 25 1
20 0 8 1
68 2 31 2
76 0 92 2
73 0 39 0
98 0 9 2
67 0 14 1
33 0 85 1
47 1 21 2
10 0 62 1
17 2 72 2
51 0 41 2
41 0 97 2
26 0 60 1
51 0 89 0
76 1 3 2
90 1 47 2
30 0 35 2
76 1 19 2
68 1 17 2
16 0 32 1
87 1 50 2
2 1 26 2
75 1 43 2
74 0 54 0
52 0 66 2
47 2 31 2
95 0 97 1
6 1 43 1
25 0 88 2
73 1 59 2
29 0 69 0
20 0 73 1
11 0 95 2
13 0 23 0
93 2 62 2
4 1 53 2
41 0 25 1
71 0 30 1
73 1 21 1
88 0 80 1
9 2 98 1
14 1 84 2
98 1 93 2
43 0 68 2
9 0 67 0
78 0 76 2
93 0 38 1
85 2 82 1
17 0 20 0
23 0 65 1
31 1 62 1
51 0 29 2
20 0 64 1
61 0 38 2
98 0 49 1
77 0 74 2
86 0 35 1
10 2 57 1
70 0 19 1
50 0 51 2
90 2 87 2
8 1 43 2
70 0 89 1
46 0 10 2
13 2 29 1
55 2 24 2
90 1 26 1
41 0 95 0
37 0 97 1
1 0 82 2
37 0 41 1
82 0 80 2
6 0 49 1
7 0 86 2
88 1 49 2
29 0 51 1
45 2 61 2
38 2 78 2
84 1 63 1
39 0 91 2
77 0 30 2
1 2 96 2
92 0 62 1
5 0 56 1
82 0 99 1
89 0 97 1
18 0 26 2
50 0 26 2
87 0 13 1
90 2 12 1
94 1 82 1
87 0 44 1
27 2 12 1
66 1 42 1
54 0 88 1
11 0 30 0
35 0 52 1
62 0 71 2
21 0 36 2
65 0 44 1
49 1 65 2
27 0 34 1
60 0 15 1
2 0 58 2
77 0 67 2
2 2 31 2
48 0 90 2
80 0 37 2
64 1 25 1
39 0 73 1
59 1 92 1
16 0 79 1
77 0 11 2
51 1 65 2
58 0 24 2
91 0 9 1
74 1 45 2
80 2 10 2
51 0 77 1
20 1 50 2
20 0 94 2
59 2 29 2
49 2 44 1
29 0 7 0
81 0 76 2
98 0 74 1
25 0 24 1
23 1 20 1
65 0 54 1
75 0 74 2
1 0 71 2
25 0 12 2
45 1 90 2
67 0 46 1
45 2 5 2
22 0 9 0
15 0 78 0
84 0 95 0
2 1 5 1
61 0 50 2
33 0 93 2
16 0 5 1
57 0 44 1
55 0 80 2
65 0 27 1
7 0 88 2
4 0 97 1
10 0 90 2
41 1 71 2
60 0 54 1
47 2 34 1
52 2 33 2
46 1 54 1
49 1 46 1
19 0 24 1
84 0 44 1
27 0 50 0
93 0 68 2
14 1 55 1
35 0 90 1
49 1 61 1
81 1 15 1
31 1 96 2
11 2 26 1
59 0 20 2
41 0 74 2
21 0 99 2
54 1 1 1
54 1 78 1
25 0 85 1
1 0 27 2
72 0 100 2
88 1 98 0
65 0 89 1
89 2 69 2
35 0 63 2
69 0 51 1
100 0 22 1
93 0 5 1
95 0 30 2
5 0 68 2
46 0 81 2
95 1 89 2
45 0 59 2
15 1 37 1
26 0 87 1
49 0 59 1
69 0 3 1
77 0 87 2
30 0 44 2
96 0 87 2
5 1 29 1
94 1 61 1
58 0 70 2
85 0 80 2
53 2 63 2
25 0 15 1
80 1 15 1
22 1 96 1
58 0 64 2
37 0 44 2
24 0 46 0
55 2 52 2
43 1 77 2
60 0 41 2
36 0 23 2
72 1 82 2
20 0 32 2
87 1 78 1
78 0 32 2
74 0 35 2
91 0 44 1
82 0 54 1
69 0 85 1
73 0 46 1
67 0 49 2
33 0 13 2
46 0 75 1
91 0 41 2
99 2 50 2
84 0 45 2
57 0 22 1
63 2 37 1
88 0 72 2
33 0 77 2
1 0 54 1
41 0 99 2
98 0 19 1
89 0 72 2
84 0 45 2
5 0 20 0
80 0 27 1
39 0 6 1
75 0 53 1
2 1 33 2
54 1 7 1
27 0 37 1
13 0 95 2
88 0 41 0
75 0 59 1
37 0 41 2
65 2 77 2
21 0 2 2
36 0 4 1
98 0 97 2
71 0 14 1
5 0 24 2
33 0 5 1
25 1 57 2
92 0 25 0
51 0 27 2
20 0 32 1
88 0 76 1
100 1 79 2
8 2 19 2
74 0 72 1
96 0 93 1
61 0 5 1
7 0 63 2
26 0 10 0
49 1 93 2
69 0 56 2
37 1 61 2
53 0 14 1
12 0 83 2
38 1 57 1
12 0 10 2
19 0 92 1
17 0 26 2
80 0 2 1
55 1 35 1
53 0 68 0
77 0 53 1
35 0 25 0
21 0 43 1
50 0 9 2
21 0 93 1
90 0 25 2
89 0 74 1
63 1 89 2
59 0 20 1
81 0 36 2
87 0 83 2
16 0 19 2
15 2 41 2
31 0 68 1
83 1 52 2
18 1 19 1
86 0 62 0
57 0 86 1
45 1 24 1
47 1 45 2
40 0 76 1
14 0 20 2
78 0 10 1
17 0 56 1
16 0 6 1
69 0 14 1
49 0 9 2
65 0 90 2
92 1 89 2
89 0 88 2
46 1 86 2
54 2 46 2
14 1 54 1
20 0 56 2
56 1 77 2
72 0 1 1
15 1 18 2
69 0 13 2
64 2 77 2
85 0 27 2
72 0 66 1
19 0 67 1
11 0 46 0
90 0 89 0
75 0 48 1
65 2 82 2
50 0 28 1
3 1 88 2
14 0 24 0
32 2 20 1
88 1 86 2
85 0 19 0
2 0 73 2
68 0 26 0
53 1 91 2
35 0 50 1
55 2 33 1
1 0 74 2
44 0 100 2
5 1 62 1
3 1 84 1
100 0 56 1
60 1 65 2
46 0 32 1
31 0 12 2
55 0 56 1
48 1 32 2
9 0 36 1
97 0 55 0
70 0 79 2
7 1 72 2
32 2 4 2
12 2 7 1
37 0 41 1
63 2 65 1
83 0 73 2
51 0 66 1
93 0 30 1
7 0 67 1
18 0 93 0
42 1 93 1
50 0 58 0
45 0 76 2
87 0 53 2
40 2 6 2
14 0 62 2
12 2 34 2
35 0 80 1
68 1 44 2
61 0 86 1
29 0 71 2
67 1 63 1
96 0 100 2
25 0 77 0
89 0 66 1
72 1 19 2
53 1 38 2
4 0 84 1
34 0 42 2
12 0 7 2
6 0 4 2
84 2 31 2
64 1 92 2
82 0 99 1
38 0 48 2
14 0 24 2
70 0 83 1
64 1 62 1
25 0 4 1
99 2 50 2
11 2 99 1
28 1 17 2
100 1 44 1
42 0 99 2
5 0 68 1
71 1 65 2
30 0 5 1
30 1 15 1
53 0 22 2
79 2 57 1
42 0 55 2
68 0 59 1
26 2 31 2
45 0 46 2
6 0 72 2
40 2 87 2
89 0 60 2
1 0 53 2
35 0 3 1
23 0 64 1
84 0 52 2
63 0 21 2
26 0 78 1
36 0 17 2
27 0 14 1
88 2 42 1
82 0 56 2
24 0 45 1
1 0 15 1
96 0 18 2
23 1 40 2
87 0 66 1
28 2 38 1
85 0 15 2
36 0 87 2
4 0 80 0
61 0 36 2
87 0 72 2
4 0 34 2
92 0 50 1
75 2 54 2
73 1 18 1
6 0 18 2
4 0 67 0
70 0 46 2
96 0 42 2
80 0 44 2
98 0 15 2
86 1 36 2
82 0 55 1
55 2 29 1
39 0 15 2
45 2 15 1
77 0 20 2
7 1 61 2
14 1 84 2
48 0 28 0
9 1 36 1
22 2 92 2
13 0 7 1
31 1 95 1
70 1 96 2
48 2 34 1
80 0 15 2
80 2 85 1
33 0 14 2
80 1 47 2
24 0 11 2
15 0 81 0
53 0 11 1
33 0 3 1
32 0 90 1
16 0 44 2
64 1 51 1
52 1 87 1
91 0 47 2
61 0 55 1
74 0 37 0
15 0 21 0
62 0 76 1
39 0 92 1
55 0 93 2
31 0 52 1
40 2 23 1
46 0 2 2
18 0 68 1
40 2 36 2
33 0 55 1
21 0 28 2
68 0 84 1
77 0 94 2
63 0 66 2
30 1 7 2
41 0 31 0
72 2 33 1
98 0 94 1
78 1 70 1
36 0 79 1
62 0 44 1
5 0 41 2
7 1 98 1
35 0 94 2
24 0 47 2
99 1 69 2
24 1 99 2
39 1 99 2
44 0 2 2
18 0 53 2
28 2 38 2
15 0 3 2
19 0 86 1
75 1 70 1
56 0 54 0
36 0 49 2
31 2 65 1
35 2 70 2
25 0 10 2
61 0 50 1
27 0 65 2
90 0 42 2
12 0 76 2
28 0 20 2
6 0 49 2
10 0 39 1
20 0 47 1
16 1 7 2
73 1 33 0
91 0 63 2
48 0 41 2
96 0 34 1
86 0 93 1
42 2 96 1
16 0 52 1
74 0 29 0
73 2 86 2
44 0 88 2
83 0 47 2
20 0 46 1
50 0 21 0
12 2 18 2
14 2 4 1
63 1 23 2
34 0 23 2
80 0 36 1
85 0 64 1
72 0 39 2
3 0 100 2
24 1 89 1
80 0 72 1
53 1 40 1
35 1 82 1
55 2 52 2
12 1 33 2
39 1 85 1
16 0 44 1
62 0 98 0
79 2 61 2
1 1 33 1
1 0 32 1
89 2 37 2
3 1 75 2
34 0 87 0
64 2 11 2
14 0 2 2
34 0 81 1
56 2 39 1
89 2 85 1
18 0 71 1
49 0 12 1
64 0 27 1
97 2 11 2
16 0 48 2
25 0 89 2
96 0 13 2
7 1 21 2
97 2 24 1
82 0 6 2
96 0 16 1
35 0 60 1
98 0 67 2
50 2 33 2
31 0 51 2
75 1 69 1
51 1 19 1
74 0 94 2
47 0 49 2
57 0 8 2
90 0 89 0
77 0 28 2
64 1 49 2
37 0 90 1
77 0 53 2
58 0 11 1
33 0 14 1
37 0 99 2
30 0 70 1
94 0 99 0
37 0 7 0
39 0 46 1
81 1 30 2
76 0 8 1
73 2 66 2
28 1 62 2
70 0 10 2
86 2 23 2
69 0 78 1
75 1 16 2
29 0 97 1
61 0 22 2
64 0 80 2
11 0 46 2
12 2 34 1
31 0 60 0
24 2 98 1
75 2 51 2
90 0 80 0
75 0 54 0
26 0 94 1
92 0 31 0
15 0 59 1
12 0 48 1
48 1 5 2
3 2 5 2
5 0 79 1
57 1 62 2
56 1 55 1
12 0 2 1
50 0 4 2
47 1 75 2
16 0 46 2
90 0 18 1
21 0 26 2
72 0 16 1
63 2 33 2
15 0 79 1
79 2 13 2
34 1 60 1
18 0 94 2
63 0 56 2
64 1 17 1
73 0 74 2
91 0 85 1
44 1 20 1
31 2 70 2
16 0 51 1
58 1 91 1
88 0 86 2
26 0 46 0
64 0 26 2
14 0 36 0
61 0 9 1
46 0 67 1
32 0 3 0
15 2 62 1
78 0 65 1
84 2 19 2
44 2 16 2
3 1 94 2
51 0 75 2
82 1 35 2
84 2 39 2
55 0 11 0
71 0 11 1
79 2 45 2
34 0 6 1
86 0 59 1
36 0 73 1
21 0 23 2
87 0 72 2
7 0 14 2
2 0 5 0
99 1 20 2
95 1 71 2
17 1 78 2
33 0 97 1
79 2 15 1
59 0 32 1
56 0 93 1
52 1 23 1
26 0 23 2
38 0 55 2
68 0 41 2
26 0 20 1
79 2 13 1
6 1 99 1
38 0 8 2
11 2 18 1
25 2 62 2
13 2 55 2
77 0 1 2
1 0 30 1
33 0 88 2
58 0 27 2
3 0 62 0
83 0 41 2
7 0 6 1
24 0 79 2
14 2 60 1
6 0 70 2
49 1 35 1
67 0 40 1
60 0 83 2
84 0 9 1
51 0 78 0
29 2 7 1
100 1 10 2
10 0 66 1
7 0 48 2
16 0 18 1
49 1 100 1
71 1 16 2
96 0 61 2
77 0 34 1
21 0 4 2
62 0 53 2
100 2 42 1
100 1 10 1
99 1 81 2
29 0 80 1
49 0 75 1
80 0 90 2
72 0 23 1
42 0 52 2
61 0 15 1
89 0 53 1
90 1 78 1
30 0 56 2
87 0 53 1
89 0 28 1
11 0 88 1
18 0 78 1
85 0 98 1
70 0 27 1
92 2 46 2
48 0 30 0
42 0 80 1
34 0 80 1
47 0 96 2
36 1 87 2
75 0 72 1
100 2 47 2
59 0 83 0
51 0 54 0
53 2 29 1
31 2 34 2
14 1 55 1
29 0 21 1
94 1 5 1
75 1 39 1
24 0 56 2
46 0 82 0
10 0 9 1
84 0 2 1
43 1 67 2
65 0 83 2
73 1 34 2
31 1 46 2
36 0 23 2
84 0 62 2
88 1 36 2
74 2 67 2
69 0 14 1
58 0 97 1
51 2 6 2
68 0 2 2
32 0 15 2
93 0 56 2
43 0 20 2
1 0 97 1
69 0 26 1
99 0 90 2
51 0 87 2
16 0 98 2
77 0 40 2
12 0 74 1
89 2 69 1
87 0 56 1
7 1 57 2
14 0 73 1
64 1 72 1
9 0 87 2
53 0 27 1
71 1 12 2
44 0 20 0
33 0 67 1
68 0 74 1
2 2 1 2
52 2 72 2
48 2 54 1
14 2 29 2
61 2 93 2
46 1 58 1
4 0 2 2
87 0 6 1
78 0 40 2
43 1 19 1
70 2 7 1
57 1 82 2
14 0 56 1
4 2 21 1
34 1 95 2
74 0 20 0
27 2 7 2
13 0 89 2
49 0 32 2
87 0 6 1
62 0 80 1
49 1 5 2
34 0 74 1
85 0 22 2
26 0 8 1
89 0 8 2
48 1 19 1
15 0 2 1
29 0 50 1
27 2 4 1
81 1 67 2
97 0 67 0
87 0 55 2
49 1 22 2
26 0 88 2
19 0 81 1
54 1 12 2
37 0 67 1
90 2 48 2
6 2 31 1
28 1 51 2
8 0 89 0
19 0 27 1
50 0 34 0
92 2 67 2
49 0 5 0
73 2 4 1
92 2 36 1
25 0 75 2
92 0 30 0
19 0 15 2
20 0 8 1
60 0 56 2
1 0 68 1
1 0 27 1
59 1 12 1
59 1 9 1
55 1 95 2
40 2 70 1
37 0 89 1
80 2 34 1
3 0 43 0
46 0 84 2
98 0 36 2
20 0 75 2
97 0 6 0
34 0 51 2
40 0 5 2
76 1 5 1
71 0 72 0
13 1 87 2
7 0 74 2
56 2 94 2
32 0 12 0
74 0 8 1
58 0 100 1
100 2 24 1
67 0 44 1
34 0 98 1
88 0 28 0
88 1 75 2
61 0 6 2
89 0 90 2
98 0 7 0
13 2 35 1
34 0 100 2
97 0 14 0
97 1 13 2
67 0 47 2
52 0 31 1
7 0 70 1
79 1 70 1
89 2 18 2
2 1 59 2
32 1 66 2
42 0 39 1
92 2 74 2
45 1 21 1
34 0 5 1
34 1 58 2
25 0 8 2
44 0 33 0
69 0 44 1
67 0 20 0
67 2 18 2
14 0 65 2
87 0 45 2
76 1 59 2
93 1 70 2
71 0 2 2
44 2 65 1
11 0 32 1
11 1 35 1
71 1 63 2
9 0 7 0
33 0 45 1
32 2 59 2
28 1 51 1
72 0 47 1
24 1 16 2
37 0 12 2
86 1 98 2
81 0 70 1
82 0 71 2
23 0 1 1
34 0 66 2
23 0 13 1
50 2 7 1
90 2 42 2
4 0 33 0
43 0 54 1
53 2 99 1
67 0 82 0
89 0 33 2
16 0 74 2
91 0 18 1
12 0 30 1
5 2 87 1
27 0 79 1
40 0 85 2
16 0 7 2
91 0 54 1
31 1 34 1
20 1 70 2
57 0 58 1
46 1 86 2
69 0 50 1
7 0 78 2
36 0 71 2
100 0 3 2
33 0 99 1
20 1 21 1
96 0 65 2
2 1 27 1
10 2 35 1
46 1 24 2
98 0 79 2
16 0 9 1
6 0 100 1
60 0 64 2
91 0 62 0
14 0 60 1
53 0 99 0
51 2 85 2
48 0 67 0
59 0 35 2
67 0 97 1
22 0 2 2
83 1 51 2
49 0 66 2
78 0 48 2
70 0 24 2
44 0 33 0
76 2 68 1
42 0 97 2
31 2 5 2
4 0 14 2
100 0 10 2
9 2 13 2
93 0 28 2
27 1 75 2
67 1 41 2
31 0 91 2
92 0 29 2
66 0 64 1
11 0 56 1
43 0 47 1
16 0 44 2
44 0 56 2
98 0 64 2
52 0 57 0
72 2 70 2
48 0 56 2
23 0 86 0
15 1 44 2
31 0 35 2
49 0 62 0
1 0 90 1
47 2 70 1
81 1 52 1
97 0 71 0
24 0 50 1
34 1 36 1
39 0 82 2
13 0 54 2
90 0 81 1
47 0 3 2
49 0 36 0
64 1 45 1
78 0 100 1
23 0 84 1
23 0 8 1
9 0 71 0
10 2 57 2
56 0 62 2
48 1 91 1
70 1 57 1
93 0 77 1
19 0 68 1
18 2 91 2
42 0 39 2
75 0 65 0
90 0 25 0
29 1 62 2
27 1 12 1
39 0 52 0
57 0 41 2
63 0 45 1
10 0 81 2
7 2 96 2
85 0 7 1
13 1 33 2
62 0 33 0
46 0 29 0
9 2 82 2
76 2 19 2
62 0 38 1
17 0 78 1
90 2 68 2
11 0 75 2
31 0 90 1
58 0 35 2
54 0 13 1
43 0 61 0
7 0 17 1
67 0 59 1
30 0 29 2
77 0 79 1
78 0 31 1
62 0 52 2
97 0 3 0
67 0 15 1
58 0 79 2
68 0 80 0
83 0 97 2
71 0 14 2
20 0 4 1
70 0 83 1
43 2 61 1
19 1 78 2
92 0 53 2
24 0 9 1
34 0 58 1
66 1 60 1
18 0 66 2
63 0 4 1
55 0 33 1
47 2 71 1
81 2 72 2
5 0 66 2
5 0 74 2
83 2 19 1
89 0 80 1
36 0 30 1
25 1 60 2
56 1 17 2
98 1 25 2
84 2 35 2
83 1 91 2
44 1 36 2
90 2 84 1
15 0 4 1
43 0 39 1
51 0 13 1
15 0 18 2
66 0 63 2
87 0 6 2
98 0 76 1
8 2 12 1
9 2 67 1
54 0 97 1
13 0 3 2
22 1 60 1
97 0 91 1
85 0 66 1
73 2 36 2
13 2 25 2
1 0 4 1
19 0 53 2
81 2 96 1
63 0 59 1
55 0 2 1
98 0 23 2
11 0 24 2
27 2 61 1
82 0 30 1
91 1 70 2
35 0 68 2
23 0 86 0
74 1 3 2
6 0 1 0
16 0 46 2
92 0 78 1
38 2 16 1
62 0 50 2
53 2 43 2
78 0 29 0
52 0 81 1
18 0 17 1
33 0 54 1
69 0 10 1
34 0 14 1
95 0 62 0
75 2 43 1
81 2 1 1
7 0 48 2
31 0 25 1
10 0 5 0
59 0 80 0
20 0 41 2
100 2 39 2
74 1 18 1
85 0 64 2
62 0 26 1
27 2 53 2
36 0 97 2
28 0 58 1
100 0 29 2
87 0 43 2
10 1 42 1
31 0 32 2
92 1 31 1
14 2 63 2
26 1 21 2
2 1 85 2
42 0 43 1
11 0 100 1
73 0 25 2
81 0 76 2
13 0 41 2
96 1 33 2
22 2 92 2
94 0 88 2
21 0 91 2
16 0 60 2
82 0 4 1
32 0 72 1
68 0 50 2
84 1 42 2
13 2 57 2
32 1 43 2
64 0 69 0
12 0 59 1
99 0 76 2
7 1 33 2
27 1 49 2
54 2 34 2
82 0 14 2
55 2 35 1
81 0 94 2
25 0 13 2
72 0 51 1
93 0 42 2
49 0 97 1
26 0 66 2
81 2 10 1
33 0 5 1
1 1 16 1
66 0 67 1
95 1 78 2
82 0 38 1
2 0 82 2
85 0 14 2
92 2 43 1
61 0 43 1
89 0 33 2
50 1 37 2
1 0 35 1
78 0 26 1
68 0 32 2
12 0 10 0
73 0 43 2
15 0 29 0
76 2 87 1
57 1 16 2
42 0 87 1
65 0 12 1
33 0 19 2
35 0 67 1
44 2 71 2
40 0 96 0
55 2 6 1
10 0 4 2
91 0 51 2
37 0 17 2
28 1 92 2
91 0 60 1
49 0 45 0
77 0 27 2
92 0 26 2
35 0 83 2
87 0 13 1
10 0 93 2
38 0 9 1
70 0 64 2
14 0 67 2
83 1 50 2
70 1 96 2
96 0 58 2
31 1 18 1
26 2 95 2
69 0 78 1
4 0 73 1
31 0 57 2
12 1 20 2
60 0 19 1
43 1 5 2
25 0 9 1
25 0 22 1
50 2 69 2
75 0 15 1
74 2 94 1
41 1 85 2
30 0 40 0
26 0 37 1
85 0 17 1
78 2 29 1
38 1 46 2
82 0 60 1
37 0 40 1
25 0 67 1
40 0 78 2
68 2 80 2
59 0 39 0
35 0 46 1
84 0 76 1
29 0 30 1
14 1 10 2
50 0 84 2
55 2 39 1
74 2 18 1
68 1 40 2
50 0 93 0
22 2 68 1
46 0 77 2
90 2 81 2
33 0 71 1
50 1 46 2
5 1 42 1
38 2 99 1
6 0 10 0
24 0 72 2
20 0 44 1
87 0 76 2
79 1 35 2
68 0 76 2
27 1 33 1
61 0 6 2
17 0 83 1
76 1 40 2
92 2 17 1
84 0 97 1
50 0 56 1
89 0 51 1
40 0 18 0
6 0 34 2
45 0 38 0
68 0 2 2
61 0 65 1
73 2 91 2
24 0 96 1
34 0 60 0
89 0 66 1
95 1 77 2
79 2 95 1
26 0 7 2
100 2 98 2
62 0 8 2
1 0 61 1
86 0 57 1
23 0 77 0
23 0 93 1
2 1 89 1
15 0 2 2
64 0 1 1
82 1 65 2
93 0 42 1
73 1 57 1
31 0 3 1
94 0 45 1
41 2 83 2
48 0 90 2
9 0 39 0
82 0 66 2
53 0 5 0
64 2 10 2
49 2 55 2
54 0 59 1
29 0 77 2
10 0 90 2
97 1 50 1
54 1 12 2
78 0 39 1
77 0 4 1
47 0 65 2
69 0 10 2
33 0 82 2
14 1 71 2
5 0 3 2
88 1 27 1
43 0 5 1
52 0 98 1
62 0 11 1
1 0 97 2
23 0 31 1
20 0 28 1
61 0 4 2
5 0 56 2
82 0 2 2
37 0 1 1
10 0 46 0
6 0 75 2
87 0 40 2
9 0 95 1
23 1 10 2
90 0 62 2
46 0 94 1
11 1 27 2
100 0 2 2
6 0 30 1
53 1 43 2
1 0 83 1
55 1 54 1
49 0 24 2
60 2 21 2
35 0 66 1
24 0 4 1
77 0 95 1
5 2 42 1
88 2 21 2
14 0 97 1
43 0 11 2
73 1 38 2
49 2 78 2
83 0 100 2
47 0 1 1
98 0 50 1
64 0 62 1
26 2 85 1
5 0 45 2
46 0 16 1
100 0 44 0
24 1 23 2
46 1 42 1
26 2 40 2
24 0 91 2
66 1 4 2
48 1 72 1
8 0 21 1
6 2 36 1
52 0 11 2
14 0 20 2
9 0 49 0
35 0 24 1
51 2 60 1
11 1 54 2
61 0 39 2
67 0 80 2
24 0 59 2
55 0 88 1
84 0 48 1
53 1 45 2
35 2 1 2
86 1 37 2
2 0 59 1
80 2 17 2
47 0 68 1
71 1 12 2
76 1 38 1
89 1 36 2
89 0 76 2
94 2 31 1
18 0 68 2
18 0 83 1
40 1 17 1
48 1 1 1
6 0 30 1
74 1 34 1
66 1 1 0
64 0 4 0
30 0 84 2
29 0 3 1
24 0 3 1
89 0 4 2
73 0 84 2
75 0 6 2
100 1 81 1
34 2 25 2
15 2 81 2
38 0 14 1
20 0 80 1
25 1 29 1
95 1 29 2
91 0 50 1
20 1 50 2
3 1 7 2
88 0 73 1
66 2 23 1
67 1 25 2
57 0 39 1
23 2 62 1
50 0 30 2
62 0 32 2
56 2 28 2
8 0 99 1
5 0 79 2
82 0 45 2
78 0 26 2
30 2 1 2
65 0 3 2
13 1 32 2
66 0 61 1
62 0 32 1
17 2 37 1
3 0 28 1
39 1 69 1
38 0 70 0
67 0 49 2
38 0 6 2
14 0 42 0
70 0 61 2
63 0 13 1
91 0 62 2
65 0 32 1
8 0 2 0
77 0 76 1
61 1 93 1
23 0 64 2
28 0 14 0
42 2 37 2
11 1 100 2
42 0 28 1
36 0 24 1
71 0 78 2
100 0 8 2
62 0 40 1
48 1 12 2
94 1 37 2
79 2 100 2
53 1 47 2
55 2 84 1
43 1 67 2
69 0 24 1
100 0 47 1
42 1 20 1
86 0 57 2
77 1 96 2
25 0 19 1
31 0 15 1
60 1 87 2
24 0 15 2
74 0 47 2
82 0 45 2
97 0 32 0
54 0 80 2
40 0 89 0
12 1 54 1
24 0 97 2
44 0 29 0
49 1 2 1
71 0 74 2
55 2 67 1
64 1 21 1
45 2 92 2
36 0 56 1
7 0 43 2
20 0 67 1
68 0 74 2
8 1 59 2
55 1 18 1
38 0 25 2
24 0 40 1
43 0 22 2
68 0 64 2
78 0 41 2
19 0 86 1
51 0 92 2
10 0 28 2
64 0 49 1
67 0 15 2
79 2 38 2
27 0 81 1
31 0 92 1
25 0 50 2
64 2 62 2
94 0 23 0
23 1 80 2
60 0 25 1
12 0 79 1
48 1 41 1
5 0 65 1
26 0 13 1
21 0 30 1
92 2 31 2
45 1 40 1
84 2 34 2
52 0 90 1
74 0 50 2
80 0 8 2
75 0 67 1
25 0 16 0
14 0 76 1
20 0 80 1
75 0 67 2
79 2 6 2
5 0 81 1
26 0 49 2
47 1 92 1
22 1 13 2
54 2 43 1
50 2 87 1
77 0 58 1
58 0 2 1
14 1 62 2
41 0 14 1
28 0 22 2
100 2 41 2
51 0 37 0
5 0 50 2
50 0 26 2
46 0 75 1
50 0 78 0
42 0 1 2
14 0 32 1
58 0 86 1
13 1 10 2
23 0 81 2
68 2 86 1
87 0 18 1
78 0 41 1
80 0 15 0
48 0 34 2
19 0 27 2
26 1 52 2
38 0 34 1
61 0 4 1
88 2 89 1
4 0 9 1
98 0 69 0
94 0 58 1
58 0 92 1
100 0 8 1
87 0 44 2
94 0 48 2
62 0 6 2
99 0 79 1
78 0 83 1
37 0 52 2
54 0 24 2
3 2 62 2
39 0 3 2
29 1 93 1
6 0 85 0
76 2 43 2
62 0 44 2
87 0 75 1
76 0 56 2
34 0 86 2
41 0 91 0
23 0 7 2
38 0 74 2
44 2 34 1
13 2 96 1
17 0 86 2
39 1 72 1
60 0 8 2
96 0 100 1
58 0 64 2
13 0 18 1
3 2 92 2
17 2 31 2
6 0 15 1
20 0 68 2
40 1 1 1
84 2 81 2
71 1 98 2
36 0 13 2
88 0 4 0
22 0 43 2
12 0 22 2
76 0 84 1
43 0 21 1
68 0 97 2
85 0 53 2
50 0 11 1
38 0 99 0
59 0 43 1
28 0 38 2
75 2 50 1
81 2 26 2
4 0 47 0
3 0 7 2
2 0 50 1
34 0 30 1
95 0 28 2
74 0 85 2
69 1 57 2
67 0 56 1
16 0 90 1
18 0 23 2
81 0 11 2
97 2 30 1
88 1 92 2
27 1 65 2
17 1 7 2
90 0 83 1
52 2 12 2
48 1 17 2
41 0 30 2
85 0 22 2
68 0 63 1
43 0 66 2
52 0 34 2
80 0 2 2
54 0 51 2
73 0 6 2
52 0 49 1
30 1 92 1
65 0 73 1
50 0 48 2
27 0 73 1
88 1 89 2
99 0 44 2
51 0 2 2
59 0 53 0
58 0 72 1
66 0 71 1
52 0 53 2
99 0 13 1
79 2 58 2
55 1 4 1
36 2 37 2
77 0 68 2
64 0 55 1
46 0 38 2
88 0 74 0
23 0 85 0
69 0 98 0
83 0 67 2
66 1 17 1
31 0 35 1
66 0 56 1
92 1 42 1
64 0 75 2
37 0 92 1
58 2 16 2
8 2 100 1
25 0 66 1
74 0 2 2
86 0 9 2
62 2 21 2
81 2 75 2
51 0 5 0
16 0 17 1
76 1 4 2
12 2 62 2
82 0 8 2
34 0 25 1
75 0 5 2
40 0 27 1
84 1 30 2
98 0 39 2
92 1 93 1
9 0 73 1
82 0 57 0
34 0 16 1
26 1 12 1
28 0 31 1
22 1 59 1
6 2 87 2
51 0 53 1
26 0 34 1
41 2 43 2
31 0 28 2
56 0 3 0
44 1 83 2
41 0 81 2
91 0 31 1
7 0 32 2
59 0 69 1
28 1 62 1
24 0 90 1
58 0 92 2
74 1 13 2
78 0 44 2
32 2 3 1
3 1 43 2
94 0 34 1
32 2 6 1
4 0 42 0
13 2 84 2
41 0 90 1
87 0 54 2
33 0 27 1
5 0 100 2
83 0 36 0
78 2 7 2
28 0 96 2
97 1 69 1
76 2 12 2
4 1 30 2
80 1 47 2
96 0 34 2
88 0 1 1
30 0 35 2
61 0 50 2
13 2 92 1
47 2 63 2
30 1 68 2
69 0 73 1
27 2 38 1
4 0 32 2
20 0 50 2
29 0 38 2
22 2 71 2
89 1 86 2
6 0 74 1
1 0 85 2
12 2 17 2
73 1 27 2
77 0 43 1
62 0 19 2
49 0 79 1
100 0 35 1
74 0 80 0
97 0 36 1
30 0 46 2
37 1 57 2
65 2 91 1
95 0 15 1
91 0 15 2
89 0 3 2
3 1 43 1
28 2 57 2
30 0 42 0
95 0 34 1
72 0 49 1
83 0 50 2
50 2 37 2
57 0 51 2
6 0 7 1
61 0 17 1
86 0 12 0
18 0 31 1
41 0 11 2
53 2 6 1
88 2 57 1
14 0 99 1
3 2 45 2
35 0 24 1
26 2 54 2
27 1 77 2
99 0 74 1
83 1 39 2
62 0 49 1
59 0 73 1
80 0 1 2
98 0 36 2
49 0 34 1
15 1 74 2
14 0 93 0
44 0 40 1
76 0 66 1
82 1 29 2
79 1 64 1
29 2 96 1
43 0 22 1
40 1 75 2
35 0 42 2
39 0 12 1
85 0 70 1
72 1 1 2
44 1 2 2
4 0 73 1
63 1 70 1
35 0 88 1
24 0 20 1
34 0 27 2
77 0 27 1
68 2 75 2
25 0 88 1
51 0 15 1
68 1 89 2
73 2 81 2
85 0 93 2
76 1 61 2
82 0 84 1
20 1 58 2
57 0 94 2
5 0 28 2
78 0 46 1
45 0 47 2
23 0 4 1
22 0 96 1
49 1 72 1
43 0 90 2
28 0 61 0
67 0 15 1
41 0 47 2
37 0 97 2
59 0 73 1
27 2 7 2
61 0 65 1
59 2 34 1
53 2 81 2
31 0 100 1
54 1 17 2
53 0 7 0
47 1 31 2
8 2 81 2
80 2 50 1
58 0 56 2
56 1 96 2
58 0 53 2
69 0 33 1
67 0 86 1
97 2 24 1
88 1 7 0
73 1 74 2
64 2 7 2
88 0 29 1
60 0 56 2
11 0 100 2
97 1 82 1
90 0 80 0
68 0 55 1
1 0 2 1
35 0 40 1
63 1 31 2
37 0 75 1
69 0 46 2
97 2 37 1
35 0 79 2
34 0 68 1
95 0 51 2
46 1 62 1
37 0 34 1
53 0 1 1
63 0 9 2
19 0 8 1
63 2 91 2
5 0 89 2
83 0 90 2
59 1 69 1
70 0 88 1
2 0 67 2
17 2 41 1
93 0 47 2
92 2 41 2
33 0 26 1
60 0 77 2
84 0 13 1
32 0 69 1
11 0 34 1
27 1 34 2
51 0 100 1
36 1 16 2
5 0 97 2
72 0 90 1
90 1 1 2
13 0 11 1
71 0 13 1
99 2 20 2
71 0 24 2
19 0 94 2
21 1 72 2
23 0 81 2
62 0 14 1
94 0 100 1
94 0 13 2
21 0 6 2
59 2 54 1
86 0 31 2
98 0 14 1
42 0 68 1
87 0 38 2
73 1 38 2
98 0 100 1
71 0 26 1
85 1 36 1
16 0 65 2
62 0 12 1
87 0 54 1
61 0 57 1
6 2 35 1
61 0 84 2
51 0 4 2
1 0 20 2
43 0 37 0
83 0 79 1
99 0 75 2
100 1 92 1
10 2 60 1
74 0 71 0
56 0 34 1
19 0 46 1
77 0 84 1
20 1 93 2
71 0 89 0
69 0 96 0
27 2 71 1
58 0 50 1
49 0 52 2
62 0 34 2
87 2 69 2
73 0 43 2
44 0 99 1
93 0 17 1
70 1 93 1
30 0 34 1
40 2 23 1
77 2 16 2
93 0 6 2
51 0 55 1
53 0 50 0
43 0 19 0
12 2 60 1
51 0 94 2
88 2 70 2
83 0 71 1
39 2 54 1
7 0 63 2
62 0 56 2
60 0 50 2
43 0 89 2
84 0 24 2
52 1 17 2
21 0 50 2
53 0 77 1
19 0 44 1
53 2 29 2
39 0 24 0
29 0 23 2
95 1 86 2
59 2 74 2
31 0 5 0
38 0 55 1
70 0 79 2
77 0 29 1
72 0 33 2
19 0 54 1
22 0 73 1
57 0 100 2
26 2 23 2
30 0 36 0
46 0 78 0
22 0 8 1
2 2 69 2
68 0 28 1
92 2 23 2
99 0 48 2
87 0 14 2
51 0 9 1
96 0 56 2
33 0 42 2
33 0 39 1
98 0 41 1
80 0 75 1
76 0 98 1
49 2 18 1
41 1 67 2
69 1 62 1
93 0 97 1
38 1 82 1
89 0 31 2
64 0 25 1
88 1 3 1
5 2 43 1
76 0 8 1
83 0 63 0
47 0 50 2
68 2 83 2
27 0 6 0
55 1 56 2
49 0 57 0
88 1 85 1
75 2 78 2
8 2 48 1
25 0 86 2
33 0 44 1
52 1 38 2
69 0 16 0
40 0 3 1
32 0 37 1
75 0 79 1
69 0 66 2
24 0 36 2
97 0 10 2
29 0 2 2
13 2 42 2
15 0 83 2
2 0 1 1
63 0 60 2
77 0 35 1
79 2 25 2
5 1 46 1
62 0 89 1
34 1 37 2
30 0 31 0
88 1 98 2
73 1 4 2
67 1 16 2
5 0 76 1
13 1 6 2
64 0 19 0
35 0 64 2
21 0 84 1
88 1 84 2
7 0 76 2
6 1 61 1
100 1 74 1
70 0 53 2
41 2 82 2
48 2 86 1
72 1 35 2
10 0 50 2
69 0 51 1
62 1 82 2
25 0 45 2
46 0 1 0
7 0 21 0
72 1 87 2
83 2 72 2
17 0 15 2
85 0 86 1
94 0 97 2
35 0 27 2
21 0 80 1
56 1 7 0
52 2 1 1
21 0 52 1
62 0 3 1
93 0 29 1
70 0 71 2
62 0 69 0
76 0 21 2
84 1 67 1
2 1 38 1
11 1 65 1
30 2 50 2
52 1 26 2
92 0 22 2
62 0 39 1
76 0 100 0
9 0 99 1
19 0 29 0
79 0 59 1
67 0 96 2
20 0 58 1
84 0 66 1
42 0 63 1
64 0 12 0
67 0 44 2
24 0 80 2
87 0 8 1
70 1 19 2
31 0 2 1
59 1 93 1
34 0 67 2
65 0 10 1
23 0 43 2
78 0 80 1
26 2 84 2
57 0 2 2
54 1 1 2
87 2 62 1
73 2 36 2
78 1 77 1
21 0 54 2
33 0 35 2
40 0 85 2
69 0 3 2
31 2 77 2
78 0 49 2
6 0 93 1
28 1 36 2
95 0 79 1
18 2 1 2
48 1 45 2
100 1 70 1
7 0 23 2
73 1 92 2
52 2 69 1
56 0 81 2
54 0 9 1
93 0 80 1
82 0 10 2
25 0 64 2
24 0 60 0
5 0 21 2
79 2 27 2
87 0 89 1
78 0 35 2
80 0 6 1
17 0 75 2
75 0 13 1
78 1 21 2
46 1 52 2
56 2 97 2
39 0 96 2
48 1 79 2
88 2 21 1
51 0 84 1
73 0 82 2
90 0 49 1
3 0 53 1
15 0 8 2
79 0 24 2
14 0 96 0
89 1 36 1
30 0 25 2
16 0 71 2
63 1 54 1
92 0 66 1
66 2 53 2
87 0 35 1
54 0 74 2
61 1 20 2
5 1 6 2
50 0 74 2
2 1 32 2
4 1 20 2
26 1 87 1
17 0 94 2
21 0 12 2
66 2 91 2
30 0 25 2
6 1 89 1
30 1 25 1
58 0 36 2
51 1 54 1
78 0 60 0
4 1 74 2
7 0 92 2
49 1 5 2
75 2 17 1
20 0 64 1
55 0 14 2
41 2 69 1
47 0 74 2
6 1 12 1
9 0 21 1
69 0 97 2
65 0 11 1
50 0 83 2
50 0 14 1
74 2 40 1
33 0 76 1
41 0 68 2
63 2 65 2
2 1 88 2
24 0 12 0
56 2 75 2
48 2 58 2
29 0 46 2
46 0 95 2
40 0 2 1
83 0 3 2
2 0 69 0
64 0 76 0
60 1 58 2
62 0 69 2
35 0 15 2
52 0 65 0
57 0 53 2
32 1 9 2
18 0 33 1
65 0 56 2
91 0 29 2
11 0 39 0
31 0 2 1
63 0 2 2
7 0 92 2
58 0 19 1
67 0 70 2
61 0 56 1
3 1 64 2
39 0 52 2
26 0 76 1
100 1 36 1
2 0 80 1
27 1 12 2
17 1 25 1
85 0 13 2
56 0 81 0
83 1 89 1
75 0 89 1
13 1 45 2
82 0 85 2
84 1 37 1
68 1 10 1
64 2 68 2
87 1 19 2
59 0 85 0
91 1 61 2
10 2 65 2
59 2 55 1
37 0 67 2
62 0 31 1
84 0 58 0
31 0 68 1
60 0 1 0
8 2 85 1
13 2 18 1
80 0 38 1
14 1 37 2
5 2 69 1
25 0 42 2
74 2 57 2
70 0 85 2
49 0 79 1
81 2 25 1
19 0 27 2
66 1 83 2
64 2 98 1
82 0 10 2
13 1 67 1
88 1 43 1
27 0 30 0
65 0 10 1
30 1 1 2
84 2 31 1
91 0 46 2
15 1 81 2
74 2 42 1
97 1 91 1
44 2 70 2
15 0 66 2
33 1 29 2
95 0 34 1
15 0 38 0
37 0 31 1
12 0 10 0
17 1 86 2
73 0 86 2
80 0 66 2
64 2 4 1
52 0 90 1
88 2 87 1
45 1 13 1
81 0 99 2
29 0 94 1
95 0 76 1
91 0 51 1
98 0 100 1
62 0 83 1
78 0 34 1
80 0 35 0
65 1 7 2
12 1 67 1
55 0 69 0
46 0 35 0
32 1 55 1
87 0 75 1
53 0 8 1
43 0 49 2
57 0 63 1
95 0 55 1
64 1 13 1
22 0 95 0
88 0 5 1
61 0 67 2
14 2 81 2
10 0 33 0
20 2 61 1
35 0 79 1
21 0 76 1
42 0 94 1
29 0 83 1
26 0 44 1
82 0 57 0
26 0 56 2
51 0 47 2
26 1 19 1
76 2 52 1
94 0 97 2
51 2 36 2
14 2 65 1
86 1 98 1
73 0 84 2
90 0 22 1
43 0 95 2
29 0 13 2
93 0 13 1
69 1 33 2
70 1 78 2
33 0 95 1
53 0 84 2
78 0 56 1
82 1 62 1
34 0 90 2
67 0 80 1
70 1 93 1
4 0 52 2
93 0 98 2
55 2 90 2
96 0 36 1
97 2 88 2
95 0 64 1
59 2 62 2
9 1 51 1
41 0 28 2
87 0 1 1
1 0 79 1
80 1 89 1
86 0 47 1
39 1 37 1
91 0 96 2
48 2 29 2
83 0 95 2
99 0 97 2
13 1 66 2
52 2 71 1
36 0 12 1
69 0 59 1
44 0 78 0
59 2 68 2
42 0 9 2
14 0 64 2
92 0 45 1
71 0 62 2
77 0 53 1
25 0 11 1
29 0 63 2
7 0 85 1
77 0 24 1
90 2 12 1
95 0 97 2
98 0 27 2
43 0 51 2
89 0 66 1
69 0 33 0
63 2 46 2
20 0 39 2
26 1 93 2
18 0 52 1
76 0 62 2
13 1 61 2
77 0 19 2
64 1 22 2
33 0 67 1
94 1 77 2
75 0 26 0
48 1 99 2
82 0 94 2
59 0 29 1
24 0 97 2
38 0 29 0
70 0 73 2
34 2 93 1
86 0 27 2
59 2 92 2
79 0 44 0
31 1 54 1
57 0 91 1
47 1 5 1
11 2 69 1
1 0 32 2
15 0 28 2
38 2 81 2
13 0 12 2
63 0 15 2
67 1 17 2
48 0 6 0
50 0 46 2
52 0 42 1
77 0 50 2
3 0 30 1
79 2 51 2
57 0 21 0
18 0 10 2
42 0 9 1
18 0 81 1
98 0 61 1
26 0 92 1
51 0 86 0
18 0 37 1
39 0 13 1
60 0 4 1
71 0 7 1
16 0 8 1
44 0 81 2
16 0 46 2
4 1 54 2
7 0 99 1
2 2 86 2
94 1 84 1
60 0 44 1
66 1 51 1
71 0 62 2
88 1 21 2
61 1 72 1
28 0 43 2
20 0 18 2
5 0 84 1
16 0 58 2
86 0 29 0
92 1 72 1
95 2 25 2
74 0 27 1
11 2 29 2
17 0 88 2
25 1 58 2
3 0 85 1
31 1 34 1
61 0 37 1
97 0 56 2
56 1 23 2
39 0 32 1
48 1 21 2
57 0 16 1
50 0 95 1
81 0 7 0
23 2 65 1
72 1 78 2
71 0 37 1
63 0 8 1
57 0 26 2
84 0 36 1
100 1 60 1
74 0 43 2
64 0 3 2
34 0 45 2
46 0 10 2
22 1 16 2
47 2 7 2
95 0 13 2
61 0 68 2
24 0 48 1
100 0 56 1
17 2 29 1
10 2 7 1
24 1 58 1
26 1 4 2
51 0 38 2
64 1 34 2
6 0 64 1
66 1 75 2
83 1 33 1
30 2 58 1
23 0 50 1
5 0 44 1
95 2 18 2
58 0 19 1
90 0 22 2
44 0 90 2
22 2 40 2
40 0 100 1
57 0 14 1
41 0 79 1
24 1 86 1
84 0 93 1
1 0 41 1
32 0 44 1
97 2 28 2
21 0 52 1
32 2 2 2
66 0 9 0
98 0 100 2
87 2 58 1
13 2 80 1
81 2 86 1
89 0 47 2
95 0 56 2
52 2 93 1
86 1 83 1
24 1 61 1
66 2 86 1
72 0 63 1
96 0 90 2
36 0 65 0
76 1 41 1
59 2 85 2
69 0 93 1
59 1 100 1
71 2 16 1
50 1 19 2
75 0 30 2
8 1 98 1
96 0 19 1
58 0 27 1
12 0 16 0
93 0 27 1
76 0 62 2
50 0 88 2
8 0 35 2
98 1 70 2
63 1 36 1
26 2 41 2
35 0 56 1
33 0 100 1
21 1 16 2
16 0 17 2
58 0 98 1
90 2 21 2
26 0 69 1
24 2 43 1
67 0 88 1
60 0 31 1
96 0 49 2
74 0 63 2
45 0 36 2
46 2 89 2
36 0 63 2
52 2 7 2
40 1 7 2
45 0 10 1
98 0 50 2
2 2 10 1
31 0 40 2
41 0 55 1
93 0 6 2
56 2 82 1
5 0 34 2
64 1 76 2
87 0 100 1
98 0 86 2
54 0 26 1
12 1 51 2
4 0 98 1
14 0 66 1
21 0 36 1
100 0 85 0
42 0 3 2
99 0 31 1
37 0 34 1
91 1 82 2
22 0 19 2
72 0 84 1
64 1 58 2
94 0 76 2
10 0 94 1
4 1 95 2
71 0 61 2
79 1 7 2
83 2 25 2
40 0 66 1
97 1 50 2
49 1 6 2
35 0 51 2
24 2 46 1
62 0 53 1
72 0 8 2
32 1 2 1
76 0 14 0
34 0 7 0
59 1 4 2
61 0 66 1
20 0 96 0
92 0 59 2
89 0 44 1
52 0 16 2
93 1 37 2
71 1 52 2
90 0 69 1
12 0 48 2
15 0 13 1
72 0 20 2
69 0 76 1
29 0 21 0
32 2 82 2
59 1 33 1
6 0 44 1
50 0 53 2
52 0 65 2
65 0 52 1
79 1 85 1
65 0 92 1
22 0 16 0
83 0 88 2
1 1 7 1
20 0 95 1
48 0 55 2
45 2 14 2
83 0 80 1
47 0 90 2
44 1 10 2
91 0 24 2
39 0 100 1
73 1 58 1
46 0 59 2
71 0 24 1
67 0 48 1
28 2 78 1
5 0 80 1
70 2 7 2
24 2 46 1
77 0 99 1
56 2 84 2
51 2 71 1
71 0 3 1
52 2 42 1
47 2 17 1
65 0 45 2
84 0 37 0
43 0 41 2
86 1 68 2
49 1 6 1
27 0 51 1
93 0 68 2
16 1 93 2
70 0 86 1
89 0 31 2
62 0 50 2
80 2 71 2
78 0 22 1
23 0 18 1
79 0 20 1
100 0 28 2
99 1 83 1
52 2 93 1
40 1 11 2
25 0 99 2
43 0 52 1
15 0 83 1
16 1 82 2
6 0 61 2
91 0 27 1
4 2 87 2
97 1 77 0
30 2 68 2
18 0 20 1
1 0 11 1
50 1 20 1
55 0 4 2
76 2 62 2
42 1 16 1
37 0 44 2
9 2 46 2
47 0 71 0
60 0 52 1
10 0 85 2
85 1 98 2
22 1 97 1
45 0 93 2
30 0 93 1
56 2 34 1
97 2 7 2
46 0 13 2
76 1 17 2
66 0 11 1
66 0 72 0
5 1 99 2
56 1 89 2
14 1 83 1
53 1 89 2
75 0 83 1
93 0 53 2
45 0 76 0
15 0 11 2
24 0 68 1
89 1 54 1
83 2 7 1
19 0 78 1
7 1 25 2
74 1 70 2
94 1 53 2
77 0 15 1
6 1 98 2
12 0 3 1
92 1 28 2
70 0 85 1
96 0 14 1
33 0 8 1
91 1 58 1
37 0 49 2
75 0 30 1
89 0 86 2
100 2 75 1
20 0 28 1
24 1 35 1
96 0 17 2
98 0 83 1
65 0 4 1
18 0 87 0
80 2 50 1
32 0 88 1
94 0 47 1
50 0 97 1
99 2 70 2
71 0 28 1
31 0 9 2
23 0 2 1
95 0 97 1
40 2 93 2
35 0 54 2
25 1 58 1
4 2 71 1
17 0 75 2
45 1 77 2
49 0 50 2
25 0 78 2
32 2 93 1
68 1 71 1
73 1 57 1
57 0 48 1
34 0 84 1
13 2 19 2
98 0 50 1
49 2 1 1
34 0 80 2
40 2 41 1
75 1 37 1
26 0 96 1
81 0 92 1
79 2 70 2
11 0 65 1
38 0 55 1
51 0 53 2
24 2 86 2
16 0 25 2
39 1 72 1
100 0 92 0
47 2 46 1
66 2 82 1
27 0 15 0
87 0 43 2
70 1 82 2
60 0 20 1
27 0 94 2
44 0 76 1
26 0 85 2
86 0 81 2
78 0 38 1
68 0 49 1
11 0 55 2
55 0 31 2
57 0 26 2
39 1 65 1
26 0 19 1
22 0 96 2
40 0 85 0
78 2 91 1
55 1 25 1
65 0 26 1
59 1 68 2
12 1 81 2
37 0 27 2
53 1 24 2
43 0 71 2
21 0 12 1
46 2 87 2
1 0 47 2
93 0 59 2
27 2 69 1
77 0 1 1
15 0 42 0
84 1 57 1
64 1 66 2
65 0 37 0
71 2 77 2
76 0 36 1
55 1 88 2
48 0 5 1
37 0 73 1
96 0 2 2
21 1 82 2
75 0 13 2
90 0 84 2
72 0 78 1
91 0 75 1
15 2 25 2
86 0 78 0
25 1 72 1
41 0 66 1
16 0 84 2
78 0 49 2
50 0 42 0
70 0 52 2
4 0 27 1
82 0 23 1
34 0 79 1
35 0 51 2
87 0 31 1
14 2 96 1
16 0 74 2
76 0 98 1
75 0 32 1
72 0 98 1
4 2 89 1
45 0 65 2
8 0 17 2
35 0 24 1
64 2 50 1
75 1 12 1
5 0 22 2
64 1 54 1
95 0 14 1
66 0 31 2
23 0 24 2
99 2 89 2
64 0 73 1
55 0 21 1
70 1 58 2
71 1 95 2
71 0 94 1
48 0 31 2
33 0 17 1
85 0 53 2
63 0 61 1
70 0 59 2
99 1 83 1
68 0 3 2
86 0 23 0
89 0 100 1
48 0 3 2
59 2 35 1
49 2 19 2
83 0 95 1
28 0 36 1
53 0 68 0
21 0 16 1
17 0 38 2
28 0 86 1
32 0 27 1
53 0 59 1
85 2 37 1
90 2 28 2
81 2 82 2
99 0 12 2
83 0 89 2
48 0 66 1
1 0 79 1
48 0 1 1
37 0 59 1
31 1 70 2
96 0 65 1
19 0 11 2
4 2 89 2
24 1 18 1
51 0 32 2
49 2 89 2
99 0 55 2
51 1 82 2
23 0 44 2
53 0 89 1
18 0 88 1
6 0 42 2
2 0 48 1
17 0 59 2
18 0 20 0
77 0 1 2
87 0 80 1
1 0 44 1
47 0 27 1
55 0 24 0
86 1 69 1
7 0 45 1
92 0 37 2
2 0 11 2
80 0 16 2
22 1 12 2
46 0 38 2
21 0 68 1
39 0 64 2
58 0 43 1
38 1 5 1
18 0 51 2
33 0 44 2
83 0 9 1
40 0 48 1
38 1 15 1
92 0 8 1
8 2 44 2
62 0 57 2
3 1 93 2
35 0 26 1
41 0 87 0
57 0 50 1
43 0 15 1
59 1 56 2
19 0 39 2
74 1 98 1
12 0 29 0
67 0 61 2
31 0 1 1
63 0 77 0
36 2 69 1
95 0 23 2
60 1 19 2
71 0 13 2
7 0 53 2
58 0 76 1
8 2 33 2
9 2 64 1
22 0 85 0
45 0 32 1
62 0 88 1
35 0 96 2
21 0 2 2
13 2 5 2
67 0 52 1
87 0 89 2
44 0 45 2
32 2 25 2
35 0 74 2
87 0 99 2
32 2 58 2
68 2 99 2
7 0 13 2
52 0 9 2
37 0 4 2
85 0 99 1
49 2 4 1
85 0 39 1
97 0 5 1
43 0 30 2
11 2 68 1
77 0 82 1
37 0 27 2
73 1 36 2
92 0 99 1
19 0 6 2
30 1 21 2
83 0 44 1
21 0 82 1
6 0 89 0
44 0 56 2
35 0 29 2
23 1 43 1
91 0 86 2
46 0 7 2
37 0 55 2
73 1 26 2
12 0 99 2
14 0 64 2
42 0 81 1
51 0 18 0
5 2 25 2
19 0 71 2
13 2 2 2
20 0 34 2
43 0 67 1
25 0 38 2
91 0 65 1
92 1 35 1
35 0 23 2
76 1 83 2
59 0 15 0
38 1 86 2
3 0 14 1
99 1 68 2
61 0 44 1
92 0 10 1
64 2 1 2
19 0 32 2
69 0 41 2
15 1 29 2
60 0 96 0
66 1 32 1
51 0 53 1
74 2 26 1
20 0 86 1
17 0 48 1
60 0 58 0
37 0 16 0
55 0 88 1
100 2 17 1
81 0 6 2
62 0 94 1
88 1 14 2
71 0 1 1
93 0 4 2
17 2 29 1
18 0 34 2
11 1 21 1
98 0 41 2
23 0 90 2
29 1 16 1
5 0 64 2
38 1 4 2
98 2 69 2
24 1 89 1
26 0 73 2
23 1 82 2
79 1 35 2
7 0 97 1
58 0 100 1
43 0 19 1
89 0 47 1
70 0 89 1
94 0 2 1
5 0 81 1
20 0 67 2
71 0 64 1
84 0 18 0
94 2 93 2
68 2 5 1
80 0 100 1
100 1 36 2
59 2 16 1
65 0 14 1
98 0 15 2
68 0 15 0
59 1 86 1
84 2 34 1
38 1 71 2
23 2 46 2
36 0 9 2
7 0 26 2
84 1 36 2
19 0 22 1
24 0 95 2
46 0 85 0
19 0 22 2
88 2 31 2
30 1 33 1
56 0 91 2
71 0 56 1
83 0 52 1
45 1 72 2
9 0 11 0
50 0 62 0
55 0 39 0
60 0 55 1
72 0 14 1
81 0 2 1
58 0 95 1
28 1 83 1
30 1 29 2
39 0 81 1
32 0 26 1
6 2 42 1
52 0 71 2
66 0 99 1
11 2 33 2
54 0 39 1
96 1 70 2
63 0 68 1
34 0 32 1
41 0 97 2
5 0 12 1
5 0 32 2
81 0 54 0
70 0 77 1
20 0 2 2
2 1 62 2
8 0 86 0
83 0 55 1
63 0 14 1
26 1 69 2
12 0 84 2
93 0 22 2
45 1 64 1
80 0 29 0
72 1 35 2
46 1 70 1
67 0 12 1
3 1 85 2
12 1 25 1
14 1 33 1
66 1 54 2
54 0 75 2
81 1 41 1
97 0 89 0
66 1 14 2
76 0 49 1
46 0 32 1
82 2 58 1
94 1 92 2
42 0 89 1
26 2 96 1
26 0 4 2
9 1 52 2
93 1 58 1
44 0 92 2
96 0 99 2
33 0 69 0
26 0 22 2
88 1 24 1
1 0 74 1
55 0 7 2
78 0 48 2
8 1 89 1
84 0 98 2
2 0 92 1
71 0 9 2
90 2 24 2
54 2 29 1
84 0 49 1
62 0 82 1
48 0 55 0
4 0 40 1
98 0 95 2
88 0 93 1
95 0 3 1
50 0 34 2
47 0 95 0
29 0 39 1
29 0 24 2
14 0 37 1
14 2 33 2
13 2 4 2
59 0 83 0
28 1 59 2
41 0 15 1
76 1 85 1
85 0 75 1
2 0 26 1
92 1 90 2
61 0 94 1
28 0 59 1
46 0 43 2
58 0 4 1
96 0 26 1
35 0 28 2
2 0 58 1
6 0 32 2
2 0 99 2
49 0 19 2
63 1 25 1
61 0 14 2
79 1 80 2
13 1 45 1
13 0 97 2
31 0 44 1
71 0 49 1
82 0 63 1
86 2 16 2
4 0 83 0
96 0 100 1
89 1 39 2
72 0 46 1
85 2 78 2
3 2 62 1
32 0 95 1
95 1 52 2
49 0 34 2
43 1 25 1
12 0 100 2
16 0 71 1
9 0 19 0
89 0 4 1
26 2 41 2
70 0 54 1
87 0 3 1
61 0 59 2
37 0 20 2
69 1 1 2
26 1 87 2
13 1 22 2
82 0 58 1
9 1 89 1
56 0 13 0
93 0 86 1
60 0 97 1
85 0 92 1
45 0 97 2
90 0 87 0
84 1 57 2
35 0 4 1
64 0 53 2
45 1 66 2
37 0 68 2
45 0 99 2
29 0 33 1
54 0 34 0
24 0 73 2
52 0 14 2
59 2 82 2
91 0 39 2
15 0 96 1
83 0 66 1
66 2 15 2
19 2 70 1
50 0 12 2
43 1 98 2
61 0 9 2
61 1 93 1
26 2 16 2
16 0 100 1
6 1 39 1
96 0 27 2
78 0 2 1
57 0 97 1
31 2 85 1
76 1 24 2
7 0 15 2
29 1 91 2
44 0 33 0
54 0 13 1
91 0 73 1
51 2 71 1
20 2 60 1
59 2 53 2
29 0 83 2
40 1 19 2
34 0 98 1
27 0 11 1
74 0 4 1
69 0 23 2
79 1 96 1
23 0 31 1
64 0 85 1
32 0 100 2
6 1 95 2
11 2 31 2
51 0 26 2
13 1 25 2
45 0 82 0
60 0 83 2
81 1 91 1
49 0 27 2
88 1 16 2
13 0 100 2
20 0 86 2
94 0 56 1
57 0 24 2
83 0 48 1
40 0 28 1
41 0 56 1
69 0 76 2
2 0 83 1
8 1 15 1
14 0 45 1
23 0 13 2
41 0 29 2
62 0 90 1
13 1 99 1
74 0 16 1
71 0 68 1
54 0 42 1
76 0 84 1
90 1 69 1
33 0 71 2
87 0 23 1
40 0 22 1
13 0 76 0
85 0 100 2
55 1 33 2
85 0 92 2
74 0 79 2
62 0 98 0
63 1 51 2
98 0 9 1
4 1 60 1
55 0 87 0
10 0 53 2
21 0 53 1
18 0 95 2
5 1 25 1
61 0 6 2
8 1 70 1
58 0 45 1
63 0 67 0
35 0 27 2
11 0 75 0
83 0 80 1
16 0 58 1
91 0 78 2
43 0 42 0
20 0 15 2
68 0 84 0
96 0 32 1
59 1 23 2
58 0 52 1
14 2 78 2
74 1 76 2
73 0 92 2
45 1 42 2
24 0 54 1
32 0 24 1
81 0 58 2
63 0 92 2
44 0 12 0
36 2 65 2
75 1 34 2
76 0 72 2
44 0 95 0
55 0 63 2
80 0 72 2
33 0 36 1
5 1 35 1
59 0 63 1
1 0 38 2
63 0 80 2
11 0 34 2
29 0 2 2
79 2 98 1
10 0 51 2
68 2 67 2
88 2 12 1
53 0 31 1
68 0 26 0
99 1 60 2
81 0 97 1
56 2 49 2
13 0 80 2
49 1 64 1
74 2 41 1
56 0 40 2
61 0 48 2
1 2 21 2
33 0 56 2
16 0 84 1
78 0 69 0
44 2 36 2
43 0 85 2
45 2 6 1
62 1 7 2
78 0 92 1
32 2 30 2
34 0 72 2
2 1 20 1
57 1 20 2
11 2 80 2
39 0 44 1
88 0 73 1
54 0 71 2
83 2 72 2
75 1 38 1
83 1 70 1
42 2 72 2
34 0 89 2
79 0 85 1
33 0 28 1
64 1 23 2
36 0 38 1
24 0 27 1
11 1 72 1
49 2 15 2
21 0 69 2
59 1 94 2
48 0 56 1
14 2 57 2
95 2 87 2
76 0 86 0
96 0 53 2
81 0 88 1
71 0 86 1
30 0 9 2
50 0 89 2
61 0 78 1
99 2 50 1
84 1 70 2
75 2 41 1
96 0 85 1
13 0 83 2
30 2 80 1
28 1 98 2
12 0 72 0
83 0 59 1
73 1 24 1
97 2 100 2
26 2 50 1
44 0 79 1
7 0 97 1
95 2 5 2
45 1 84 2
37 0 8 2
3 0 85 1
77 0 5 2
28 0 75 0
11 0 57 0
2 1 38 1
83 0 16 0
60 0 9 2
12 0 64 1
33 0 48 2
25 0 82 0
86 0 32 1
3 2 70 2
91 0 19 1
29 0 22 1
40 1 83 2
14 1 28 1
72 0 52 2
41 0 67 2
43 0 45 1
74 2 7 2
67 1 86 2
20 0 37 1
36 0 66 1
99 1 19 1
55 1 67 2
21 0 11 1
53 1 74 1
34 0 48 2
1 0 95 2
35 0 100 1
30 1 68 2
26 2 29 2
53 1 21 2
71 0 22 2
69 0 81 2
5 0 1 1
65 1 35 1
39 0 33 0
92 0 89 0
70 0 68 2
36 0 40 2
53 0 5 0
40 1 57 1
84 0 19 2
98 0 49 2
68 0 90 1
30 2 19 2
54 0 28 1
95 0 55 1
70 1 77 1
57 0 52 2
72 1 78 2
56 2 96 1
8 1 71 2
29 0 8 2
72 0 5 1
38 1 72 1
1 0 54 2
31 1 85 1
45 1 98 2
35 0 41 2
53 0 11 1
12 2 89 2
85 0 81 1
70 0 3 1
58 0 85 2
54 0 91 2
43 0 45 1
31 0 86 2
4 1 7 2
91 0 42 1
33 0 31 1
49 1 62 2
9 0 52 2
71 1 7 1
70 0 52 2
89 2 91 2
68 2 72 2
64 0 18 1
82 0 71 1
67 0 66 2
70 0 66 2
69 1 21 1
89 0 99 1
3 0 27 1
20 0 3 2
40 0 96 2
32 1 45 1
84 0 30 1
54 1 17 2
27 0 91 2
33 0 14 1
27 0 35 1
61 0 10 1
27 1 88 2
47 0 46 1
99 1 78 2
44 2 23 2
32 2 99 1
47 0 8 2
30 2 34 2
55 2 37 1
91 0 92 1
51 1 37 2
68 0 16 0
68 0 95 0
1 0 49 1
82 0 2 1
72 0 80 2
89 0 79 2
70 0 86 1
69 0 20 2
66 0 90 1
45 0 47 2
41 0 98 1
60 0 47 1
28 1 59 2
90 1 51 1
96 0 13 1
59 1 46 1
68 0 30 2
1 0 6 2
41 0 76 1
40 0 66 1
71 2 65 2
77 2 33 2
49 1 38 1
64 0 9 1
28 0 6 0
98 0 31 1
9 0 98 1
87 1 61 1
27 0 8 2
84 2 34 2
56 0 33 2
30 0 26 2
88 2 4 2
54 0 99 2
44 2 25 1
34 0 67 2
26 1 98 1
81 1 84 2
84 2 34 2
11 2 29 2
94 1 87 1
27 2 30 2
18 0 8 2
77 0 81 2
53 0 50 1
50 0 23 2
5 0 8 1
80 0 45 2
1 0 45 1
87 0 48 2
71 2 83 2
22 1 39 2
22 0 25 2
57 0 28 1
17 0 25 2
52 2 93 2
67 2 72 1
84 0 59 1
92 1 100 2
48 0 1 2
51 1 20 2
83 2 54 2
100 1 83 1
70 0 36 2
30 1 42 2
9 0 95 1
58 0 59 1
74 0 7 1
70 0 99 1
18 0 9 1
30 0 39 2
12 0 98 2
41 0 92 2
63 0 28 1
45 0 81 2
25 0 5 1
55 0 1 1
52 1 96 2
61 0 75 2
5 0 52 2
57 0 21 0
78 0 45 1
64 0 91 2
48 1 44 2
43 0 23 1
92 0 54 2
100 1 86 2
89 0 94 1
19 0 6 2
56 2 14 1
39 0 46 1
90 1 86 2
85 0 71 2
26 1 18 2
97 2 92 1
55 0 70 1
50 0 27 2
31 0 3 1
97 0 93 1
64 1 14 2
51 0 32 1
99 0 60 2
76 1 3 1
83 2 20 1
68 0 97 1
56 0 36 1
1 0 13 1
8 0 39 2
23 1 54 2
51 2 19 1
74 2 69 2
52 1 18 2
38 0 30 1
40 0 96 2
25 0 86 2
80 1 42 1
87 0 81 1
73 1 92 2
72 0 24 1
100 0 52 2
16 0 29 2
52 0 3 2
51 0 18 0
25 0 59 1
36 1 19 1
54 0 18 1
42 2 85 2
48 1 14 1
90 2 6 2
73 1 47 2
45 0 82 1
37 0 75 1
98 2 1 2
96 0 99 2
89 1 93 2
16 0 52 1
75 0 49 1
34 0 22 2
39 0 38 2
93 0 8 1
43 0 23 2
41 1 33 1
99 1 87 2
37 0 88 2
95 0 57 0
44 2 58 2
87 0 53 1
99 0 37 1
15 0 25 0
75 0 67 2
51 0 27 2
81 2 72 1
70 1 72 2
74 0 35 0
16 0 50 1
65 0 90 1
86 0 43 0
57 0 49 2
52 0 25 1
47 0 91 0
42 0 99 2
40 0 4 1
46 0 5 1
90 2 55 2
21 0 32 1
20 0 65 1
77 0 78 1
31 0 32 1
49 1 81 2
91 0 11 2
98 0 75 1
28 1 100 1
8 2 23 2
33 0 48 1
98 0 90 2
37 0 91 2
8 1 75 1
3 0 92 2
68 1 94 1
82 0 15 2
25 2 62 2
67 0 84 2
19 2 25 1
80 0 13 2
94 2 25 1
79 2 10 2
40 1 7 2
45 1 38 2
72 2 29 2
19 0 78 2
50 1 89 2
90 2 95 1
41 2 10 2
13 0 67 2
60 0 23 2
17 1 34 1
4 0 31 0
70 0 75 2
20 0 31 2
98 0 51 2
51 0 55 1
60 1 69 1
93 0 49 1
71 0 66 1
54 0 35 1
77 0 39 2
21 0 11 1
87 1 61 2
99 0 26 1
5 0 10 0
26 0 4 1
85 0 84 2
3 2 6 1
32 0 61 0
93 1 60 1
26 0 49 2
11 0 13 1
53 0 49 2
20 0 31 2
55 0 48 0
22 0 43 2
76 0 70 1
55 2 23 2
51 0 92 2
24 2 1 1
56 1 81 1
88 0 2 2
68 0 36 0
53 0 48 1
23 0 28 1
92 0 72 0
20 0 68 1
27 0 18 0
27 1 58 2
56 1 48 1
1 0 10 2
64 0 6 0
60 0 79 2
84 1 29 1
7 0 48 1
66 0 5 1
57 0 75 1
49 1 17 2
82 0 23 2
58 0 80 1
81 1 41 1
57 0 52 1
52 1 46 1
31 0 28 2
82 0 77 0
24 0 53 1
9 2 63 2
42 0 59 1
60 0 88 2
99 0 66 1
3 1 9 2
70 0 20 1
64 1 13 1
34 0 51 1
79 1 68 1
77 0 40 1
14 1 67 2
91 0 56 1
31 1 61 1
95 0 45 2
91 1 62 2
11 0 8 2
42 1 18 1
61 0 46 1
22 2 52 1
32 1 85 1
65 0 32 1
44 0 87 0
63 0 35 2
97 0 87 2
84 0 22 2
43 0 60 1
86 0 55 2
77 0 72 1
94 0 73 2
33 0 63 1
35 0 14 2
1 0 13 1
55 0 95 1
92 0 65 2
34 0 92 1
47 0 64 1
65 0 25 1
59 1 69 0
77 0 32 1
7 0 60 2
91 0 34 1
52 0 27 2
22 2 70 2
66 0 26 1
94 0 20 2
59 0 19 1
1 0 9 2
28 0 37 1
52 0 20 0
51 1 57 1
66 0 93 0
84 1 50 2
35 0 95 2
60 1 70 2
46 0 14 2
70 0 89 2
36 0 38 2
36 0 22 1
39 0 59 1
42 0 22 2
94 1 16 2
88 2 18 2
39 0 73 2
64 0 9 1
24 0 90 1
37 0 91 1
12 0 64 2
61 2 16 2
88 2 55 2
10 0 26 2
85 0 95 2
9 0 11 0
18 0 41 2
26 0 9 2
99 0 20 0
47 0 10 0
52 0 46 0
89 1 65 1
38 0 39 2
91 1 7 2
94 2 72 1
87 0 26 2
90 2 95 2
37 0 8 2
91 0 38 2
89 0 20 1
7 0 9 2
10 0 9 1
41 1 86 2
80 0 68 1
47 1 74 1
37 0 67 1
64 2 26 1
50 0 23 2
35 2 1 1
89 0 22 1
95 2 93 1
40 0 48 1
94 0 17 1
68 0 54 0
67 0 99 1
67 1 69 1
22 2 68 1
61 0 3 2
29 0 50 1
77 0 28 1
55 0 50 1
24 2 25 1
97 1 32 1
65 0 32 2
89 0 86 2
35 0 76 2
74 1 24 2
2 0 55 2
46 1 17 2
51 0 76 2
75 2 34 2
27 0 13 0
80 1 19 2
1 0 41 1
32 0 98 2
18 0 24 2
28 1 47 1
22 2 50 1
43 2 82 1
26 2 10 2
100 0 36 1
19 1 65 2
9 0 1 2
14 0 2 1
58 0 64 1
84 0 66 1
80 0 28 1
56 0 37 1
71 0 74 1
25 1 18 2
14 0 98 0
9 0 18 2
96 0 20 1
98 0 78 1
44 2 43 1
3 1 23 1
81 0 13 1
59 2 87 1
95 0 67 2
47 2 70 2
77 0 85 1
35 0 55 2
45 2 25 2
51 0 28 1
50 0 11 2
95 0 37 2
64 1 62 2
60 0 84 1
36 0 94 2
4 2 20 2
23 0 90 1
9 2 8 2
60 0 30 2
89 0 79 1
58 0 79 2
10 0 84 1
78 0 27 2
79 1 17 2
83 2 57 2
99 0 32 2
78 1 50 2
33 0 81 1
30 0 73 1
46 0 16 0
69 0 51 1
55 2 80 1
58 0 42 1
86 0 53 1
78 0 80 1
31 0 97 1
65 0 73 1
48 0 42 1
32 0 36 1
65 0 87 0
63 2 42 1
67 1 78 1
70 0 52 1
56 0 19 1
43 0 24 2
42 0 90 2
66 2 80 1
65 0 24 2
38 2 72 2
12 2 87 1
44 0 22 2
63 0 32 2
62 1 69 1
88 0 32 2
13 2 31 1
24 1 5 1
36 0 90 2
44 1 83 1
75 1 67 1
69 0 23 2
44 1 74 2
73 2 36 2
66 2 43 2
69 0 43 1
63 1 39 2
67 0 93 1
13 0 100 0
75 0 25 2
36 0 44 2
77 0 84 2
30 2 58 2
24 0 47 2
80 1 47 2
19 0 84 2
20 0 24 2
36 0 55 1
92 0 64 1
24 0 90 1
5 1 78 2
48 0 34 1
49 2 46 2
49 0 12 0
66 1 70 2
41 0 87 0
71 0 91 2
33 1 60 2
26 0 30 1
78 0 22 1
74 2 95 2
37 0 17 1
50 0 79 2
31 1 71 2
10 0 63 0
54 0 31 2
60 0 98 1
100 1 41 1
37 0 49 1
52 1 16 1
44 0 73 2
30 0 62 2
14 0 78 0
44 2 34 1
78 0 36 2
92 1 90 2
79 0 19 1
6 1 89 2
28 0 33 0
40 2 50 2
32 0 2 1
78 0 66 1
18 0 8 2
93 0 78 1
30 0 11 2
78 0 24 1
36 0 90 2
86 2 6 2
13 2 37 1
46 0 73 1
37 0 22 2
44 0 66 1
82 0 30 2
98 0 51 2
45 0 97 1
25 0 72 0
47 0 21 0
21 0 50 1
48 0 78 2
76 0 14 0
54 0 94 2
6 1 68 2
65 0 87 1
82 0 72 1
19 0 29 2
79 2 82 2
75 0 85 0
33 0 14 2
8 2 82 1
69 0 55 1
72 1 57 2
93 0 74 2
20 2 82 2
67 0 92 2
6 0 43 2
35 0 81 2
65 0 56 2
50 1 37 2
36 0 53 2
53 1 57 1
92 0 69 0
25 0 59 2
46 0 2 2
88 1 70 2
75 0 43 0
22 2 81 2
69 2 58 2
81 0 71 1
21 0 67 1
100 0 92 2
75 0 33 2
79 0 64 2
24 0 22 2
1 0 31 1
87 2 61 1
93 0 51 1
63 0 49 2
17 0 68 2
71 0 5 0
21 0 15 1
42 0 1 1
45 0 95 1
25 0 13 2
87 0 20 2
33 0 67 2
25 0 49 1
43 0 25 1
94 0 88 2
19 0 94 1
35 0 57 0
61 0 8 2
55 0 100 0
31 0 66 2
90 2 98 2
19 0 24 1
99 1 62 1
88 0 45 1
34 0 86 2
86 0 51 2
71 1 29 1
42 1 21 1
38 2 46 1
19 0 28 1
42 2 78 2
87 0 40 2
65 0 56 1
53 0 13 2
7 0 35 2
12 0 76 1
66 0 84 2
54 1 41 1
42 0 59 2
88 0 82 2
80 0 49 1
91 0 9 2
19 0 23 1
62 0 8 1
87 0 70 2
55 2 20 2
77 0 32 1
8 2 9 2
75 0 13 1
27 1 61 1
54 0 10 1
43 1 95 2
67 0 15 2
93 0 64 2
58 0 89 1
53 0 41 2
38 0 11 2
91 0 43 2
22 1 48 1
30 0 53 0
17 1 86 2
73 0 94 0
21 0 75 2
59 2 99 1
86 1 12 1
35 0 19 1
37 0 91 0
2 2 18 2
9 1 1 1
45 0 90 1
37 0 30 1
17 0 2 2
51 1 61 1
49 1 42 2
61 0 20 1
70 0 43 2
18 0 31 1
62 0 73 2
98 0 38 2
38 0 13 2
85 1 62 2
30 2 99 2
1 0 37 2
73 1 49 2
72 0 96 1
33 0 11 2
6 0 84 1
19 0 30 1
4 1 39 1
26 1 74 2
93 0 85 2
2 1 64 2
67 0 91 0
79 1 44 2
91 0 56 1
63 1 52 2
70 0 98 1
55 2 5 1
80 2 86 1
29 0 6 2
15 0 35 2
22 0 97 0
96 0 3 2
98 0 78 2
92 0 85 2
77 0 22 1
5 0 2 1
66 0 86 0
17 0 49 1
65 0 93 2
18 2 96 1
3 0 28 1
96 0 2 2
95 0 11 2
1 0 11 2
25 0 65 2
28 2 86 2
39 0 53 2
23 0 13 2
60 0 85 2
40 0 59 1
77 0 32 1
98 0 83 2
40 2 58 1
47 0 79 2
55 0 28 0
14 0 68 0
74 0 92 0
6 1 51 2
54 0 85 2
52 0 68 1
82 0 94 1
86 0 1 1
35 0 64 2
38 0 56 1
16 0 33 2
3 0 9 1
22 1 41 2
55 0 79 2
68 0 73 2
99 1 86 1
21 0 68 2
85 0 45 2
19 2 93 1
83 0 96 0
12 2 57 2
56 0 11 2
40 1 62 2
96 1 58 1
16 0 94 2
80 1 42 2
64 0 3 1
81 0 15 1
43 1 65 2
93 1 57 1
21 1 91 2
74 0 47 1
56 2 91 1
51 0 11 2
22 0 64 1
87 0 30 2
67 0 89 0
32 1 95 1
1 0 99 2
75 0 96 1
20 1 34 2
46 0 75 1
79 2 87 2
92 0 1 0
5 0 94 2
81 0 79 1
4 2 20 1
20 0 76 1
42 0 45 1
1 0 87 1
55 2 23 2
70 0 85 1
63 0 46 0
81 1 38 2
33 0 44 1
97 1 65 2
99 0 63 0
61 0 67 1
18 0 17 1
94 2 36 1
58 0 45 2
94 2 51 2
96 0 32 1
2 2 25 1
28 2 78 1
33 0 56 2
99 1 95 2
36 0 92 1
18 0 20 2
97 0 6 1
19 0 84 2
27 0 64 0
43 0 69 1
16 0 99 2
30 2 78 1
11 0 37 2
61 1 37 2
17 0 75 2
87 1 34 2
28 0 24 0
92 0 6 0
34 0 4 2
86 0 78 2
18 0 10 1
74 1 69 1
2 0 96 0
95 0 32 2
72 0 69 1
5 0 58 2
43 0 13 2
94 2 17 2
34 0 80 1
38 0 83 1
60 0 99 2
77 0 75 1
93 0 65 1
58 0 59 2
60 0 90 1
95 0 73 2
43 2 20 2
55 0 19 0
22 1 32 2
5 0 8 1
46 0 40 2
34 0 15 1
13 0 64 2
90 1 67 2
65 0 28 1
84 1 77 1
99 0 79 2
49 2 81 2
72 0 45 1
32 2 61 1
74 0 64 1
9 0 82 0
62 0 89 2
64 1 17 1
53 1 5 1
39 0 90 2
84 0 6 1
61 0 51 2
67 0 45 1
49 0 93 0
66 2 55 2
97 1 66 2
41 0 22 2
35 0 18 2
60 0 41 2
90 2 15 2
15 2 25 2
61 0 97 1
24 2 87 1
9 1 69 0
82 0 88 1
33 0 39 1
58 0 39 1
82 0 98 2
17 2 20 1
92 0 73 2
27 1 71 2
14 0 52 1
43 0 55 1
12 0 88 1
56 0 84 1
85 0 80 1
76 1 88 2
21 0 43 1
28 1 2 2
1 0 54 1
28 1 2 1
19 0 35 1
94 0 95 1
91 0 12 1
20 0 41 1
67 0 4 2
39 0 59 2
85 0 35 2
73 0 39 1
23 0 18 0
48 0 57 2
67 1 34 2
23 0 70 0
30 2 40 2
84 0 40 0
36 0 15 2
37 0 93 2
6 0 59 1
84 2 41 2
57 0 22 2
63 0 84 2
33 0 12 1
77 0 47 2
25 1 33 1
96 0 52 2
94 2 46 2
72 0 80 2
28 0 69 2
19 2 93 1
64 1 32 2
98 1 70 2
21 1 25 2
8 0 30 2
88 0 24 1
29 0 12 2
57 0 13 1
8 2 42 2
75 1 46 1
69 1 7 1
29 0 83 2
65 0 3 1
9 0 92 0
96 0 4 2
76 1 95 2
64 2 63 2
74 2 17 1
23 0 59 2
51 0 25 0
15 0 1 0
95 0 38 1
29 1 72 1
25 0 54 2
31 0 90 1
66 0 9 1
30 2 71 2
5 0 6 1
81 0 35 2
75 1 98 1
82 0 3 2
32 0 42 2
64 0 19 0
75 0 56 2
32 1 36 2
32 0 28 2
63 0 30 1
27 0 49 2
69 0 78 2
25 0 43 2
80 2 25 2
28 0 11 0
75 1 70 1
66 2 92 1
65 1 16 2
68 2 50 2
11 0 26 1
72 2 33 1
23 0 45 2
27 0 79 2
45 0 57 1
66 0 73 1
52 0 79 2
98 0 49 1
100 0 42 1
15 0 14 1
53 2 37 2
13 2 11 2
74 0 38 2
61 0 84 1
45 0 34 0
91 0 6 1
24 2 21 2
19 0 59 1
78 0 8 2
67 0 84 2
84 1 15 2
53 0 37 1
51 0 66 2
65 1 69 2
80 2 77 1
10 2 20 1
15 2 42 1
63 0 72 2
12 0 72 1
86 0 27 1
18 0 37 1
51 0 58 2
93 1 96 1
75 0 21 2
46 2 58 1
4 0 7 1
26 1 20 2
92 1 29 1
25 2 60 2
2 0 34 2
30 1 34 1
73 0 95 0
41 2 19 2
29 0 55 2
85 0 96 0
21 0 80 2
47 0 56 1
4 1 34 2
97 0 58 2
43 0 94 2
28 2 51 1
35 0 15 2
82 0 95 1
17 2 5 2
18 1 36 2
23 0 77 2
30 2 38 1
89 0 8 2
45 1 47 2
2 2 50 1
7 0 18 2
85 0 84 1
26 0 78 1
95 0 40 2
13 0 7 0
35 0 92 1
97 2 41 2
33 0 99 1
4 1 42 1
63 0 100 2
48 0 98 2
39 2 42 2
65 1 35 1
90 0 49 1
31 0 99 2
86 0 32 2
73 0 85 0
34 0 86 1
89 0 78 1
13 0 31 2
52 0 64 1
25 1 20 2
46 0 47 1
66 1 10 1
33 0 23 2
19 0 49 1
80 0 47 2
60 0 15 2
21 0 43 1
42 1 58 2
77 0 54 2
16 0 83 2
16 0 40 2
17 0 96 0
24 0 40 1
98 0 85 2
74 0 48 2
81 1 84 2
69 0 49 2
82 0 19 1
73 1 46 1
60 0 99 1
86 2 67 2
42 1 95 2
74 0 73 1
81 2 5 2
76 2 17 2
1 0 71 2
48 0 76 1
42 1 41 2
81 0 27 1
11 0 79 2
10 1 23 2
5 0 40 1
55 0 63 0
36 0 31 2
81 0 53 1
26 0 61 1
81 2 78 2
40 0 56 1
58 0 65 2
71 0 51 1
80 2 42 1
4 2 11 2
68 0 90 1
86 1 17 1
7 0 28 1
82 1 72 1
100 0 77 0
17 0 73 1
43 0 14 2
76 0 10 1
22 1 99 1
14 1 48 2
86 1 16 1
83 2 7 1
100 1 94 2
9 2 35 1
73 0 90 1
4 0 72 0
90 0 11 2
52 0 81 2
12 2 60 1
2 2 92 1
53 2 11 2
74 0 1 2
33 2 69 2
40 0 28 1
62 0 55 1
29 0 15 1
3 2 35 1
7 1 25 2
16 0 64 1
12 1 85 1
95 0 7 0
46 0 68 2
46 0 23 1
7 0 76 1
48 2 19 2
19 0 28 2
48 1 9 2
9 2 68 2
4 0 73 2
40 0 25 0
11 0 53 1
25 0 43 2
98 1 58 2
97 1 5 1
6 0 17 0
64 1 62 2
40 1 5 1
82 0 68 2
43 0 4 1
19 0 24 2
97 1 71 2
59 0 89 1
91 0 63 2
32 0 31 2
60 0 92 2
57 0 4 1
25 0 99 1
75 2 36 1
95 0 56 1
3 0 11 1
29 0 67 1
60 0 44 1
16 0 86 2
36 0 35 0
48 1 86 2
55 0 37 1
91 0 30 1
40 1 69 1
59 0 30 2
83 2 57 2
8 1 70 1
47 0 17 1
62 0 46 1
21 0 73 2
5 1 46 2
10 0 4 2
27 0 67 2
9 0 89 0
74 1 27 2
67 0 84 2
19 2 7 2
65 0 1 0
62 1 21 1
52 1 85 1
9 1 3 1
46 1 54 1
38 0 45 2
21 0 44 1
23 0 66 1
49 0 25 1
44 2 38 1
29 0 78 1
66 0 59 2
89 2 50 1
24 1 81 2
93 0 88 1
96 0 1 2
96 0 57 1
51 0 72 2
99 0 54 0
94 0 26 0
18 1 25 2
51 0 18 1
83 0 65 0
45 0 1 0
68 0 52 1
55 0 43 1
31 0 84 2
23 2 43 2
79 2 41 2
37 0 86 1
87 0 92 1
8 0 66 0
18 0 44 2
96 1 33 1
20 1 69 1
87 0 15 2
11 0 48 2
24 0 66 2
36 0 71 2
25 0 15 2
32 2 87 2
11 1 20 1
65 0 29 2
32 2 29 2
85 0 44 1
46 2 65 2
82 0 89 1
24 0 92 2
94 0 8 2
54 2 7 2
6 2 65 2
18 0 9 1
18 0 24 2
14 1 89 2
61 0 83 2
94 0 87 2
86 0 99 0
52 0 5 2
22 0 36 2
62 0 70 2
92 2 78 1
61 0 49 1
7 0 52 2
23 1 40 2
71 2 50 1
52 1 67 2
77 0 83 1
88 1 83 1
23 0 58 0
37 0 6 1
74 2 20 1
66 0 40 1
61 0 47 2
80 0 100 1
19 0 30 1
63 0 74 1
56 0 70 1
82 1 96 1
56 0 79 0
7 0 81 2
4 0 65 0
78 0 75 1
30 0 88 2
23 0 66 1
75 0 14 1
7 1 72 2
57 0 22 1
64 0 74 1
64 2 20 1
49 0 65 2
70 0 2 1
64 1 53 1
82 0 71 1
4 0 27 1
98 0 21 1
28 2 95 2
61 0 76 2
27 1 16 2
10 1 31 2
14 0 54 0
89 2 70 1
99 0 45 1
5 0 62 1
25 1 69 2
77 0 1 1
22 1 66 2
45 0 84 0
98 0 59 1
19 2 61 1
34 2 7 1
51 2 1 1
100 0 8 1
92 0 79 2
22 0 36 2
90 1 93 2
85 0 83 1
51 1 21 2
5 1 31 1
89 0 96 1
83 0 100 2
60 0 20 2
90 1 78 2
90 0 79 2
98 0 69 2
93 0 100 2
21 0 91 1
51 2 5 1
90 0 60 2
72 0 80 2
97 0 17 1
25 0 83 1
75 0 64 1
44 1 31 2
74 0 47 1
91 0 52 1
28 1 93 1
37 0 65 1
94 1 84 2
79 1 54 2
12 2 83 2
65 0 46 1
73 1 21 1
1 0 36 2
62 0 72 1
17 0 32 2
35 0 80 1
91 0 100 2
59 2 77 1
91 1 82 2
9 1 64 1
75 0 64 1
94 0 88 2
90 2 38 2
30 0 84 0
77 0 99 2
52 2 33 2
21 0 54 1
36 0 22 2
10 1 23 2
39 0 30 1
40 0 66 2
52 0 73 1
8 1 25 2
17 0 72 2
38 0 58 0
6 0 55 2
9 0 51 1
43 0 39 1
44 1 93 1
56 1 46 2
68 2 20 1
53 2 1 1
4 1 44 1
80 2 43 1
91 0 53 2
98 0 51 2
61 0 23 1
49 1 45 1
4 0 100 2
92 1 62 1
63 0 39 2
32 2 51 1
87 1 7 2
67 0 65 0
22 1 92 1
2 2 34 1
3 0 70 2
4 1 87 2
77 0 28 1
37 1 96 1
4 0 53 0
51 0 97 1
17 0 22 1
39 2 87 1
61 2 21 2
8 0 60 2
86 0 92 1
58 0 23 2
91 0 42 2
62 0 80 1
31 1 41 1
56 2 34 2
95 0 86 2
34 0 89 2
34 0 68 1
85 0 15 1
18 0 30 2
82 1 61 2
22 1 31 1
78 0 54 1
63 0 74 2
30 2 36 2
87 0 43 2
44 1 70 1
40 1 44 2
96 0 32 1
60 0 70 1
29 0 60 2
87 0 67 1
86 1 24 2
14 0 46 1
82 1 72 2
85 0 35 0
20 0 52 2
47 0 66 2
10 0 32 2
64 1 80 1
43 0 100 1
92 0 3 2
50 0 90 1
81 0 96 2
48 2 68 1
3 1 63 2
69 0 4 1
13 1 15 2
30 0 55 2
98 2 21 2
3 0 2 2
95 0 13 2
42 0 96 0
23 2 5 1
97 0 56 1
67 0 28 2
14 1 17 1
19 0 95 1
88 1 2 2
92 0 99 1
81 0 90 2
100 0 2 2
48 1 8 2
74 0 13 1
69 0 47 2
66 2 21 1
32 0 43 1
74 1 85 2
3 2 52 2
56 0 11 2
52 0 86 2
13 0 86 2
51 1 19 2
71 0 4 2
85 0 100 1
90 1 57 1
46 0 7 2
75 1 50 1
66 0 11 2
2 0 20 2
60 0 83 1
78 0 79 2
46 0 79 1
42 0 60 1
32 0 60 0
32 0 83 0
53 1 95 1
84 0 42 0
94 2 52 2
25 1 21 2
90 0 22 1
77 1 91 1
45 0 5 0
11 0 95 2
82 0 86 2
66 1 86 2
41 0 2 1
98 0 13 1
78 0 47 1
64 1 4 2
32 2 96 2
52 0 2 1
35 0 46 2
63 0 40 2
93 0 46 2
28 1 77 1
14 0 64 2
92 2 21 2
60 0 100 2
64 2 81 2
40 2 31 2
89 1 95 2
47 0 45 2
95 0 45 1
92 0 48 2
100 0 69 1
78 1 82 2
90 0 22 2
64 0 71 2
51 0 11 2
46 0 20 1
11 0 59 1
69 0 4 2
11 0 81 2
40 0 76 1
70 0 38 1
79 1 89 2
88 2 63 2
11 2 16 2
88 1 91 2
98 0 86 1
8 1 47 1
22 0 57 2
7 0 48 1
59 0 69 1
47 2 57 2
3 0 80 2
32 2 16 2
88 0 74 2
72 2 98 1
31 1 62 2
15 0 36 1
69 0 17 1
93 0 26 1
52 0 3 2
7 0 50 1
12 2 1 2
60 0 96 1
86 0 38 2
99 2 91 2
64 2 61 2
1 0 71 2
8 2 39 2
71 1 96 1
71 0 93 2
66 2 68 1
52 0 39 1
29 0 38 2
63 0 69 1
62 0 24 2
78 0 10 2
2 1 83 1
8 0 74 0
96 0 95 2
69 0 2 1
78 0 2 2
93 0 4 1
16 1 72 2
8 0 3 2
10 2 85 2
54 0 88 1
71 2 42 2
14 1 68 2
99 0 50 1
44 2 7 2
46 0 81 1
85 0 5 2
49 0 92 2
24 0 64 1
21 0 90 2
39 0 30 2
88 1 63 1
82 0 54 1
96 0 95 1
64 0 100 0
16 0 90 2
56 0 28 0
29 0 79 1
35 0 73 1
67 0 44 1
25 0 72 1
32 0 8 1
66 0 92 0
60 0 66 1
53 2 7 2
9 1 62 0
19 0 100 1
1 0 87 2
16 0 56 2
2 0 34 2
79 2 6 2
14 0 24 0
92 0 26 0
52 0 79 1
75 0 86 0
70 0 100 1
45 1 62 2
60 0 16 1
65 0 9 1
93 0 79 2
73 0 44 0
69 1 91 2
89 0 48 1
42 0 49 1
67 0 98 1
99 0 25 1
42 0 94 1
8 0 64 0
1 0 38 1
21 0 89 1
85 0 13 1
36 0 97 1
41 2 19 2
70 0 43 1
25 0 92 1
16 0 32 1
7 0 83 2
46 0 75 2
8 0 66 2
54 0 89 0
33 0 28 1
68 1 6 2
7 0 3 2
92 2 39 2
16 0 32 1
95 0 49 2
11 1 3 2
53 0 66 1
58 0 20 1
12 1 35 1
95 0 22 1
83 1 35 2
14 1 68 2
91 0 38 1
34 1 10 2
4 0 94 2
59 1 27 2
29 0 19 2
63 0 31 0
6 1 42 2
100 1 29 2
37 1 21 2
29 0 81 1
8 0 79 1
65 0 26 1
69 2 98 2
17 0 4 1
47 0 76 1
89 0 91 1
22 2 3 1
2 0 35 0
97 0 51 1
8 1 41 1
2 0 53 2
3 0 74 0
72 0 86 2
18 0 46 2
45 0 11 2
78 1 69 2
4 0 91 1
86 0 68 1
75 0 49 2
66 0 16 1
57 0 63 2
22 2 24 1
20 0 6 2
6 0 17 1
15 0 58 0
21 0 81 2
3 1 48 2
23 0 38 2
69 0 86 1
9 0 63 2
38 0 8 1
52 2 70 1
95 0 86 2
43 0 100 2
99 0 2 2
79 0 43 1
10 0 65 1
25 0 15 1
81 1 18 2
59 0 82 0
52 0 55 1
65 0 89 1
81 0 83 0
17 1 57 2
26 0 74 1
48 0 88 2
37 0 56 2
27 2 67 2
94 0 58 1
26 0 82 2
69 0 28 2
85 0 61 0
18 0 51 2
49 2 53 1
2 2 18 2
6 0 45 2
78 0 93 0
10 0 79 2
97 2 8 2
76 0 33 1
6 0 20 2
2 1 46 1
56 1 95 2
20 0 28 1
83 0 47 1
71 0 85 1
4 2 95 2
2 1 61 2
5 2 1 1
57 0 69 0
70 0 28 1
65 0 36 1
45 2 69 1
2 0 46 0
69 0 86 2
51 0 38 2
30 1 94 1
14 2 89 2
4 2 67 2
83 0 24 2
71 0 100 2
76 2 100 2
63 2 46 2
15 2 91 1
33 0 97 2
28 1 8 2
3 2 91 2
92 0 73 2
100 0 45 1
12 0 5 1
37 0 5 1
55 0 4 1
90 0 45 0
33 0 20 2
2 0 25 1
16 0 93 1
16 0 83 1
25 0 82 0
34 1 58 1
55 0 27 0
21 0 59 2
78 0 3 1
33 0 28 1
56 2 50 2
29 0 25 1
75 0 45 1
8 1 56 1
3 1 26 2
34 0 96 2
60 0 30 1
53 1 7 1
80 2 65 1
58 0 42 1
63 0 81 1
63 0 86 2
46 2 63 2
30 1 36 2
7 0 99 1
51 0 60 0
80 0 13 1
86 0 89 2
68 0 9 2
59 0 38 1
55 0 34 0
22 2 27 1
46 0 43 2
46 0 28 1
94 0 61 0
82 1 78 2
23 0 62 0
6 2 85 1
88 2 35 2
56 0 80 1
19 0 70 1
65 0 26 1
76 1 85 1
1 0 9 1
20 0 24 2
24 0 1 1
26 0 86 2
30 1 54 1
32 2 74 2
40 0 32 1
4 1 18 1
45 1 61 1
47 2 96 1
56 2 73 2
1 0 95 2
78 1 60 2
59 0 64 0
1 0 15 2
6 0 13 1
63 0 78 0
35 0 52 2
12 0 42 2
18 0 52 1
90 2 87 2
11 0 37 2
53 2 37 2
81 2 93 1
64 0 13 2
7 0 89 1
71 1 51 2
3 1 59 2
44 1 75 1
1 0 98 1
37 0 17 1
61 0 93 0
47 2 31 2
62 0 67 1
60 0 100 1
93 0 48 1
20 0 93 1
56 0 23 1
76 1 61 1
92 1 24 1
3 2 42 2
43 0 63 1
16 0 35 2
18 0 14 2
90 0 46 2
88 1 39 2
79 0 7 1
98 2 37 2
42 1 54 2
77 0 86 1
55 1 56 2
17 2 57 1
61 0 46 2
98 0 66 2
9 1 62 2
31 0 22 1
35 0 81 2
1 0 9 1
60 0 97 1
55 0 70 1
64 1 67 1
89 0 37 1
11 2 46 2
80 2 68 2
59 0 81 2
34 1 36 2
59 1 17 2
42 1 41 2
31 0 4 2
45 0 22 1
72 0 13 2
69 0 99 2
24 0 51 2
41 0 99 2
18 0 68 1
51 0 39 2
70 0 48 1
27 1 86 1
66 0 65 2
39 0 45 2
47 0 94 0
23 0 12 2
10 1 17 2
11 0 3 2
31 0 68 2
94 1 6 1
45 1 55 1
6 0 3 2
13 2 89 1
78 0 53 2
45 1 25 1
37 0 44 1
19 0 57 0
63 1 29 1
33 0 45 2
87 0 15 2
5 0 2 2
75 0 80 0
84 0 59 1
44 0 18 1
50 0 32 1
3 2 93 2
11 1 90 2
34 0 21 2
19 1 87 1
59 2 71 1
57 0 64 2
78 0 29 0
51 0 2 1
57 0 88 1
54 0 9 2
55 2 46 1
49 0 33 1
15 0 90 2
14 1 99 2
23 0 78 1
45 0 50 1
95 0 4 1
34 0 46 1
17 0 73 1
2 0 20 0
88 0 60 1
36 0 27 1
47 2 5 2
10 0 4 1
74 0 9 2
37 0 51 2
51 0 49 2
16 1 7 2
22 2 15 1
12 2 63 2
41 1 91 2
77 0 76 2
90 0 24 1
67 2 33 2
53 1 69 1
34 0 64 2
52 2 57 2
63 2 77 2
49 2 61 2
38 0 39 0
61 0 26 1
72 0 38 1
81 0 72 2
93 0 88 2
82 0 81 1
3 0 90 0
3 0 26 2
60 0 56 2
75 1 53 2
85 0 73 2
99 2 25 1
51 0 78 2
85 0 74 1
5 0 80 2
98 0 61 1
1 0 89 1
68 0 95 1
69 0 32 1
86 0 22 2
52 2 23 2
9 2 24 2
48 1 65 2
62 0 70 2
51 2 67 2
59 1 51 1
45 2 26 1
56 1 73 1
14 2 68 2
77 0 44 1
14 0 99 1
11 0 97 1
97 2 92 2
64 0 56 2
48 1 19 1
72 0 100 1
29 0 56 1
73 1 17 2
14 0 32 1
5 0 75 1
13 0 49 1
41 1 86 2
100 1 17 1
85 0 6 2
30 2 44 2
33 0 30 2
51 0 70 2
64 1 50 1
58 0 22 1
41 0 90 2
10 1 6 2
41 0 88 2
28 1 32 2
57 0 94 2
42 0 48 2
77 0 34 1
37 0 56 2
16 0 41 2
14 0 19 1
55 1 27 2
18 0 81 2
42 1 20 2
3 1 36 1
93 0 3 1
8 2 61 2
9 0 14 2
24 1 7 2
97 0 16 1
5 2 93 2
20 0 23 1
11 2 5 1
23 0 13 2
90 0 74 1
79 0 99 2
43 0 71 2
88 2 46 2
58 0 80 1
75 0 41 2
77 0 38 2
80 1 52 1
13 1 47 1
67 1 61 2
48 0 44 1
39 0 78 1
41 0 55 1
99 2 65 1
79 1 62 0
66 0 59 2
15 2 34 2
6 1 7 1
40 1 44 2
79 1 91 0
33 0 83 2
46 2 71 2
42 0 61 0
32 2 76 2
96 1 98 1
24 0 59 2
42 0 27 1
44 2 42 1
11 0 53 2
82 0 39 1
61 0 68 1
55 2 6 1
1 0 98 0
4 2 60 2
26 1 75 2
1 0 31 2
12 0 77 0
87 1 50 2
35 0 83 2
32 0 77 2
51 0 88 2
57 0 92 2
59 1 69 1
6 0 12 0
72 0 26 2
55 0 98 0
8 2 83 2
53 0 73 2
65 0 73 2
5 0 89 0
11 2 60 2
4 1 92 1
78 0 24 2
94 1 52 1
57 0 98 1
93 0 84 2
62 0 57 2
51 1 34 1
28 1 9 2
72 0 14 2
83 0 77 1
66 1 91 0
49 2 20 2
76 2 19 2
1 0 9 2
2 0 48 2
57 0 23 1
24 0 74 2
90 2 31 1
23 0 48 2
27 2 25 1
22 0 61 1
95 0 81 1
98 0 1 1
48 0 27 1
53 1 47 2
55 1 75 1
55 1 4 1
76 0 30 1
4 0 34 1
28 1 27 2
10 0 100 1
22 2 84 2
98 0 48 1
66 1 78 1
83 1 78 1
54 0 8 2
24 0 45 1
49 0 58 2
87 0 20 0
85 1 1 2
34 2 16 1
30 1 96 1
25 0 82 0
12 0 10 1
1 0 86 1
23 0 81 2
42 0 56 1
56 2 100 1
69 0 23 2
20 1 61 2
73 0 84 0
80 1 87 1
43 1 7 2
96 2 7 2
93 0 73 2
75 2 77 2
6 1 39 1
30 0 53 1
67 0 20 0
12 2 93 2
86 0 73 1
7 0 86 1
54 0 47 1
49 0 89 0
46 0 90 1
38 0 45 2
100 1 63 2
69 0 25 1
38 0 22 1
13 1 57 2
57 0 39 1
30 0 15 0
6 0 56 2
67 0 22 1
34 1 62 1
57 1 82 2
14 2 2 2
85 0 87 0
62 0 55 1
87 0 88 1
40 0 35 2
37 0 28 1
15 0 14 1
46 0 68 2
92 0 17 2
71 1 21 2
21 0 15 2
65 0 68 2
12 0 4 2
21 0 86 2
92 2 5 1
18 0 42 2
37 0 54 1
28 1 27 1
8 1 34 2
35 0 11 1
8 2 36 1
71 0 44 2
10 1 52 2
81 0 59 2
95 1 62 1
84 2 29 2
25 0 30 2
61 0 12 1
91 1 16 2
39 1 51 2
79 2 23 2
10 0 8 1
67 0 11 2
32 2 16 1
14 2 20 2
36 0 27 2
8 1 25 1
95 0 89 0
27 0 14 0
95 2 16 1
50 0 19 2
71 0 21 1
91 0 13 2
18 1 72 2
67 1 24 2
6 0 92 2
57 0 47 2
81 1 16 2
2 0 25 1
10 0 51 2
39 0 79 2
16 0 94 1
34 0 46 1
74 0 50 2
73 0 46 0
60 0 84 1
9 2 36 2
59 0 85 1
76 0 61 1
25 0 71 1
1 2 37 2
3 2 42 1
85 0 55 1
69 0 72 1
81 2 68 2
76 0 83 1
28 0 80 1
59 2 14 2
89 0 17 1
85 1 25 1
50 1 82 2
40 0 26 2
46 0 54 2
4 0 23 1
85 0 74 1
32 2 47 1
74 2 63 2
75 2 67 1
49 2 93 2
87 0 9 1
35 0 79 2
62 0 40 1
51 0 8 1
50 0 37 2
43 1 71 2
25 0 77 2
41 0 4 1
48 0 15 2
71 1 91 1
1 0 26 1
81 0 53 2
20 0 88 1
25 0 52 2
18 2 77 1
21 0 38 1
19 0 71 1
30 2 1 1
19 0 31 2
75 1 91 2
31 1 21 1
57 0 75 2
81 2 89 2
86 0 32 1
35 0 28 2
17 0 27 2
3 2 34 2
69 0 18 2
74 0 41 0
97 2 38 1
83 0 55 2
14 0 33 2
64 0 76 1
14 0 24 0
16 0 40 2
18 0 13 2
59 0 38 2
74 0 100 1
50 0 76 1
3 0 14 1
6 0 31 0
3 0 61 2
36 1 10 2
39 0 42 1
11 2 46 1
75 2 50 2
58 0 10 2
25 1 57 1
63 2 25 2
54 0 58 2
81 1 86 1
54 0 89 1
98 0 18 1
65 0 44 1
65 0 4 1
89 0 100 2
66 0 82 2
18 0 15 2
77 1 29 2
32 2 74 1
100 0 4 0
36 0 45 2
7 0 90 1
37 0 98 0
21 0 97 1
14 0 54 2
47 0 73 2
77 0 7 2
97 1 7 1
46 0 41 0
52 0 88 2
32 0 20 0
55 0 57 2
56 0 52 2
9 1 30 1
48 0 22 1
34 0 28 1
96 0 25 2
75 0 9 1
15 2 83 2
24 0 68 1
39 0 22 1
68 1 54 1
72 0 1 2
56 1 35 1
9 2 16 1
60 0 31 2
79 1 64 1
73 2 70 2
23 0 65 2
49 0 71 2
7 0 46 1
15 1 99 2
38 1 30 2
79 1 3 1
86 0 59 2
41 0 34 1
91 0 44 1
42 0 83 2
24 1 33 1
17 1 54 2
43 0 48 2
36 0 27 2
12 1 65 1
88 2 65 2
55 0 32 1
57 0 41 2
96 0 73 1
98 0 51 2
36 0 26 2
45 2 47 1
98 0 3 1
8 2 21 1
32 0 89 0
11 0 85 0
38 2 10 2
26 0 32 1
34 2 87 1
60 0 8 2
30 2 54 2
49 0 88 0
12 1 6 1
64 0 1 0
12 1 23 2
82 1 7 1
76 0 54 1
30 1 3 2
58 0 94 1
15 0 82 0
76 0 98 0
56 0 79 2
98 1 61 2
56 2 55 2
19 2 93 2
93 2 77 2
36 0 76 2
46 0 4 2
96 0 68 2
94 0 87 0
42 2 25 1
20 0 67 2
54 0 75 1
64 1 66 2
79 2 70 1
32 1 69 1
51 2 23 2
20 0 48 2
49 2 17 1
55 0 88 1
83 0 1 1
82 0 4 2
93 0 18 1
96 0 54 1
74 2 89 1
23 0 87 0
80 0 32 2
30 2 11 2
6 0 51 1
93 0 58 2
92 2 46 1
61 0 30 1
62 0 64 2
21 0 17 2
48 1 60 1
44 2 93 2
97 2 4 1
29 2 21 1
24 0 10 1
29 0 63 1
15 1 54 1
98 0 83 2
19 0 98 0
70 0 8 1
16 0 64 2
20 0 80 2
69 0 32 1
59 0 91 1
95 0 41 1
97 2 51 2
20 0 89 1
70 1 82 2
92 0 8 2
11 0 62 0
76 1 94 1
63 2 78 1
27 1 80 1
11 0 56 1
69 0 14 2
1 0 16 0
27 0 88 1
56 2 80 2
15 2 21 2
30 0 9 1
46 2 78 1
3 0 17 0
47 1 38 1
51 1 70 1
41 0 25 1
32 1 76 2
17 2 50 1
12 0 79 1
64 2 50 1
38 0 44 1
55 1 90 1
60 0 31 2
32 0 14 1
65 0 56 1
58 0 53 1
48 0 62 2
36 0 94 1
90 0 28 1
60 0 92 2
9 0 15 1
60 0 96 0
22 2 12 1
1 0 30 1
6 1 41 2
21 0 73 1
85 0 62 0
20 0 30 2
1 0 65 2
39 0 97 2
45 2 44 1
99 2 93 2
88 2 20 1
20 0 100 2
12 2 58 2
70 2 58 2
76 0 5 0
83 0 51 1
13 1 86 2
14 2 46 1
43 0 54 1
78 1 50 2
21 0 18 1
64 1 22 2
1 0 47 1
52 2 20 1
90 2 7 1
95 0 38 1
41 2 35 2
73 1 51 1
86 0 5 0
45 2 60 1
31 1 10 2
98 0 65 1
90 0 70 1
19 0 4 2
97 1 80 2
10 0 9 1
28 2 90 2
71 0 23 2
3 0 82 0
59 1 93 2
46 0 53 2
18 0 33 1
5 1 36 2
72 0 11 2
5 0 14 2
73 0 36 0
69 0 8 2
79 1 97 2
1 0 85 2
93 0 63 1
22 2 63 2
27 1 61 2
61 0 86 1
25 0 75 2
92 2 99 2
23 1 63 2
66 2 20 2
41 1 70 2
75 2 33 2
11 2 95 2
94 1 50 2
55 2 20 1
18 0 41 2
93 0 4 1
33 0 47 2
43 0 96 2
98 0 28 2
75 0 88 1
20 1 62 2
33 0 93 1
49 2 18 1
32 0 70 0
84 0 27 2
97 0 85 0
43 0 74 2
43 1 72 1
98 1 61 2
58 0 36 2
88 2 16 1
26 0 59 2
57 1 33 1
12 0 33 1
61 2 96 1
36 0 24 2
86 2 65 2
41 0 70 2
18 0 97 2
46 1 33 2
15 0 44 2
88 0 43 0
30 2 31 1
61 0 53 2
1 0 80 2
81 0 87 2
92 1 42 1
2 0 76 0
37 0 54 1
55 1 12 1
99 0 22 1
18 0 65 1
79 2 86 2
4 0 70 0
57 0 58 1
47 0 27 1
64 0 6 2
91 0 75 2
29 2 7 1
80 0 25 2
56 0 93 2
75 2 25 1
9 0 55 2
37 0 44 2
20 0 22 1
57 0 2 2
58 0 97 1
52 2 17 2
41 1 42 1
80 0 64 1
57 0 1 0
6 0 18 0
44 0 56 2
18 1 37 2
27 2 42 2
82 0 36 1
20 0 69 0
88 1 99 2
68 1 77 1
100 0 17 1
15 1 51 1
82 2 7 2
9 0 63 2
91 0 38 2
65 0 74 1
75 2 5 2
15 1 52 1
83 0 23 2
5 0 27 1
59 0 24 2
6 0 56 1
82 0 16 1
33 0 17 2
2 0 90 0
5 0 23 1
18 0 55 1
39 1 60 2
56 1 25 1
22 1 39 2
47 0 26 1
94 0 14 2
16 0 31 1
46 1 54 2
24 0 49 1
92 0 87 1
94 0 71 2
96 0 61 2
18 0 26 1
51 0 70 1
57 0 5 2
57 0 44 2
20 0 9 1
63 2 29 1
94 1 87 2
15 0 7 0
9 0 73 1
40 0 17 2
98 0 9 2
82 0 86 1
91 0 39 1
87 0 98 1
91 0 38 1
79 0 24 2
81 0 64 1
59 0 91 2
26 1 69 1
10 1 51 2
6 2 93 2
63 0 80 1
32 0 19 1
56 2 17 2
76 2 64 2
65 0 64 1
58 0 50 2
74 2 69 2
95 1 85 2
99 0 54 0
21 0 52 1
55 1 90 2
95 0 88 2
62 0 29 2
60 0 66 2
20 0 90 2
65 0 59 1
6 0 11 2
85 0 90 1
32 2 10 1
15 0 86 2
97 2 17 2
20 1 29 2
62 0 72 1
25 0 100 1
22 0 50 0
8 0 37 1
99 0 87 1
47 2 29 1
66 2 80 2
5 0 22 2
32 0 11 1
49 0 28 1
37 0 9 1
37 0 77 0
22 2 7 2
51 2 98 1
59 1 88 2
61 0 82 0
52 0 47 1
17 1 93 1
33 0 23 2
80 0 13 2
29 0 16 2
96 0 14 2
54 0 1 0
96 0 36 2
54 0 84 1
41 0 40 2
23 0 24 1
21 0 8 2
98 1 60 2
23 0 59 2
14 2 99 2
72 0 3 1
39 0 45 1
18 0 66 2
96 0 42 1
26 1 40 1
50 0 18 0
62 0 2 1
20 1 93 1
90 1 97 2
99 1 91 1
81 0 100 1
62 0 81 2
74 1 95 1
3 2 29 2
50 0 90 2
35 0 78 1
52 0 20 0
44 0 58 2
37 0 78 1
28 0 25 1
56 2 24 2
13 1 67 2
77 1 7 2
79 2 82 1
13 1 81 1
68 0 77 2
66 1 22 2
26 0 99 0
37 0 98 0
72 0 9 2
8 0 27 1
90 2 20 1
32 0 96 0
81 1 25 2
67 0 74 2
61 1 19 2
8 0 99 0
46 0 32 1
54 0 3 1
39 0 16 2
72 0 99 1
78 0 41 2
24 2 39 2
17 2 23 2
33 0 63 1
8 0 68 0
18 0 55 2
17 0 34 1
45 1 31 2
42 0 88 1
6 0 38 1
80 1 43 1
22 0 88 2
62 0 12 2
68 0 61 1
24 0 43 2
75 0 30 2
98 0 72 2
38 0 58 0
83 0 14 2
64 0 26 1
12 1 36 2
6 0 94 1
96 0 55 1
86 0 73 2
90 0 49 2
49 0 3 1
14 0 82 1
73 1 31 2
89 0 2 1
93 2 37 2
100 0 75 0
32 2 42 1
92 0 59 2
29 0 15 2
12 0 13 1
89 0 17 2
54 0 3 2
79 0 1 1
7 0 22 2
77 0 67 1
83 0 44 1
74 0 93 2
85 0 51 1
54 0 85 1
86 1 6 1
69 0 55 2
36 0 90 2
36 0 5 2
47 0 8 1
90 2 80 1
30 2 96 2
95 1 58 2
30 2 51 1
3 1 70 2
29 0 1 0
59 1 53 2
18 0 45 2
54 0 28 2
88 1 13 1
79 1 35 1
98 0 73 2
33 0 3 1
8 0 5 2
28 1 80 1
4 2 58 2
73 2 91 2
60 0 76 1
53 1 18 2
9 2 7 1
35 1 29 2
27 1 87 2
93 0 28 1
80 1 95 2
88 0 35 1
65 0 49 1
72 0 42 1
93 0 99 1
3 1 95 1
93 0 26 2
78 0 100 2
58 0 73 1
81 2 99 1
10 0 33 1
25 2 7 2
73 0 71 1
99 0 55 2
44 0 59 2
89 1 95 2
8 1 94 2
41 0 79 2
76 0 15 2
96 0 74 2
2 0 21 0
12 0 91 2
91 0 79 2
6 2 50 1
17 2 21 1
5 0 2 2
83 1 63 1
58 0 36 1
49 0 2 0
49 0 91 0
5 2 37 1
33 0 83 2
96 0 72 1
9 0 100 2
22 1 58 0
21 0 40 1
86 0 96 1
72 0 8 1
36 0 79 2
76 1 59 2
88 0 12 0
76 2 5 2
15 1 77 2
85 0 61 2
15 1 24 2
87 0 10 2
69 0 48 1
68 1 69 1
72 0 23 2
29 0 21 1
67 0 35 1
80 0 88 2
27 1 56 2
83 0 85 0
8 2 17 1
41 0 68 1
73 1 88 1
75 1 70 1
98 0 40 1
20 2 93 1
18 0 89 2
77 0 78 2
4 0 15 1
67 1 17 2
60 0 14 2
74 2 6 1
83 2 54 2
23 0 57 2
4 0 56 1
57 0 12 1
24 0 90 2
97 2 40 2
53 0 94 0
61 1 72 2
91 0 73 2
31 0 1 1
28 0 17 2
68 0 79 2
29 0 15 2
46 0 33 2
94 2 62 2
51 0 76 1
95 0 30 2
1 0 87 2
2 1 21 2
52 1 94 2
79 1 44 1
43 1 87 1
71 0 8 1
86 0 71 2
12 0 76 2
61 0 19 2
75 0 48 2
80 1 33 2
45 0 74 0
41 2 91 2
65 2 33 1
22 0 76 2
7 0 95 2
18 0 69 1
11 2 42 1
60 0 83 2
63 1 5 2
86 2 35 1
30 0 47 0
24 2 77 2
69 0 87 2
47 2 72 2
80 0 70 1
9 2 36 1
85 0 11 1
88 2 53 2
56 0 87 1
56 0 89 1
54 0 79 1
46 0 81 1
53 1 44 1
12 0 46 0
44 2 17 1
71 2 34 2
97 0 75 1
27 1 58 1
12 0 21 1
20 0 21 1
79 1 50 2
11 1 29 2
80 1 99 1
67 1 69 2
51 1 52 1
22 0 82 1
52 0 45 1
37 0 26 2
17 1 67 2
13 0 99 0
51 0 97 1
61 0 22 2
61 1 77 2
32 0 82 2
70 2 62 1
24 1 91 1
11 0 61 0
86 0 65 2
21 0 46 1
27 1 2 2
92 0 82 2
95 0 13 1
53 1 64 2
61 0 30 1
87 0 84 2
47 1 60 1
46 0 80 2
25 0 73 1
31 0 72 1
18 2 19 2
33 0 47 2
87 0 93 2
63 0 5 2
89 0 75 2
4 0 68 2
75 0 49 1
18 0 71 2
10 0 92 1
16 0 86 1
12 0 20 0
74 0 91 0
90 1 51 1
90 1 91 2
83 0 87 2
51 1 58 1
86 0 55 2
50 0 74 2
36 0 100 1
53 0 73 1
8 0 58 0
81 1 98 2
80 0 44 1
29 1 19 2
38 0 99 2
19 0 67 1
43 0 14 2
34 0 45 2
50 0 2 2
79 0 2 2
83 0 10 0
33 0 85 2
78 0 85 1
38 0 92 1
12 0 43 0
10 0 44 2
82 0 54 1
26 0 79 2
97 1 96 2
36 0 20 2
74 2 30 2
49 0 51 1
43 1 57 1
66 0 94 1
97 0 23 0
60 0 71 2
73 0 50 2
43 0 75 2
12 1 39 2
77 0 57 2
85 2 35 1
23 2 52 2
2 2 12 1
47 0 3 1
36 0 76 2
6 0 75 1
23 0 36 1
65 0 68 2
39 1 87 2
81 0 94 1
67 0 2 1
32 0 95 1
38 0 12 1
26 0 77 0
47 1 12 1
89 0 99 1
12 0 48 1
59 1 28 1
39 0 67 0
71 2 78 1
41 1 83 2
40 1 65 2
62 0 97 1
31 2 16 1
41 0 4 1
96 0 31 1
95 0 74 1
70 0 11 1
44 0 79 2
16 0 49 2
63 0 52 1
79 1 78 1
58 0 12 1
15 0 74 2
90 2 17 1
33 0 71 1
35 0 26 1
37 0 71 2
48 1 11 1
35 1 57 1
94 0 11 2
83 0 97 2
17 1 91 1
75 0 40 2
55 0 91 2
1 0 59 1
69 0 71 2
76 1 71 1
85 0 46 1
87 2 1 2
45 0 37 0
80 0 9 2
10 0 58 0
32 0 80 1
53 0 45 1
39 0 48 1
100 2 23 2
11 1 51 1
60 1 93 1
26 0 36 0
58 0 23 1
4 2 21 1
17 2 36 1
32 1 25 2
72 1 61 2
91 0 12 1
64 1 42 2
69 1 16 2
35 0 2 2
30 0 9 1
62 0 95 1
84 0 83 2
100 2 98 1
18 0 85 1
78 0 9 1
16 0 13 1
86 0 19 0
77 0 29 1
66 2 3 2
16 0 6 2
1 0 4 2
88 0 91 1
50 0 28 1
32 2 68 1
71 0 96 1
89 0 17 2
90 1 6 1
45 2 19 1
26 0 6 0
90 1 32 2
15 1 16 2
45 1 41 2
73 0 81 1
26 2 78 2
59 1 47 2
90 1 87 2
77 0 61 1
54 2 62 1
73 2 48 1
17 0 32 1
4 0 5 1
65 0 53 2
30 0 62 1
17 0 99 1
62 0 6 2
28 1 20 1
69 0 86 1
30 2 16 2
57 0 6 2
24 1 99 2
99 0 49 2
46 0 12 1
61 0 59 2
75 1 93 2
10 0 90 2
29 0 96 1
96 0 5 1
9 0 20 1
8 1 4 2
18 0 95 2
19 0 26 2
8 2 62 2
13 0 56 2
30 0 66 2
92 0 83 1
41 0 84 2
81 2 68 2
45 2 69 2
87 0 97 2
41 0 32 2
35 0 55 2
25 0 97 1
20 1 96 2
40 1 72 1
30 1 90 2
37 0 15 2
99 0 32 2
52 1 60 2
99 2 77 1
73 1 13 1
84 1 20 2
52 0 79 1
73 1 4 2
15 0 50 2
76 1 63 1
32 0 25 2
7 0 53 1
29 2 98 2
5 0 24 1
89 0 8 2
57 0 30 1
48 0 11 0
14 0 5 0
27 0 41 0
80 0 85 2
62 0 99 1
59 1 75 2
87 0 60 0
10 0 76 1
80 0 68 2
34 0 53 1
89 1 95 2
53 1 24 2
89 2 29 2
31 2 58 2
73 1 53 2
25 0 94 1
61 0 95 2
97 1 59 2
91 0 75 2
11 2 34 2
50 0 100 2
7 0 92 2
55 0 56 2
28 1 87 2
62 0 86 2
77 0 39 2
32 2 66 2
57 0 50 2
38 1 94 2
48 2 85 1
91 0 44 1
13 0 60 2
16 0 15 1
8 2 2 2
27 2 99 2
64 2 19 1
51 0 66 2
55 0 70 0
34 0 92 2
84 0 60 0
35 2 33 1
35 0 57 0
63 0 92 2
64 0 36 2
74 1 14 2
59 0 60 0
54 2 42 2
41 2 16 2
67 2 91 2
81 1 26 2
92 0 22 2
71 2 57 2
80 2 67 2
17 0 49 1
39 0 44 2
18 0 89 2
45 1 46 2
42 0 67 1
45 0 9 2
36 0 39 1
17 0 48 2
20 0 97 2
12 1 69 1
35 0 92 1
82 0 100 1
30 2 99 1
36 0 22 1
86 0 53 1
96 0 78 2
5 0 92 1
84 2 94 2
13 2 77 2
95 0 8 1
63 0 13 1
60 0 66 2
90 0 11 2
94 0 27 2
91 1 70 2
2 0 31 0
38 0 2 1
83 0 74 2
5 0 95 2
40 1 17 2
56 1 46 2
61 0 93 0
26 2 21 1
51 0 30 1
65 0 40 2
45 0 49 1
4 1 80 1
81 2 80 2
3 1 59 2
57 0 2 1
35 0 48 1
100 1 31 1
3 0 67 2
6 1 89 1
28 2 95 2
73 0 52 0
4 2 5 1
68 0 70 2
28 0 76 0
72 2 29 2
42 0 1 0
74 1 68 2
59 0 87 0
47 1 24 2
90 1 85 1
7 0 18 1
70 0 13 1
80 1 50 1
9 1 33 1
80 1 1 1
58 0 30 1
24 0 22 1
74 0 22 1
19 0 22 2
90 0 26 2
82 1 7 2
67 0 86 1
50 2 96 1
28 2 68 1
95 0 44 2
20 0 9 2
13 2 62 1
91 0 38 1
18 0 80 2
77 0 81 1
73 2 64 1
30 0 74 0
77 0 50 1
38 0 48 2
48 2 30 2
27 2 91 2
73 2 33 1
78 0 9 2
21 0 38 2
44 0 88 1
94 0 30 1
90 1 30 2
61 2 21 2
39 0 70 1
65 0 18 2
14 2 68 1
24 0 9 2
79 2 84 2
30 0 15 0
49 2 10 1
94 1 58 1
90 0 77 2
98 0 84 1
2 0 63 1
32 0 28 2
32 2 50 1
46 0 6 2
24 0 68 1
60 0 18 2
82 1 1 1
13 0 79 1
80 1 74 2
77 0 19 1
55 1 42 1
63 0 9 2
70 1 62 2
45 0 65 2
4 0 8 1
67 0 60 0
96 0 27 2
92 2 40 1
31 0 53 1
66 0 97 0
68 0 45 2
24 1 77 2
4 0 69 1
76 2 52 1
28 0 44 2
10 0 67 2
46 0 13 1
24 0 11 1
19 0 99 1
66 0 23 2
97 0 37 1
40 0 54 1
18 0 50 1
74 1 90 2
40 0 53 1
90 0 28 0
8 1 50 1
83 2 87 1
60 0 95 1
40 2 91 1
46 0 11 1
36 0 68 1
92 2 6 2
41 2 57 1
31 2 50 2
13 1 50 2
6 0 52 2
80 1 72 2
48 1 99 1
77 0 22 1
98 0 22 2
45 2 90 2
69 0 83 1
71 2 35 1
86 0 23 2
46 0 98 1
14 0 38 1
84 1 80 2
12 0 31 1
20 0 42 2
89 0 13 1
13 0 29 2
91 0 12 1
79 0 20 1
75 0 59 2
100 1 6 1
24 0 40 1
9 2 97 2
41 2 83 2
33 0 85 2
12 0 100 1
82 0 95 1
35 1 37 2
51 1 70 1
24 1 62 2
24 0 75 2
43 0 5 2
86 0 76 1
58 0 51 1
33 1 58 1
1 0 81 1
84 0 79 2
50 0 49 1
65 0 40 1
89 0 84 2
23 2 10 2
61 0 22 2
36 0 88 2
4 0 70 0
27 2 60 2
2 1 22 2
100 2 92 2
76 1 99 1
3 2 99 1
17 2 16 2
13 0 24 2
17 0 67 2
39 0 18 2
20 0 19 2
22 1 100 1
4 0 14 2
13 2 89 1
87 0 39 2
48 0 17 1
94 0 49 2
1 0 90 2
53 0 83 1
97 2 76 1
35 2 58 2
29 0 88 1
21 0 14 1
28 1 50 1
40 0 1 1
54 0 68 2
95 0 72 2
59 0 55 2
8 0 22 0
54 1 37 2
8 0 74 2
54 0 79 2
24 0 54 1
29 0 45 1
15 0 88 1
75 2 12 2
4 0 85 1
18 0 24 2
3 1 95 2
88 2 82 2
16 0 84 2
13 0 18 0
54 0 42 2
88 0 26 1
69 0 53 1
7 0 47 1
50 0 54 1
56 1 70 1
43 2 16 2
6 1 26 2
100 1 90 2
23 1 31 2
12 2 54 1
75 0 76 2
79 2 67 2
42 0 91 2
57 0 26 1
22 1 83 1
86 2 87 1
41 1 24 2
31 0 23 1
87 0 15 1
90 0 63 1
72 0 14 2
4 0 8 2
86 0 36 1
80 0 34 0
8 0 67 1
25 0 37 2
79 0 92 1
13 2 43 1
54 0 94 1
6 0 26 1
29 0 24 1
62 0 52 2
55 2 94 2
21 0 41 1
25 0 6 1
26 1 5 1
14 2 15 1
47 0 79 1
49 2 33 1
74 0 8 2
19 0 38 2
57 1 62 2
68 0 43 2
13 2 20 1
65 0 4 2
77 0 44 2
96 0 78 2
84 1 75 2
2 0 52 2
12 0 97 1
55 2 98 2
10 0 100 2
7 0 15 1
43 1 31 2
26 1 80 1
31 0 37 2
85 0 95 1
96 0 83 2
95 0 43 1
14 2 25 1
58 0 75 1
77 1 21 2
48 0 11 0
68 0 77 2
47 0 51 1
36 0 9 1
9 0 36 2
35 0 60 1
92 1 29 1
88 2 31 2
40 0 44 1
89 0 14 1
1 0 95 2
77 0 87 1
18 0 50 1
68 2 94 2
4 0 92 0
83 0 87 2
1 0 17 1
51 1 68 2
50 0 90 1
87 0 1 0
87 0 41 1
19 0 39 1
61 0 40 2
92 0 97 1
4 0 59 1
52 0 76 2
28 1 94 1
41 0 6 2
5 0 32 2
14 1 94 2
71 0 27 1
42 1 50 1
53 1 46 1
64 0 54 0
20 0 12 2
14 1 96 1
95 0 58 1
58 0 100 1
9 2 44 2
82 0 8 1
38 0 85 1
84 2 5 2
68 2 51 1
84 2 57 2
1 0 47 2
38 1 31 1
98 0 8 2
74 0 88 2
3 2 58 1
75 0 48 1
40 0 66 1
52 2 16 1
30 2 46 1
73 2 64 1
58 0 51 1
35 0 15 1
73 0 61 0
72 2 37 2
9 0 49 0
34 0 13 2
59 2 42 2
42 0 79 1
78 0 74 2
33 0 26 1
51 2 34 1
9 1 75 1
41 0 85 0
93 0 30 2
36 2 29 2
9 0 39 0
95 0 53 2
60 0 10 2
79 0 46 2
88 0 92 0
65 0 41 1
9 0 10 1
25 1 91 1
99 1 31 2
44 0 4 0
8 2 77 2
61 0 88 1
23 2 54 2
53 0 88 2
28 0 2 0
44 1 48 2
89 0 30 2
61 0 75 2
31 0 28 2
100 1 36 2
3 2 63 2
98 0 3 2
11 1 45 2
47 1 16 2
51 1 82 2
4 0 49 1
29 1 72 2
12 2 78 1
21 0 78 2
93 0 14 2
82 0 100 2
1 0 90 2
90 0 43 1
50 0 28 1
94 2 78 2
63 0 88 2
35 0 8 2
4 0 90 1
35 0 28 1
90 1 38 2
45 0 25 1
79 2 41 1
60 0 50 1
85 0 11 2
93 0 5 2
15 2 71 1
12 1 68 2
82 0 59 2
41 0 53 1
69 2 21 2
61 0 73 1
32 2 77 1
27 2 10 2
76 0 92 1
64 1 37 1
90 2 53 2
90 1 11 1
23 0 2 2
29 0 44 2
74 1 58 1
55 2 2 2
15 2 87 2
44 2 72 1
47 0 67 2
68 0 4 2
16 0 51 1
99 1 40 2
44 0 18 0
49 1 10 1
4 2 11 2
13 2 46 2
48 1 30 1
64 2 5 1
95 0 76 1
20 0 41 2
81 0 62 1
46 0 29 0
99 0 91 2
77 0 6 2
47 0 88 2
14 0 58 0
13 2 80 2
66 0 39 2
54 0 4 2
41 0 13 1
98 0 3 1
44 0 22 2
61 0 90 1
17 1 20 1
49 0 2 2
12 0 27 1
33 0 74 1
71 0 27 2
8 1 90 2
4 0 56 1
12 1 25 1
63 1 24 2
7 0 97 1
18 0 7 0
42 0 74 1
30 0 13 2
52 0 92 2
90 2 46 1
73 0 59 2
2 1 78 2
85 0 4 2
41 1 52 2
20 0 80 2
45 0 56 2
68 0 27 1
13 2 91 1
57 0 39 2
56 1 14 1
48 1 22 2
78 0 71 2
29 0 51 2
55 0 88 2
30 2 6 2
13 0 6 2
81 0 57 1
56 1 68 2
39 0 38 2
51 1 99 2
39 0 30 2
19 0 11 1
89 1 83 1
59 1 89 1
49 1 31 2
82 0 84 2
48 0 93 0
14 0 59 2
47 1 92 2
99 0 28 2
79 2 80 1
57 0 52 2
99 0 12 2
87 0 44 2
68 0 55 1
66 0 74 1
30 0 4 0
74 0 87 0
24 1 96 1
90 0 23 1
59 0 64 1
100 0 42 0
58 0 42 1
81 2 93 2
80 0 64 2
52 0 13 1
44 0 77 0
38 1 69 1
61 0 64 1
1 0 92 1
62 0 65 2
8 0 22 0
52 2 24 2
25 0 91 1
2 0 26 1
34 0 73 2
19 0 55 1
73 1 8 1
45 1 87 2
76 1 15 2
63 1 58 2
7 2 96 2
91 0 80 1
72 2 82 2
90 0 100 2
82 0 97 2
81 1 25 2
94 0 53 2
71 1 5 1
2 0 83 0
70 0 63 2
46 1 89 1
97 0 52 2
94 0 57 1
46 0 14 1
10 1 31 1
30 1 13 2
26 0 87 2
8 1 34 1
2 1 87 2
49 0 80 0
58 0 95 2
2 0 1 1
72 1 70 1
89 1 54 2
24 0 11 2
19 0 72 1
54 0 34 1
23 1 71 1
16 0 36 2
19 0 31 1
81 0 79 2
81 1 69 1
82 0 34 2
38 2 29 2
46 0 24 2
37 0 70 2
31 0 64 2
73 0 27 0
27 0 66 1
92 2 67 1
56 0 27 2
73 0 71 1
75 2 57 2
81 1 42 2
6 0 68 1
12 0 82 0
2 0 79 1
44 1 84 2
82 0 80 1
62 0 72 1
7 0 63 1
82 0 68 2
43 0 50 1
54 1 43 1
55 2 63 2
62 1 33 2
33 0 22 2
66 0 96 2
51 0 46 0
27 0 68 1
65 0 37 0
21 0 87 1
17 0 75 1
7 0 45 1
18 0 49 2
67 2 7 1
16 0 56 1
12 0 50 1
39 0 17 1
21 0 17 1
18 0 55 2
87 1 78 2
36 2 33 2
68 0 100 1
85 2 34 2
60 0 27 2
4 2 91 1
82 0 35 2
63 0 15 2
96 1 62 1
29 0 70 0
36 0 8 1
72 0 26 1
52 0 92 1
9 0 20 1
45 0 42 2
45 0 14 1
60 0 78 1
43 0 70 2
24 0 53 2
99 0 75 1
11 1 69 2
60 0 76 1
82 1 72 2
70 0 53 2
65 2 21 2
11 0 64 2
70 0 22 1
15 2 60 1
7 0 73 1
66 2 53 1
54 0 22 1
63 1 62 1
37 0 67 1
59 2 67 1
95 0 97 1
24 2 83 2
6 1 70 1
22 0 82 1
90 1 59 2
44 0 66 1
9 2 53 1
100 0 79 2
13 0 55 1
11 2 24 1
97 0 54 0
28 2 6 2
99 0 100 2
24 0 19 1
30 0 32 1
64 0 87 0
73 1 77 1
50 0 16 1
2 0 32 2
85 2 16 1
73 1 10 1
95 2 93 2
70 0 9 2
93 2 77 2
10 2 71 2
94 2 38 2
28 0 94 2
57 0 92 1
97 2 64 2
10 2 7 2
45 1 68 1
6 2 63 1
5 0 45 1
25 0 34 1
32 1 94 1
61 0 45 1
30 0 73 1
6 2 29 1
91 0 80 2
5 1 60 2
35 0 2 1
80 0 54 0
37 0 75 2
40 0 56 1
13 2 1 2
72 0 71 2
8 2 80 1
64 0 60 0
13 2 47 1
62 0 79 1
17 0 30 1
89 0 20 0
3 1 23 2
37 0 17 1
39 0 9 2
81 1 65 1
41 0 49 2
65 0 73 1
3 2 75 2
74 0 43 2
59 0 27 1
42 0 14 2
73 0 51 2
65 0 38 2
82 0 33 2
93 0 66 2
37 0 72 1
58 0 83 2
56 0 91 1
82 0 20 1
20 1 18 2
10 0 6 1
64 0 22 2
85 0 19 0
60 0 83 1
50 0 95 1
49 2 5 1
23 0 80 1
62 0 65 1
39 0 1 0
52 0 79 2
84 0 9 1
2 2 33 2
85 0 27 2
79 2 4 1
68 0 42 2
8 0 6 2
22 2 77 2
50 2 61 2
70 0 81 1
96 0 89 2
27 0 80 0
97 0 71 1
88 0 70 2
93 0 11 2
71 1 1 1
67 1 24 2
33 0 96 2
66 0 32 0
52 1 83 2
76 1 28 1
44 1 43 2
18 0 37 0
46 0 28 1
96 0 34 1
12 0 26 1
84 0 46 2
94 0 56 2
27 1 80 2
94 0 47 1
3 1 71 1
82 0 31 2
60 0 29 0
28 2 89 2
58 0 70 2
54 0 41 1
42 0 67 1
13 1 89 1
50 0 23 2
98 0 83 2
2 1 36 1
3 1 8 2
27 1 28 1
48 0 36 0
97 1 86 1
38 0 2 2
11 0 65 0
59 0 95 1
93 0 26 2
27 0 88 2
3 0 32 1
12 1 10 2
10 0 21 0
48 0 53 2
88 0 61 0
15 0 2 1
70 0 85 2
17 2 69 1
43 0 25 1
79 2 92 2
63 0 28 2
25 0 89 2
22 0 16 1
4 0 74 0
31 0 75 2
21 0 59 1
3 1 71 2
39 0 71 2
73 2 57 1
47 2 26 2
2 1 95 2
14 1 52 1
20 0 83 1
39 1 15 2
40 0 4 2
50 1 63 2
80 0 37 2
98 0 43 1
8 0 60 1
1 0 85 1
14 0 77 1
65 2 35 2
13 0 61 2
31 0 33 2
64 0 56 1
4 1 92 1
69 0 92 1
98 0 48 2
49 0 76 1
64 2 83 1
52 0 50 1
9 1 28 1
2 0 8 2
16 0 11 2
4 0 96 1
17 0 32 2
67 0 96 0
39 1 62 2
44 1 100 2
68 2 77 2
86 0 80 2
45 1 41 2
82 2 70 2
9 2 1 2
6 0 57 0
19 0 12 2
89 0 49 1
66 0 12 2
61 0 24 2
100 2 39 1
61 0 27 1
4 0 28 2
50 0 39 2
35 0 52 1
76 1 31 2
9 0 22 1
36 0 52 2
85 1 87 2
73 2 31 1
30 0 36 0
22 0 21 0
22 1 41 1
88 2 52 2
4 0 73 1
71 1 87 2
11 1 37 2
15 0 86 0
73 1 11 2
36 0 93 2
100 2 86 1
35 0 45 2
95 1 72 2
39 0 59 2
31 1 86 2
21 0 48 2
31 0 80 1
18 0 54 1
75 0 73 2
49 0 61 1
70 0 26 2
1 0 37 0
76 1 40 1
100 0 73 2
25 0 72 1
48 0 75 2
44 0 7 2
69 0 2 1
36 0 64 2
89 0 96 0
43 2 69 2
51 1 60 2
22 2 23 2
57 2 1 2
40 2 24 2
74 0 9 2
18 0 79 2
72 2 69 2
48 0 52 1
62 0 95 2
91 0 96 2
17 0 82 0
79 1 90 1
82 0 21 1
37 0 66 1
25 2 1 2
52 0 44 2
86 0 64 1
5 0 44 1
81 0 83 2
55 0 17 2
21 0 55 2
59 0 45 0
14 1 77 2
89 2 83 2
45 0 66 2
68 0 9 1
8 1 74 1
50 0 34 0
81 0 27 1
52 2 87 2
70 0 88 2
48 0 96 1
92 2 34 2
89 0 14 1
86 0 67 1
11 0 6 0
33 0 20 2
37 0 42 2
17 0 70 2
77 0 33 1
73 1 18 1
27 1 26 2
89 0 30 1
15 1 44 2
59 1 28 1
94 0 56 1
28 0 54 0
57 0 62 0
39 0 58 1
14 1 99 2
54 0 90 1
83 0 76 1
33 0 90 1
4 0 44 2
55 1 45 2
91 0 43 1
63 0 53 2
69 0 79 1
26 1 91 1
67 1 10 1
87 0 38 1
52 0 32 1
91 0 17 2
36 0 30 2
64 1 1 1
6 2 50 2
6 0 94 2
67 0 93 2
58 0 66 2
47 2 87 1
61 0 26 1
55 1 21 1
80 0 74 1
15 0 84 2
77 0 42 2
16 0 29 2
91 1 16 1
94 0 80 0
83 0 49 2
66 2 47 2
49 0 54 1
17 0 56 1
56 0 84 0
60 0 38 1
64 0 10 1
52 1 24 2
17 0 12 0
76 0 75 2
64 1 20 1
57 1 60 1
31 0 52 1
32 1 34 2
24 0 32 1
82 0 39 2
75 0 69 0
22 0 9 2
50 0 44 1
70 0 4 1
16 0 92 1
83 0 97 2
11 0 87 1
23 0 5 2
46 1 86 2
51 0 19 1
26 0 87 0
51 0 100 1
83 1 33 1
75 0 39 2
39 1 89 1
42 0 47 1
12 0 51 2
99 0 87 0
48 0 74 0
99 1 41 1
34 0 41 2
80 0 73 1
64 2 11 2
49 1 79 2
99 0 29 2
53 1 4 2
99 0 30 1
8 0 32 2
56 0 100 1
86 0 64 1
82 0 6 1
16 0 28 1
36 1 96 2
31 0 12 2
88 0 11 2
87 0 53 1
82 0 8 2
88 2 56 2
62 0 76 1
36 0 52 1
94 2 85 1
42 0 40 1
35 0 18 2
1 0 42 1
62 0 34 2
97 0 28 2
48 1 55 2
88 0 13 2
50 0 61 2
12 0 66 2
20 0 71 1
3 0 22 1
49 1 84 2
94 2 43 2
16 0 8 1
27 2 78 1
69 0 1 2
100 0 51 1
38 0 30 2
94 2 52 2
85 0 29 2
77 0 99 2
24 1 69 2
26 0 87 1
28 0 72 1
32 1 93 1
32 2 26 1
36 1 93 2
92 1 6 1
93 0 27 1
5 0 67 1
31 0 87 0
86 0 11 2
66 0 56 2
78 0 14 1
61 0 95 1
56 2 86 1
90 0 27 1
47 2 5 2
91 0 90 1
43 0 44 1
4 0 57 2
75 0 50 0
4 0 81 2
44 0 11 0
53 0 22 1
21 0 9 1
30 1 23 1
74 0 55 2
60 0 3 1
64 1 12 1
71 1 29 2
6 0 88 1
70 0 55 1
80 0 52 2
9 0 95 1
6 0 32 1
93 0 17 1
45 0 12 0
49 1 27 2
91 0 17 2
74 0 49 2
20 2 60 1
57 0 17 2
41 0 27 1
94 1 35 1
53 2 70 1
88 2 4 2
19 0 42 1
94 0 73 1
5 0 2 1
81 0 27 1
93 0 100 1
1 0 78 1
8 1 84 1
36 0 68 1
27 0 90 2
70 0 75 1
4 0 55 1
21 0 13 2
75 0 97 1
5 0 88 2
52 0 22 2
78 2 65 2
53 1 4 2
88 0 19 1
97 0 67 2
88 0 9 2
94 2 31 1
96 0 9 1
12 0 40 1
4 1 53 1
94 2 18 1
35 0 47 1
50 0 45 2
94 2 58 1
98 0 100 2
45 1 83 2
64 0 76 2
100 2 85 2
11 0 95 1
38 0 59 1
90 2 20 1
81 2 39 2
44 2 47 2
24 0 32 2
9 1 19 2
90 1 79 2
94 0 66 1
61 0 99 1
63 0 49 1
96 0 29 1
15 0 52 0
98 0 89 1
91 0 5 1
9 0 56 0
52 2 46 2
39 0 68 1
21 0 86 2
9 0 21 0
51 0 10 0
63 1 5 2
42 0 92 2
21 0 4 2
54 0 16 1
26 1 35 2
48 0 59 2
60 0 100 1
27 2 7 2
68 0 51 1
61 0 44 1
35 0 74 1
19 0 33 2
66 0 82 0
8 0 3 2
2 1 16 2
29 0 31 2
70 0 45 2
62 0 89 2
16 0 51 1
54 1 50 1
95 0 45 1
15 0 48 2
81 1 11 2
41 1 85 1
47 0 44 2
16 0 69 1
12 0 23 1
39 0 80 1
68 0 11 1
75 1 51 2
63 0 48 1
24 2 31 2
73 0 32 2
22 1 85 1
3 0 13 2
87 1 25 1
48 0 97 1
28 0 9 1
7 1 62 1
8 2 39 1
59 1 79 2
95 0 24 1
25 0 85 2
100 0 28 2
37 2 21 2
74 1 15 1
76 2 87 1
13 2 43 2
50 1 42 1
44 1 24 1
43 1 33 2
31 0 79 2
93 0 64 2
34 2 57 2
21 0 49 2
25 0 38 1
28 0 87 0
69 0 54 1
19 0 47 2
57 0 17 2
18 0 4 2
92 1 70 1
32 0 52 0
92 0 71 1
76 1 14 1
63 0 32 2
74 0 96 1
12 0 94 2
8 0 64 1
90 2 77 2
95 0 59 2
57 0 51 1
37 0 84 2
57 0 32 1
81 0 3 1
67 1 99 2
82 0 66 2
73 1 80 1
55 2 68 1
12 1 67 1
37 0 15 1
88 2 63 1
65 0 61 1
55 0 74 1
92 0 40 0
24 0 34 0
5 0 76 1
57 0 94 2
100 2 53 1
50 0 75 1
42 2 57 2
21 0 65 2
42 0 99 2
54 0 84 1
21 0 88 2
41 0 27 1
31 1 19 2
87 0 88 2
40 0 47 2
7 0 57 1
55 0 85 1
3 0 50 0
13 0 9 2
35 0 55 1
78 0 31 1
6 1 25 2
85 0 29 1
67 0 43 0
32 0 90 0
59 0 63 2
5 2 35 1
62 0 86 1
63 0 59 1
5 0 44 2
78 0 23 2
80 0 55 1
73 1 15 1
25 0 45 2
90 0 92 2
2 1 85 2
81 0 14 2
51 0 99 2
12 1 94 2
53 1 2 2
9 2 46 1
82 0 92 1
64 0 13 1
89 0 46 1
99 0 8 2
27 0 92 2
52 0 18 0
72 0 38 1
73 2 100 1
36 0 52 2
6 0 94 2
64 0 65 2
78 0 88 2
88 1 75 1
88 1 27 2
37 1 33 1
81 0 64 1
45 1 33 1
72 0 86 2
91 0 23 2
16 0 47 2
92 0 12 1
57 0 44 2
4 0 21 1
18 0 77 2
19 0 89 1
53 1 37 2
31 0 69 2
35 1 42 2
12 0 15 2
5 0 98 1
62 0 1 1
40 0 27 2
66 1 71 1
18 0 94 1
36 0 63 1
17 0 99 2
63 0 8 1
16 0 92 2
10 0 79 1
98 0 47 2
86 0 59 1
90 0 56 2
93 0 78 2
78 0 45 1
67 0 41 0
73 0 93 0
4 0 100 2
86 0 41 2
43 0 27 1
3 0 48 1
14 2 76 2
87 0 64 2
47 1 31 2
58 0 16 0
87 2 72 1
18 0 45 1
46 2 42 2
93 0 60 1
52 0 6 1
15 0 93 0
90 1 48 2
77 0 48 2
12 1 77 1
11 1 41 1
14 0 20 0
95 1 41 1
46 0 81 1
5 1 72 2
81 1 25 2
89 2 21 2
63 0 6 2
5 0 10 2
42 1 91 2
35 0 3 2
21 0 74 1
100 1 55 2
98 0 23 2
91 1 72 2
3 0 99 1
19 0 17 1
51 1 24 2
7 0 11 1
5 1 21 1
94 1 40 1
66 2 45 1
35 1 7 1
73 0 94 2
44 1 47 2
11 1 70 2
91 0 55 2
39 1 72 1
2 0 59 1
42 0 5 1
55 0 27 1
28 0 27 2
3 1 68 2
67 1 20 1
97 2 46 1
91 0 51 2
89 0 22 1
86 1 7 1
26 0 56 2
56 2 58 2
80 2 70 1
96 0 47 1
72 0 5 2
11 2 21 1
1 0 36 2
97 1 35 1
61 0 75 1
79 1 64 2
36 0 38 1
88 0 8 0
64 0 63 2
53 0 99 0
61 0 81 1
42 2 25 2
52 2 16 2
10 0 81 1
51 1 78 1
39 0 59 2
38 0 53 2
41 1 52 2
77 1 69 2
23 0 95 2
84 0 66 1
58 0 36 2
91 0 19 1
98 0 73 2
82 0 36 2
42 0 44 1
7 0 6 2
71 0 44 2
80 2 91 1
81 0 91 1
41 1 34 2
84 0 58 2
26 0 65 0
52 1 39 1
77 0 71 1
37 0 64 2
66 0 94 2
33 0 100 1
93 0 95 2
81 2 25 1
78 0 35 1
4 1 93 2
64 2 7 2
43 0 92 2
12 0 84 2
12 1 96 1
3 0 89 0
5 0 56 1
13 0 84 1
15 1 84 1
11 2 96 2
66 0 70 2
97 1 95 1
9 2 12 2
34 0 55 2
71 0 99 1
88 1 23 1
72 0 14 2
81 2 40 2
17 0 65 1
89 0 99 1
50 0 47 2
94 0 97 1
90 0 87 1
31 0 8 1
85 0 39 2
26 1 36 2
24 0 59 1
34 0 92 1
3 0 85 1
50 0 5 1
67 0 36 0
1 0 67 1
98 0 24 1
40 0 10 1
50 2 77 2
68 2 82 1
85 1 41 2
55 0 34 2
61 0 48 2
88 0 40 0
93 0 40 2
56 1 95 1
4 1 37 1
45 0 68 2
5 0 47 1
55 0 86 1
90 2 33 2
7 1 91 2
24 0 14 2
32 0 7 1
19 0 48 2
57 0 52 2
9 1 61 2
16 0 15 2
12 0 16 2
7 0 19 2
68 0 2 2
87 0 8 1
54 0 97 1
54 2 10 2
93 0 4 1
41 0 27 2
38 2 23 2
50 0 41 2
76 0 34 2
11 0 20 2
94 0 88 1
55 2 98 2
92 2 86 2
54 0 48 2
47 0 21 0
5 0 10 1
59 1 4 2
74 2 30 2
44 0 97 2
94 0 34 1
57 0 58 2
8 0 76 2
52 0 2 1
74 0 99 2
39 2 63 2
55 1 19 2
77 0 95 2
90 0 30 2
26 0 69 0
85 0 40 1
80 1 58 1
13 2 29 1
74 2 84 1
50 0 64 1
87 0 14 2
99 2 37 1
36 0 95 2
58 0 87 1
23 0 14 2
90 1 17 2
36 0 53 1
58 0 69 0
7 0 33 0
1 0 65 1
3 0 56 1
46 0 22 1
51 0 32 2
84 0 59 1
68 1 89 2
90 0 21 0
46 0 69 2
64 0 73 2
50 0 99 2
51 0 30 2
54 0 73 2
28 0 18 2
28 2 57 2
83 2 46 2
49 1 72 1
74 2 19 2
5 0 64 2
31 0 78 0
94 1 21 2
17 0 55 2
35 0 20 1
9 1 15 2
57 0 66 2
28 0 49 1
24 0 85 0
73 0 36 2
48 0 11 2
33 0 51 1
5 0 47 2
91 0 38 2
59 1 72 1
85 0 68 1
89 0 83 2
43 0 38 1
28 0 86 2
69 0 26 1
45 0 9 2
52 1 36 2
98 0 90 1
11 2 16 2
87 0 28 1
4 2 60 2
22 0 75 1
41 0 92 1
93 0 63 2
81 0 15 1
8 1 50 1
50 0 81 1
94 2 23 2
48 2 1 1
26 2 82 2
34 0 71 1
72 1 78 2
72 0 3 1
20 0 44 2
7 0 48 1
49 1 9 2
33 1 25 2
26 0 62 1
11 0 7 0
52 2 12 2
30 0 5 0
92 1 40 2
80 0 7 2
19 0 90 2
51 0 4 1
38 2 63 1
8 2 19 2
58 0 73 2
56 0 41 0
35 0 49 2
41 0 61 0
79 1 61 1
40 0 14 2
4 0 33 0
44 0 73 2
67 0 65 2
68 0 88 2
97 0 42 0
61 0 20 1
88 1 49 1
81 0 61 1
46 0 65 2
89 0 52 2
100 0 17 1
30 0 66 1
3 1 6 1
6 0 79 1
14 2 36 1
91 0 39 1
6 2 95 1
79 0 76 0
63 0 13 2
49 1 33 0
47 1 74 1
30 0 23 2
60 0 11 1
9 0 28 2
12 1 60 1
34 0 3 1
16 0 86 2
5 0 63 0
27 1 17 2
6 0 81 1
25 0 54 2
51 2 20 2
39 1 34 2
46 0 68 1
69 0 40 1
38 2 87 2
80 2 99 2
85 0 5 2
37 0 8 1
34 0 90 2
59 2 87 2
33 0 67 2
52 1 1 2
44 0 30 0
54 0 67 0
3 0 88 2
21 0 80 2
13 2 71 2
95 0 94 2
32 2 87 1
15 1 29 2
77 0 48 1
90 0 96 1
21 0 75 1
52 0 40 2
36 0 10 2
62 0 86 1
30 2 68 1
46 1 57 1
99 0 4 1
31 0 28 1
74 1 57 1
98 0 80 2
68 2 89 1
80 0 96 0
9 2 91 1
15 0 59 1
98 0 71 1
94 0 82 1
81 0 5 2
70 0 12 2
3 0 72 1
49 2 47 2
1 0 36 1
12 0 59 2
34 0 27 2
40 1 75 2
68 2 16 1
75 1 51 2
33 0 49 1
28 0 1 2
80 2 77 2
80 0 29 0
54 0 83 2
85 1 96 2
10 0 99 2
33 0 36 1
51 0 47 2
27 1 100 2
91 0 79 1
91 0 78 2
64 2 20 2
11 2 99 2
48 2 27 2
44 0 48 2
75 0 85 1
14 1 10 1
70 0 98 1
73 2 58 1
59 0 30 1
11 2 70 2
93 0 50 2
98 2 69 2
43 0 15 1
49 0 68 1
53 0 93 1
5 0 94 2
4 1 40 2
24 0 7 1
84 0 77 1
49 1 31 2
67 0 45 1
95 1 1 1
87 0 48 1
44 0 16 1
63 0 81 2
41 0 68 1
8 0 79 1
15 1 38 1
96 0 36 1
3 2 92 1
48 1 50 1
50 2 96 1
8 0 39 1
50 0 45 1
83 2 67 2
34 0 75 2
86 0 53 2
31 0 53 1
63 0 3 2
62 0 68 1
60 0 19 1
62 0 81 2
97 0 70 1
66 0 2 1
83 0 26 2
62 0 43 1
92 0 90 1
48 0 74 1
78 0 99 2
83 0 100 2
87 0 12 2
60 0 98 0
85 0 9 2
68 1 24 2
97 2 71 2
23 0 96 0
36 0 31 2
61 0 79 2
18 0 63 2
77 0 56 2
28 2 43 1
86 0 79 1
21 0 62 1
59 1 25 2
2 1 22 2
25 0 76 1
88 1 69 2
61 0 76 2
57 0 6 2
1 0 32 1
46 0 73 2
64 0 63 0
8 1 57 2
11 0 2 1
46 0 28 1
88 1 33 1
45 2 25 2
83 0 30 2
28 0 59 1
37 0 55 2
38 1 7 1
40 0 35 2
82 1 29 1
97 1 7 1
13 0 88 1
72 0 66 1
79 2 46 2
57 0 35 2
6 1 54 1
3 0 26 1
46 0 51 1
51 0 25 2
12 0 50 0
21 0 97 1
91 0 24 1
19 0 55 2
100 0 23 0
84 0 9 2
26 2 63 1
63 0 13 1
79 2 42 1
13 1 96 2
67 0 19 2
26 0 27 2
90 0 42 1
38 0 4 2
5 1 82 1
59 2 12 2
85 0 59 2
13 0 53 0
82 0 15 2
11 2 41 2
8 0 15 0
67 0 95 1
68 0 2 1
66 1 39 2
72 0 28 1
44 0 73 1
90 2 52 1
35 2 61 2
26 0 62 2
79 2 7 2
67 0 66 2
84 0 36 2
51 0 85 2
88 1 37 1
49 0 9 0
2 0 78 2
68 1 35 2
13 0 60 2
39 2 85 2
44 0 95 2
87 0 73 2
56 0 91 2
15 0 44 1
59 0 32 2
94 2 60 1
73 0 60 1
62 0 19 1
29 0 73 2
12 0 68 1
64 2 13 2
69 0 88 1
43 0 53 1
66 0 14 2
99 0 13 2
65 0 2 2
9 2 28 1
52 0 30 1
66 0 42 1
5 0 80 1
87 0 74 1
87 0 38 2
85 0 8 2
73 1 99 1
99 0 7 2
70 0 3 2
39 0 81 1
84 2 7 1
2 0 47 1
63 2 41 2
98 2 69 2
34 0 11 2
99 1 46 2
82 0 78 1
3 0 81 2
63 1 95 2
18 0 1 0
85 0 68 2
51 2 18 1
90 1 93 2
33 0 74 1
1 0 9 2
51 1 54 1
41 0 83 2
82 0 47 2
46 0 53 2
98 0 47 2
98 0 44 2
37 1 72 2
14 0 36 0
38 0 4 2
79 0 60 0
67 0 97 2
64 2 25 2
67 0 15 1
24 1 96 1
54 2 60 1
55 1 50 1
49 1 100 1
68 1 69 2
77 0 13 1
99 0 95 1
35 0 54 1
1 0 78 1
14 2 25 1
85 1 62 2
88 0 77 1
89 2 43 2
78 0 53 1
73 2 67 2
39 0 36 1
72 0 98 0
46 2 72 2
73 1 29 2
13 0 51 1
11 0 61 0
56 1 52 2
43 0 5 1
59 1 60 1
61 0 85 2
34 0 26 2
20 0 8 1
45 0 100 2
9 1 99 2
83 0 1 0
10 1 18 1
29 0 1 1
13 1 6 1
18 0 61 0
17 0 72 0
68 2 91 2
69 0 5 2
91 0 49 1
82 1 91 2
99 2 54 1
60 0 68 2
35 0 24 1
51 0 56 2
82 0 29 2
71 0 87 1
82 0 70 0
53 0 60 0
56 0 55 0
21 0 50 1
51 1 33 1
1 0 90 1
79 0 39 0
59 1 7 2
85 0 49 1
68 2 36 2
24 2 61 2
58 0 14 1
78 0 94 1
22 0 24 1
1 0 84 2
90 1 39 2
12 0 17 1
45 2 82 2
82 0 17 2
36 0 80 2
88 2 27 2
37 0 93 2
73 1 75 2
67 0 53 1
56 0 38 1
33 0 59 2
5 0 82 1
92 0 61 2
88 0 86 0
74 2 31 2
4 1 15 2
23 0 28 1
65 0 71 2
6 0 30 2
47 0 54 0
13 0 41 2
75 1 70 1
44 1 45 2
27 1 4 2
62 0 3 2
78 0 52 2
41 0 67 1
3 2 12 2
20 0 73 1
19 0 83 1
52 1 89 2
22 1 91 0
20 0 54 2
48 2 11 1
54 1 77 2
72 2 7 2
90 0 76 2
69 0 73 2
58 0 75 1
73 0 76 0
19 0 9 1
34 0 80 1
99 0 58 1
13 0 95 2
99 0 41 0
28 0 6 1
96 0 36 2
78 1 1 2
64 1 74 1
52 1 42 2
62 0 78 2
19 0 3 2
93 0 89 1
69 0 70 2
89 1 50 1
35 0 94 2
70 0 5 2
67 0 93 2
48 0 98 1
79 1 8 2
100 1 8 2
5 0 79 2
21 0 75 2
29 0 54 2
18 0 84 2
24 2 72 2
85 0 88 1
37 0 65 1
41 0 91 2
47 1 31 1
8 0 54 0
69 1 96 2
86 0 56 1
70 2 33 1
15 0 67 2
50 2 21 1
83 0 30 2
99 1 1 1
11 1 1 1
90 0 6 2
62 0 74 1
41 1 31 1
97 0 1 1
54 0 23 2
22 1 80 1
8 1 98 1
