300 5978
239 0 154 0
213 1 44 0
134 0 109 2
260 0 15 2
65 0 113 2
273 0 241 0
163 2 168 0
258 0 54 1
209 2 228 1
142 0 227 2
258 0 257 0
76 2 296 2
119 0 286 1
114 2 156 2
256 0 184 0
257 0 140 1
297 2 181 1
199 0 155 2
16 2 176 1
15 1 110 1
74 0 4 1
188 2 37 2
209 0 4 1
85 0 77 1
283 2 257 1
278 0 114 0
1 0 82 2
300 1 130 1
17 0 113 2
93 0 192 1
291 2 53 1
157 1 125 1
191 2 186 1
46 1 221 1
165 0 27 1
243 2 226 1
170 0 299 1
258 0 77 2
81 1 281 2
279 1 167 1
99 0 294 0
193 0 19 2
46 0 293 1
37 2 55 1
261 1 32 1
215 2 293 1
158 2 127 2
137 2 36 1
21 0 254 1
167 0 226 1
282 0 217 1
88 0 70 1
88 0 65 2
31 2 86 1
208 0 10 2
57 2 182 1
136 2 232 2
170 2 142 1
290 2 33 0
22 2 242 1
235 2 297 0
34 1 61 2
36 0 248 2
289 0 70 2
12 0 119 1
149 0 39 1
255 0 127 0
9 1 202 2
196 0 88 0
181 0 117 2
162 2 184 2
249 2 219 1
240 2 153 1
179 0 107 2
58 0 22 2
143 0 122 2
295 0 11 0
124 0 117 2
212 2 163 1
68 2 131 1
21 1 66 2
253 0 179 1
269 0 267 1
239 2 102 1
242 2 150 2
293 1 40 2
299 2 163 1
191 1 233 2
211 1 245 1
76 1 190 2
181 0 186 1
262 0 167 1
204 0 76 1
177 0 179 2
207 2 61 1
139 0 69 2
261 1 190 1
208 0 108 1
182 2 265 2
149 0 89 1
72 1 108 1
221 0 260 1
73 2 104 1
289 2 85 1
20 0 39 1
162 2 100 1
80 0 287 0
293 1 135 1
110 2 242 1
162 2 20 2
205 0 168 0
194 0 37 1
65 2 220 1
248 0 213 1
136 2 165 1
12 2 141 2
6 0 124 1
33 0 247 1
214 1 202 1
174 0 191 2
15 0 239 1
199 0 138 2
282 0 163 1
170 0 205 2
260 0 157 0
30 0 279 1
23 0 241 2
254 1 206 2
22 2 123 1
102 0 254 2
163 2 124 2
54 2 256 2
21 0 136 2
27 0 4 2
87 2 134 2
80 2 166 1
125 1 120 2
127 0 229 2
215 0 295 2
263 1 223 2
90 2 275 0
168 0 22 1
61 0 11 0
92 0 174 0
202 0 89 2
43 1 163 1
126 0 62 2
84 2 174 1
83 1 190 1
13 0 214 2
172 0 47 1
213 2 132 2
274 0 48 1
74 2 172 2
129 0 277 2
174 0 220 1
172 2 60 1
151 0 148 0
225 0 49 1
234 0 144 1
69 0 128 2
152 2 36 2
154 0 189 1
287 0 4 1
121 0 83 1
11 0 51 2
105 0 135 1
40 0 137 2
216 0 264 1
63 0 101 2
185 0 161 2
231 1 174 1
36 0 202 1
66 2 92 1
292 0 271 1
180 0 250 2
85 1 152 1
233 0 266 2
78 0 104 0
233 0 162 1
209 2 268 2
239 1 300 2
94 0 1 1
45 0 117 2
119 0 41 2
196 0 64 1
191 2 272 1
104 0 20 2
62 2 14 1
300 0 193 1
203 2 263 1
260 0 59 2
144 0 68 1
192 0 239 2
208 0 282 2
3 1 246 0
152 0 166 1
252 0 60 0
8 1 16 2
187 2 228 2
290 1 1 2
64 2 235 1
127 2 282 2
276 0 130 1
7 2 295 1
147 0 54 2
106 0 7 2
257 0 250 1
120 0 285 2
93 0 154 0
299 0 65 0
18 2 262 2
204 0 255 2
167 0 261 1
264 0 104 2
70 1 166 2
87 0 195 1
208 0 278 1
187 2 25 1
108 0 203 1
255 0 51 1
211 0 95 1
137 0 237 1
225 0 71 2
104 0 181 0
54 0 77 1
114 1 293 1
15 1 184 2
219 0 209 1
119 0 272 2
218 0 111 1
122 0 114 1
182 2 204 2
255 1 211 2
140 1 183 1
93 0 1 1
54 0 217 2
64 0 226 1
36 0 176 1
46 0 42 1
63 0 73 2
108 2 179 1
3 0 179 0
299 2 293 1
200 0 218 2
41 1 45 2
247 0 172 2
107 0 90 2
85 0 279 1
300 1 146 2
83 2 44 1
3 0 136 2
160 0 95 1
260 0 177 2
121 0 218 0
86 0 141 0
299 2 115 0
54 2 109 2
205 0 146 1
222 0 48 0
44 0 291 1
125 0 164 1
258 0 75 2
175 0 291 0
20 0 165 2
177 2 164 2
198 0 163 1
84 0 86 2
230 2 223 2
122 0 252 2
273 0 206 1
217 0 220 1
175 2 31 1
249 1 190 1
246 0 177 2
198 2 181 1
212 1 200 1
49 1 200 2
61 0 28 1
81 2 209 1
253 0 276 1
217 2 131 2
163 2 153 1
48 0 252 1
144 2 282 1
258 2 37 1
182 0 287 1
34 0 32 2
264 2 159 2
264 2 27 1
292 1 265 1
62 0 169 1
266 0 106 2
67 1 157 1
271 0 202 1
63 0 239 1
260 0 176 2
136 1 92 1
177 0 268 2
196 0 103 2
133 2 89 1
283 0 29 1
150 0 227 1
50 0 252 1
276 0 59 2
83 0 212 2
136 0 265 1
279 0 28 1
61 0 29 2
165 0 121 1
188 0 104 1
61 2 63 1
156 0 198 0
72 2 282 1
217 1 45 1
182 0 116 1
73 2 77 1
276 2 21 2
246 0 39 1
286 1 58 2
119 0 255 1
119 0 72 2
186 0 72 2
273 2 246 2
93 0 167 1
262 0 274 1
289 2 199 1
50 0 247 1
79 0 163 1
42 0 19 0
129 1 115 1
196 2 161 1
30 0 28 2
17 0 271 2
142 0 169 1
184 0 59 2
21 1 56 1
138 0 233 2
167 0 76 2
258 2 284 2
47 2 273 2
260 0 7 1
197 1 97 1
293 0 120 2
125 0 298 1
136 0 216 2
224 0 234 2
123 2 115 1
27 1 257 2
222 1 273 2
49 0 17 2
152 1 159 2
105 1 198 1
36 2 18 1
137 0 211 0
238 0 141 0
178 2 88 1
251 0 245 1
108 2 101 2
25 2 164 1
106 0 18 2
167 0 235 1
183 0 175 1
85 1 218 2
225 1 294 1
106 0 225 2
257 0 66 2
1 0 80 1
263 0 168 2
209 2 234 0
98 0 22 1
248 0 231 1
186 1 19 2
261 0 77 1
193 0 207 0
240 0 184 0
80 2 35 0
299 2 266 1
171 0 75 1
235 0 183 2
231 0 127 0
185 2 192 1
235 0 274 2
121 0 185 2
99 1 284 2
129 0 84 1
98 0 222 2
123 1 17 1
6 0 179 1
232 2 175 1
223 0 26 0
139 1 26 1
289 0 10 0
8 0 4 2
85 0 50 1
76 0 111 2
204 0 71 1
258 0 126 2
33 0 222 1
29 1 222 2
111 1 300 1
112 0 126 1
202 0 192 2
231 0 173 1
250 2 76 1
229 2 281 2
114 2 76 1
34 1 262 1
121 0 3 2
206 2 165 1
261 1 113 2
284 0 220 1
274 2 289 1
70 2 143 1
224 0 248 2
114 1 282 2
74 0 204 2
93 0 12 1
219 0 278 1
215 0 229 1
138 0 179 2
21 1 67 1
189 1 167 2
222 1 113 2
163 0 189 2
277 0 188 1
99 0 214 2
88 2 150 2
79 0 26 2
218 0 144 0
116 0 245 1
103 1 101 2
247 1 267 1
38 0 78 1
117 0 85 1
276 0 144 2
283 0 275 2
222 0 214 1
133 2 77 2
274 0 290 2
33 2 244 2
225 0 135 1
300 0 8 1
108 0 259 1
20 0 153 2
218 0 168 0
246 0 177 2
232 2 120 1
254 1 250 1
141 0 182 2
19 2 149 1
221 0 274 1
230 0 144 2
161 1 233 1
22 1 151 2
181 2 42 1
105 0 270 2
151 1 124 1
265 2 52 2
108 2 135 1
165 2 291 1
204 0 260 2
51 0 159 1
163 2 284 0
279 1 217 1
154 0 189 1
10 0 45 1
187 2 92 1
157 2 112 2
126 2 172 1
177 2 149 2
20 2 226 1
64 2 59 2
173 0 115 0
288 2 200 2
244 1 184 1
206 0 197 2
168 0 157 1
15 0 86 0
31 2 38 1
69 0 224 1
60 2 101 1
239 1 149 0
59 2 279 1
93 0 146 1
129 0 68 2
175 0 206 0
187 2 287 2
158 2 196 1
144 0 188 1
131 0 11 0
288 0 176 2
128 0 209 2
188 2 128 1
139 0 70 2
144 2 233 2
224 2 244 2
121 1 255 1
244 0 8 1
259 2 290 1
254 0 62 2
41 0 254 1
232 2 77 1
251 0 83 1
95 0 57 0
149 0 72 2
119 2 291 1
176 0 236 1
77 0 242 1
270 0 167 0
113 0 278 1
54 2 127 1
68 1 50 1
279 0 252 1
139 0 126 2
75 0 197 2
131 2 116 2
170 2 233 1
247 1 276 1
205 0 14 2
26 2 273 1
193 0 163 0
262 0 204 1
40 0 258 2
221 0 132 1
10 0 154 1
44 1 149 1
29 2 76 2
87 2 126 2
5 0 226 2
20 0 145 1
17 0 81 1
235 2 193 1
186 0 90 0
60 2 25 1
93 2 38 1
121 0 15 0
8 2 17 1
45 0 166 0
98 0 258 2
52 2 68 1
231 0 52 2
205 0 5 1
30 0 294 1
22 0 57 1
101 0 195 1
200 0 78 2
293 2 190 2
8 2 47 1
100 0 252 1
52 0 214 2
97 0 170 2
283 0 6 1
184 0 152 2
31 2 281 1
133 0 94 1
50 0 173 2
279 2 152 2
8 2 147 1
68 1 45 1
87 1 291 2
53 0 210 1
145 0 99 1
108 2 298 1
145 0 121 1
173 2 260 2
214 0 118 0
69 0 137 1
121 2 62 2
174 0 75 1
155 2 189 1
287 0 299 2
246 0 157 2
155 0 20 2
294 0 116 1
12 2 7 1
185 2 177 1
294 0 235 2
217 2 70 1
34 0 270 0
272 2 100 1
213 1 92 2
172 0 22 2
149 0 269 1
162 0 15 1
126 2 20 2
201 0 49 1
104 0 47 2
129 1 147 1
160 0 123 1
189 2 211 2
150 0 62 2
191 0 132 2
55 1 245 2
236 1 210 1
250 0 254 0
300 0 14 1
87 0 129 2
154 0 164 2
234 0 144 0
146 0 103 1
6 0 129 1
72 0 89 1
150 2 154 2
28 1 210 1
135 0 239 2
108 0 294 1
294 0 153 2
169 0 143 2
143 0 252 1
282 0 125 1
149 0 26 2
72 1 183 1
40 0 71 2
202 0 195 1
247 0 223 2
268 0 61 0
152 0 109 1
109 2 211 1
94 0 215 1
186 2 188 1
250 0 152 0
114 2 265 2
97 0 57 1
230 2 100 2
60 0 26 1
278 1 79 0
257 1 245 1
24 2 169 2
17 0 160 1
121 0 250 0
87 2 8 1
164 0 27 2
102 0 66 2
134 0 203 2
229 2 124 2
144 2 200 2
54 2 151 2
139 0 257 2
47 0 207 1
28 1 17 1
263 1 284 1
2 1 168 2
240 0 231 2
110 2 106 1
36 0 109 2
17 0 293 1
93 0 50 2
200 0 227 1
78 0 98 1
85 0 189 1
50 0 13 1
137 0 25 0
114 2 289 2
68 0 80 1
203 0 137 1
296 0 177 2
32 0 60 1
171 2 115 1
119 0 117 1
5 2 82 2
135 0 214 0
239 2 23 2
109 0 36 1
247 2 53 2
235 0 58 0
1 2 88 1
207 0 110 1
131 2 42 1
232 2 21 1
190 2 62 1
96 2 248 1
290 1 257 1
140 2 1 1
126 2 188 2
59 0 155 1
189 2 112 2
53 2 240 2
158 0 32 1
164 0 39 1
200 0 253 1
275 0 265 2
296 0 271 2
38 0 21 1
36 0 209 1
125 0 249 2
24 2 46 2
240 0 281 2
197 0 77 2
71 2 274 1
103 2 102 1
232 0 130 2
291 1 58 1
43 1 249 1
248 0 247 2
173 2 117 2
42 0 57 0
146 1 116 1
36 0 150 2
255 1 141 1
16 1 145 2
118 0 123 1
224 0 34 1
140 0 71 2
267 0 79 2
65 0 146 2
283 0 49 1
274 0 241 2
22 2 107 1
93 0 176 1
78 0 128 0
270 2 184 0
31 1 26 2
162 1 250 1
223 0 86 2
55 1 202 1
178 0 73 1
49 2 225 2
105 1 23 1
83 2 214 1
113 2 131 1
170 0 15 1
255 2 81 1
33 0 74 2
248 0 44 0
230 0 21 2
224 2 275 1
207 1 234 1
262 0 25 1
59 2 213 1
90 2 239 1
119 0 33 1
36 2 174 2
275 0 8 1
230 2 143 2
56 0 215 2
277 2 23 1
245 0 265 2
62 2 238 2
213 0 293 2
59 0 138 1
25 1 46 1
138 0 180 2
222 1 66 1
249 1 233 2
145 0 87 1
194 0 70 1
289 0 154 1
148 2 134 2
131 2 217 1
170 0 202 1
166 0 279 2
111 1 180 1
253 0 212 1
148 1 40 1
244 2 142 2
180 0 258 2
185 0 243 1
190 0 114 2
151 0 75 1
187 2 228 1
54 1 273 2
65 0 75 1
206 0 194 1
83 0 201 0
216 0 70 2
180 0 172 1
124 0 53 0
117 0 283 1
113 0 235 1
67 2 231 2
274 0 63 1
184 0 182 1
57 0 162 1
83 0 12 2
76 0 236 1
147 1 218 2
257 0 29 1
274 1 35 1
252 1 5 2
70 0 276 1
20 2 233 0
259 0 12 1
180 0 61 1
155 0 5 1
138 0 187 1
267 0 125 2
48 2 24 1
178 0 188 1
136 1 144 1
175 0 245 0
158 0 254 0
144 0 31 2
203 1 234 2
12 2 197 2
206 0 102 2
107 0 203 0
42 0 183 2
199 0 28 1
194 2 151 1
4 1 47 1
271 1 234 2
298 0 213 1
133 2 247 1
48 1 100 1
211 0 71 1
137 1 60 2
193 1 85 2
74 2 91 1
23 0 172 1
134 2 52 1
212 2 52 1
177 0 64 1
161 2 166 1
273 0 208 1
208 2 60 1
247 0 228 0
5 0 76 1
79 0 13 2
133 0 261 2
62 2 37 2
293 0 81 0
250 1 218 1
276 2 130 2
6 2 148 2
287 2 175 1
221 0 110 1
146 0 47 2
189 0 6 2
64 2 1 1
278 2 209 2
123 1 206 1
296 0 65 2
124 1 67 1
185 2 50 2
90 1 127 1
30 0 245 1
144 0 5 1
131 0 145 2
95 0 227 1
133 0 132 2
217 1 86 2
45 1 223 1
207 0 248 2
187 2 15 1
147 2 297 2
255 0 258 0
139 2 198 2
292 2 20 1
144 0 154 1
240 0 73 1
110 0 163 2
270 0 129 0
30 0 215 0
233 0 93 1
197 0 54 1
294 0 293 2
70 0 183 2
65 0 250 2
161 0 231 2
281 0 242 2
56 0 58 1
216 2 267 1
124 0 269 1
4 1 69 1
66 0 256 2
293 2 258 2
2 0 270 1
218 2 266 1
198 0 231 1
291 0 16 2
66 0 270 2
291 0 77 1
81 0 235 0
34 2 203 2
85 0 13 1
3 2 167 2
201 0 274 2
55 0 261 2
122 1 240 1
230 2 198 2
140 2 56 1
23 0 250 1
223 0 189 2
120 2 125 1
153 0 43 2
236 2 89 2
119 0 123 1
258 2 282 1
277 1 211 2
170 2 274 1
65 1 79 1
216 0 174 2
96 0 172 1
55 2 224 1
10 0 82 1
77 1 16 2
299 1 181 1
142 0 110 2
244 0 134 1
194 0 169 1
70 2 26 1
95 0 74 1
90 1 222 2
300 1 267 1
61 0 211 2
159 0 127 1
149 0 211 2
255 0 68 1
168 0 209 1
165 2 49 1
242 2 62 2
213 2 284 0
134 0 191 2
28 2 86 2
155 2 10 1
122 0 91 1
252 0 150 1
49 0 54 1
183 0 216 0
40 0 270 1
182 2 290 1
74 0 261 1
87 2 62 1
39 2 20 2
128 0 213 1
135 1 141 2
167 0 17 2
217 1 121 1
230 0 210 1
250 1 144 1
179 2 286 1
39 0 144 0
232 0 24 2
136 2 295 2
135 2 175 2
275 0 128 2
154 0 222 2
285 1 152 1
203 2 84 2
197 0 258 2
94 0 61 1
254 2 118 0
95 2 256 2
56 0 263 1
124 0 97 0
178 0 196 1
93 0 191 2
211 0 86 1
169 0 289 0
87 0 256 1
262 2 283 1
53 0 122 2
209 0 192 1
75 0 289 2
172 2 267 1
83 0 77 2
28 0 19 1
80 1 141 1
105 2 296 2
267 0 11 2
149 2 274 1
228 2 240 2
182 1 248 1
136 0 268 2
74 2 97 1
208 0 181 1
45 0 155 1
294 0 108 1
43 1 40 1
228 0 269 2
217 0 100 2
251 0 247 1
124 0 11 0
281 0 133 2
152 0 13 2
249 1 272 1
43 0 199 2
42 1 166 1
294 0 279 1
51 2 214 1
300 0 11 1
106 0 97 2
183 1 256 2
148 0 96 2
169 2 284 2
168 0 3 1
255 2 133 1
6 0 102 2
241 0 140 1
252 0 80 2
258 0 20 1
101 0 127 1
40 0 285 1
297 0 261 1
147 0 276 1
202 0 68 0
20 2 80 1
115 2 281 1
128 0 216 0
8 2 220 2
192 0 6 2
46 1 112 1
225 0 27 1
168 0 293 2
6 2 130 1
131 0 87 0
66 0 137 2
121 1 167 2
270 0 176 1
186 1 295 1
26 0 204 2
145 0 16 1
54 2 105 2
162 1 211 2
238 0 253 1
247 2 216 0
126 2 262 1
85 0 132 2
203 0 248 0
172 0 6 1
48 0 8 1
261 0 292 1
184 0 22 1
279 1 242 1
261 2 131 2
47 1 176 1
44 0 8 1
290 2 4 2
183 2 190 1
78 0 127 2
84 0 241 1
36 0 215 2
174 0 230 1
10 2 1 1
225 0 264 1
271 0 156 0
159 0 186 1
154 0 27 1
211 2 33 1
128 2 94 1
63 0 270 1
229 0 173 1
189 2 156 1
27 2 145 2
195 0 131 0
45 0 163 1
206 0 152 2
286 0 92 2
273 0 275 1
81 0 195 2
90 1 256 1
75 2 203 2
141 2 17 1
293 2 151 1
209 0 175 1
114 0 181 0
152 1 104 2
239 0 190 2
296 0 20 2
251 0 266 2
9 1 31 2
67 0 82 1
170 0 217 1
269 2 50 1
88 0 117 1
197 0 218 0
166 0 4 1
73 2 172 0
152 2 44 1
29 2 279 2
296 0 270 1
48 1 171 2
76 0 2 1
34 0 220 2
87 2 299 1
54 0 170 2
210 0 271 2
87 0 263 1
208 0 167 1
286 0 146 2
270 1 44 2
154 0 127 2
200 0 123 1
297 0 169 1
14 0 157 2
120 0 242 1
90 0 10 2
32 0 177 2
92 0 84 2
110 2 283 0
60 0 189 2
4 2 68 2
120 0 189 2
154 0 257 2
127 0 118 1
151 2 95 1
3 2 275 1
1 0 226 2
213 0 299 2
171 0 233 1
41 0 123 1
148 0 228 1
270 2 14 2
72 0 97 1
60 2 100 2
68 0 123 1
146 2 294 2
75 0 156 2
94 0 18 2
172 0 248 1
137 2 165 0
113 0 267 2
89 2 263 1
74 0 135 2
257 0 287 1
216 0 212 2
69 0 166 2
80 1 257 1
113 2 168 1
228 1 119 2
226 0 248 0
111 2 114 1
102 0 176 1
101 2 256 2
188 0 4 1
271 2 115 1
116 0 247 1
166 0 228 1
158 0 122 0
94 0 53 1
26 0 9 1
154 2 106 1
203 2 275 2
272 2 256 0
100 2 40 1
74 0 135 1
7 0 160 1
143 0 238 1
175 2 142 1
9 0 281 0
82 0 14 0
246 0 266 2
56 0 213 1
129 2 26 2
25 0 2 1
218 0 268 2
189 1 231 1
109 1 100 2
276 1 189 2
231 0 237 1
110 1 150 2
15 2 14 1
281 0 104 1
285 2 60 2
276 0 176 2
178 1 93 1
216 0 5 2
195 2 152 2
172 0 111 1
62 2 39 1
258 0 109 1
114 1 223 2
26 0 30 1
77 1 210 2
108 0 299 2
273 1 172 2
21 2 108 1
188 2 272 1
293 0 35 1
39 0 245 2
17 2 284 1
47 2 124 2
119 0 38 1
18 0 85 2
297 0 180 2
82 2 68 1
53 0 89 2
59 2 3 1
118 0 203 1
271 1 159 2
204 0 121 2
225 0 122 2
32 2 121 1
295 2 4 1
64 2 6 1
260 0 75 1
50 0 133 1
42 2 77 1
95 1 151 1
109 0 42 1
167 0 76 1
184 0 224 0
44 0 220 1
220 2 196 2
157 0 119 0
86 2 158 1
182 2 123 1
84 0 152 2
71 0 244 0
23 0 214 1
156 2 181 2
204 0 119 2
167 0 280 2
176 2 197 1
53 1 257 1
15 0 10 1
237 2 224 2
183 0 122 2
21 2 258 1
5 1 153 2
48 0 252 1
25 0 243 1
40 0 254 1
270 2 61 2
52 1 230 2
160 2 292 1
248 0 233 1
18 0 198 0
144 0 72 2
16 0 208 2
12 1 93 0
190 0 87 1
161 0 16 0
182 0 157 0
136 2 177 1
259 2 95 2
135 1 126 1
156 1 45 1
32 0 169 2
155 0 200 0
92 2 63 2
173 1 29 1
199 0 119 2
143 0 276 1
268 0 219 0
58 0 178 2
238 0 85 2
217 2 103 1
80 2 112 0
178 1 11 1
259 0 150 1
121 1 72 1
278 0 155 0
83 0 5 1
23 0 135 2
57 0 22 2
124 0 66 2
90 1 122 2
239 0 260 2
296 1 23 1
69 1 174 2
240 2 197 1
183 0 60 1
272 0 121 0
167 0 279 2
235 0 296 2
67 0 38 1
287 0 122 2
160 2 51 2
18 2 246 2
283 0 195 1
280 0 105 0
193 0 259 0
292 2 200 0
113 0 227 2
90 0 178 2
69 0 57 1
249 0 49 0
269 0 91 0
276 0 127 1
267 0 187 2
136 2 50 1
279 2 236 2
133 0 137 1
249 2 108 1
137 0 203 1
225 2 296 1
9 2 299 1
145 2 159 2
12 1 11 2
8 2 5 2
170 0 207 1
277 2 145 2
85 0 98 1
213 1 151 2
167 0 136 2
166 0 38 0
31 2 154 1
116 2 284 2
11 0 74 1
19 0 154 2
259 2 67 2
18 0 278 2
269 0 160 1
245 0 94 1
118 0 182 1
70 2 289 1
82 0 110 0
23 0 24 1
170 0 148 1
161 1 112 1
47 2 6 1
175 1 202 1
211 0 271 1
244 0 281 2
204 0 274 0
35 0 50 2
274 0 77 1
164 2 98 1
143 0 24 1
213 2 230 0
240 1 44 1
144 2 147 1
289 0 251 2
238 0 213 1
114 0 290 2
229 0 263 1
177 2 72 2
235 0 203 2
3 1 295 1
99 2 61 2
119 0 204 1
24 2 196 1
253 0 119 2
244 0 141 1
108 2 127 2
56 0 40 1
44 0 6 2
283 0 73 1
40 0 85 1
251 0 263 1
288 0 59 0
182 0 239 2
20 0 47 2
228 0 283 1
264 2 100 1
86 2 88 2
181 0 184 1
98 0 217 2
24 0 284 1
158 0 128 1
155 1 106 2
64 0 54 0
3 1 237 1
41 0 179 1
250 2 80 1
156 0 17 1
213 0 78 1
109 2 163 1
180 0 241 2
114 1 63 2
200 0 300 1
125 0 1 2
146 2 98 1
62 0 279 1
202 0 28 1
226 2 205 2
118 0 193 1
142 0 104 2
212 1 266 1
181 0 184 1
208 0 290 1
78 1 46 1
4 0 295 1
149 0 59 1
230 0 242 1
39 2 209 2
164 0 140 2
168 0 88 2
171 0 270 1
28 0 9 2
286 0 130 2
105 2 271 1
227 1 110 1
34 0 188 2
287 1 120 2
69 0 89 2
207 0 230 1
297 1 224 1
289 2 110 1
51 0 290 2
257 0 156 2
86 0 126 2
25 2 179 1
33 0 243 1
108 0 225 2
77 1 256 2
156 2 111 1
59 2 27 2
161 1 23 1
46 0 28 1
3 0 176 1
218 0 150 1
9 1 38 2
79 0 140 1
180 0 244 2
11 0 93 1
157 0 50 1
294 1 13 2
195 0 172 0
197 0 179 2
205 0 47 2
262 0 73 1
52 0 7 1
179 0 228 0
130 2 161 1
138 1 178 2
112 2 72 1
119 0 135 1
16 1 246 2
129 0 288 1
194 0 28 2
164 1 100 1
169 1 221 2
224 0 118 0
267 0 254 1
227 2 286 2
139 2 282 1
113 0 299 2
28 2 91 1
79 0 34 1
184 0 173 1
181 0 31 2
80 0 15 1
191 0 236 1
13 0 104 2
218 0 228 2
249 2 205 0
35 0 63 2
281 0 129 0
297 0 243 2
198 0 86 1
239 0 71 1
264 1 68 1
71 1 219 1
193 0 163 2
187 1 16 1
219 2 89 1
37 0 175 2
162 0 68 1
209 0 46 1
200 2 91 1
269 2 179 1
89 1 77 1
38 2 298 1
85 2 54 2
134 0 100 0
82 0 29 1
144 0 164 2
108 0 227 1
258 1 63 2
23 0 20 1
290 0 12 0
124 2 86 2
95 1 289 1
188 1 191 1
121 0 128 0
113 0 45 2
22 2 266 1
67 1 264 1
193 2 12 1
56 0 261 1
74 0 92 1
98 0 192 1
237 2 58 1
207 0 34 1
82 0 198 1
70 0 157 1
290 2 191 2
193 2 35 1
68 1 1 1
262 0 215 1
29 0 179 1
151 1 152 1
207 0 145 0
215 0 115 2
150 0 96 2
261 2 234 1
227 0 219 1
18 0 175 2
152 0 166 1
233 0 278 1
14 0 79 2
116 2 166 2
37 1 104 2
46 0 179 2
197 0 114 1
45 0 127 1
264 2 128 1
97 0 290 1
81 0 205 1
29 0 70 2
148 0 89 2
197 2 251 2
13 0 193 1
4 1 240 1
43 2 168 1
68 2 256 2
153 0 36 1
183 1 116 1
11 0 31 2
36 0 232 2
62 1 31 2
49 1 97 2
1 1 231 1
88 1 36 2
85 1 298 1
75 2 145 0
261 1 14 1
198 0 163 1
64 0 181 0
107 0 241 1
153 0 182 2
83 0 12 2
188 2 176 2
79 0 140 2
202 0 219 1
50 0 273 2
79 0 162 1
128 0 14 1
1 2 161 1
174 0 290 1
33 0 295 1
193 0 129 2
275 0 125 1
143 0 9 1
193 2 35 2
35 0 49 1
166 0 27 2
100 0 110 2
25 0 53 1
158 0 99 2
168 0 126 1
145 0 121 1
255 1 168 1
217 1 116 2
107 0 285 1
297 0 208 2
102 0 235 2
19 0 259 1
248 0 257 2
293 1 129 2
46 0 243 1
300 2 40 2
4 2 285 2
295 2 182 1
250 2 159 2
85 1 15 1
107 0 85 2
49 0 111 2
25 0 62 2
195 0 76 0
57 0 215 0
255 2 115 1
276 0 146 2
7 0 229 2
54 1 129 1
248 0 222 2
70 2 211 1
226 0 2 2
293 0 61 0
47 0 55 0
107 0 81 1
208 0 198 2
225 1 246 2
207 0 50 1
179 2 149 1
260 1 88 1
267 2 45 1
74 0 123 1
8 1 92 1
214 0 278 1
175 2 276 1
133 2 295 1
287 0 31 1
8 0 21 1
172 0 26 2
160 1 140 1
300 2 229 1
42 1 275 2
37 0 84 1
207 1 184 2
76 2 271 2
4 2 18 2
227 1 99 2
61 0 183 0
82 0 299 2
156 1 167 2
194 0 258 1
130 0 79 2
138 0 135 2
273 0 213 1
163 2 119 0
241 0 67 1
117 0 252 1
90 1 23 2
289 0 183 1
54 1 105 2
155 2 198 1
159 0 257 1
46 0 292 1
50 0 243 2
105 0 122 2
124 0 140 2
19 0 2 2
118 0 162 1
40 0 109 2
275 0 273 2
249 0 250 0
94 0 282 1
77 2 111 1
111 0 184 0
160 0 57 2
283 0 220 1
44 0 243 2
299 1 22 1
209 1 258 1
58 0 182 1
168 0 42 2
251 0 266 1
64 0 57 0
111 0 114 2
281 1 112 1
202 0 28 2
197 0 235 1
274 0 85 2
78 1 143 1
140 2 209 1
122 2 113 1
148 2 35 2
230 2 172 2
247 0 218 2
3 2 75 2
201 0 224 1
299 0 242 1
223 2 18 1
181 0 20 2
122 0 165 0
34 2 94 0
23 0 195 1
249 1 108 2
172 0 99 1
87 2 22 1
113 0 173 1
42 0 158 2
27 0 285 1
31 0 263 2
220 0 265 2
293 0 226 2
68 0 153 2
197 2 281 1
238 0 217 1
173 2 82 1
170 0 126 1
290 1 282 1
277 1 158 1
252 1 110 1
84 0 44 0
144 2 267 1
179 2 218 2
299 1 51 2
25 0 291 0
116 0 69 1
149 0 291 2
284 0 48 2
78 0 260 0
194 2 116 1
282 1 141 1
49 2 92 1
42 2 5 1
166 0 25 2
249 2 273 1
114 0 258 1
22 0 48 2
289 2 206 2
129 0 147 2
267 1 19 2
288 0 225 1
167 2 95 1
226 1 176 2
114 0 214 1
258 0 195 2
222 0 14 2
226 0 83 1
114 0 175 1
249 2 88 1
291 0 6 1
13 0 241 2
30 0 28 2
215 0 144 1
107 0 200 1
165 0 42 2
177 2 22 1
114 0 162 0
254 0 263 2
168 0 64 1
49 2 142 2
13 0 272 1
167 0 145 2
61 0 211 1
135 0 44 0
71 2 163 1
17 0 253 0
233 0 209 1
200 0 156 2
292 2 80 1
187 0 128 2
168 0 92 2
58 1 26 1
289 0 148 2
280 0 87 1
203 2 117 1
203 1 82 2
197 0 286 0
213 0 102 1
293 1 130 2
24 0 64 2
94 0 83 2
181 2 128 1
56 0 29 1
30 0 196 1
19 0 25 1
67 0 3 1
159 0 166 2
180 2 213 1
111 2 261 1
148 0 288 2
145 0 59 2
288 1 25 2
290 1 199 0
290 0 259 2
100 2 171 2
281 0 141 2
132 2 49 2
233 0 20 2
295 0 50 1
248 0 271 1
233 0 43 1
120 0 136 1
251 0 32 2
45 0 293 2
133 2 129 2
92 0 103 2
210 0 186 1
169 2 234 2
163 0 230 1
17 2 241 2
96 0 62 1
205 2 119 2
17 0 130 2
183 2 145 2
205 2 153 1
242 2 43 2
272 2 108 2
269 1 101 2
154 0 58 2
3 0 74 1
44 0 13 1
171 0 220 1
74 0 68 2
132 2 266 2
194 2 285 1
149 0 298 1
282 0 39 1
269 0 103 2
273 0 35 2
285 1 127 1
263 0 255 0
288 0 112 0
203 1 112 2
138 2 112 1
15 0 55 1
221 0 64 1
235 1 216 2
291 0 132 2
164 2 200 1
146 1 35 1
134 2 42 1
82 0 185 1
93 0 125 2
280 2 209 2
103 2 1 1
131 2 283 2
126 2 175 1
252 1 285 1
70 2 284 2
249 0 235 1
84 0 269 2
121 2 32 1
80 0 257 2
249 2 18 1
150 0 276 1
215 1 98 1
159 0 52 2
249 2 283 1
152 0 88 0
197 0 249 1
131 2 219 1
51 0 294 1
223 0 170 2
34 0 160 0
79 0 270 1
66 1 144 2
73 0 83 0
143 0 164 2
239 1 170 0
158 2 37 1
173 2 276 2
161 2 219 2
165 2 40 1
279 0 255 0
59 0 245 1
180 0 227 0
294 0 259 1
259 0 11 1
55 0 65 2
208 0 1 2
68 2 100 1
75 2 32 2
101 0 296 0
106 0 266 1
12 1 257 1
240 2 253 1
286 0 227 2
193 1 45 2
125 0 114 2
136 2 96 1
110 2 57 2
159 0 84 2
293 0 24 0
128 0 246 0
216 2 44 2
15 0 242 2
274 0 8 2
141 0 146 1
235 2 241 0
261 1 246 1
267 0 300 2
226 2 207 1
204 0 70 1
67 1 144 1
84 0 80 1
15 0 115 2
225 0 244 0
134 0 274 1
86 0 279 2
80 1 50 1
211 2 281 1
71 0 265 1
199 2 44 1
63 2 245 1
190 1 240 2
185 2 211 0
56 0 299 1
206 0 47 1
83 0 263 1
81 0 135 2
205 0 295 1
182 0 169 0
295 2 139 0
37 2 195 1
225 0 251 0
36 0 65 1
41 0 164 1
217 2 233 2
58 0 177 2
225 2 248 1
51 2 256 2
80 0 41 2
107 1 175 2
246 0 140 2
185 0 45 0
282 0 226 1
253 0 175 1
97 0 8 1
217 1 42 2
98 0 236 1
80 0 159 0
48 1 190 1
263 1 154 1
151 0 105 1
213 1 265 2
149 1 216 1
169 2 300 1
113 0 193 2
11 0 49 2
61 0 118 2
213 1 2 2
69 0 35 0
165 0 153 0
110 0 191 0
256 2 119 1
177 0 96 2
293 1 25 1
48 0 91 2
107 0 28 0
284 2 198 2
125 0 18 0
214 1 237 2
9 0 293 0
47 0 255 1
4 0 181 0
159 2 45 1
245 0 65 1
39 1 119 2
245 0 250 1
3 2 154 0
188 0 75 1
76 1 194 1
227 2 48 2
260 0 127 1
68 0 172 1
291 0 226 2
3 2 216 2
37 1 87 1
270 0 31 1
187 2 215 1
235 0 257 2
35 0 51 1
105 1 125 2
72 1 194 2
69 0 222 1
163 1 144 0
169 0 260 0
280 2 215 2
109 0 250 1
208 0 59 1
243 2 273 1
2 0 269 2
133 1 273 1
94 0 243 1
119 0 69 2
87 0 261 2
129 0 46 0
209 1 154 1
132 2 39 2
238 1 184 1
28 0 200 1
251 0 211 1
89 0 91 1
231 2 11 1
259 2 176 2
154 2 35 1
195 0 200 0
134 0 244 0
78 2 46 2
65 0 299 2
15 0 191 2
59 0 94 2
64 1 144 0
26 0 177 2
196 1 241 1
215 0 160 2
156 0 264 1
93 0 133 2
191 2 70 1
135 0 288 1
115 0 122 2
261 2 123 2
172 0 200 2
132 2 274 1
296 0 124 0
217 1 207 1
171 0 17 1
4 0 30 1
129 2 190 1
300 2 52 2
183 2 20 1
185 1 200 1
155 0 295 1
154 0 102 1
214 2 144 0
162 2 66 2
47 1 155 2
182 2 74 1
9 1 83 1
33 1 139 1
23 0 251 0
264 0 230 2
62 1 253 2
234 0 278 2
141 0 5 2
191 2 147 1
117 0 203 2
190 1 166 1
57 2 158 1
122 1 66 1
264 0 132 1
92 1 145 1
65 1 117 1
100 0 136 1
43 1 164 1
299 1 13 1
108 0 160 1
131 0 61 0
209 1 7 2
9 0 142 1
58 0 189 2
197 2 98 1
5 1 100 2
287 2 16 1
93 2 208 2
282 0 140 2
51 1 201 2
227 0 204 2
243 1 35 2
43 1 19 0
7 2 119 1
36 0 41 2
124 0 219 2
226 2 23 2
78 0 124 2
130 0 99 0
293 1 121 1
296 0 116 2
25 0 179 1
249 2 74 2
281 0 293 2
297 0 264 2
24 0 269 0
116 1 56 2
300 0 70 2
9 2 5 2
227 2 258 2
183 0 80 2
61 0 84 1
134 0 18 2
275 0 21 2
90 2 243 2
205 0 299 1
67 0 85 1
200 0 55 1
291 1 172 2
116 0 177 0
156 0 230 1
91 0 89 2
99 0 79 2
132 0 108 1
201 0 173 1
183 0 259 2
123 2 157 0
93 0 29 1
284 0 236 1
99 0 159 1
38 0 187 1
23 0 182 2
228 1 205 2
199 0 149 1
294 0 57 1
73 1 13 2
247 0 107 0
178 0 157 2
206 0 299 1
118 0 171 1
84 0 52 0
244 0 206 1
286 2 134 1
257 0 39 1
216 0 141 2
300 0 89 2
18 2 53 1
129 0 288 1
11 0 176 2
94 0 15 2
181 1 23 1
219 2 2 2
13 0 211 2
104 0 262 1
49 0 261 2
187 2 108 2
296 0 258 2
210 1 194 2
43 0 294 0
126 2 212 2
73 0 205 1
250 0 299 2
102 2 63 1
251 2 211 1
203 0 250 2
293 1 109 1
42 2 116 1
145 0 71 2
1 1 157 2
4 0 186 1
89 2 117 1
286 0 31 0
285 1 106 2
163 0 228 2
154 2 106 1
95 0 82 2
108 0 186 1
297 0 191 2
9 1 79 2
244 0 270 1
102 0 31 1
45 0 18 1
90 0 289 1
209 1 275 1
157 1 253 1
49 0 236 2
15 0 228 2
24 2 277 1
195 0 25 1
58 0 62 1
38 0 235 2
269 2 12 1
13 0 105 1
60 0 295 1
149 0 33 0
223 0 9 2
9 0 84 1
253 2 274 2
9 1 146 1
238 0 175 2
212 0 106 1
20 0 78 2
147 0 211 0
32 0 84 2
178 0 77 1
212 1 67 1
177 0 10 0
62 2 71 2
144 0 87 1
30 0 57 2
80 2 254 2
49 2 79 1
208 0 158 2
49 0 11 0
91 0 59 2
208 0 5 2
4 0 10 0
247 1 6 2
202 2 144 2
300 0 60 1
183 0 210 1
26 0 20 1
175 1 52 2
43 0 268 2
85 2 129 2
215 1 184 1
75 1 19 1
234 0 87 2
100 0 183 2
232 0 13 1
98 0 173 1
179 0 111 2
252 1 167 2
263 2 273 0
178 0 18 1
139 0 287 2
35 1 241 2
26 0 252 1
159 0 184 1
294 2 197 1
276 0 86 1
110 1 179 1
5 1 251 1
8 0 266 1
110 0 46 1
22 2 59 2
163 2 123 2
253 0 196 2
55 0 89 1
3 0 180 2
56 0 231 1
261 0 19 0
180 0 159 0
183 2 116 2
297 0 207 1
202 0 84 1
273 0 101 1
281 0 244 0
290 2 149 0
120 1 58 1
169 2 190 2
120 2 208 2
142 0 42 1
278 1 283 0
199 0 109 1
187 0 64 1
37 2 12 1
42 0 4 2
110 0 178 0
165 0 30 2
67 1 44 2
296 0 107 1
200 0 91 2
209 0 110 0
74 0 272 2
288 0 204 1
23 0 243 2
45 1 266 2
134 2 257 1
47 0 27 2
22 2 63 2
186 1 145 1
138 2 16 1
89 2 286 2
252 1 44 1
40 2 167 1
77 0 12 2
295 2 230 2
78 0 7 2
92 0 129 1
36 0 227 2
218 0 210 2
36 0 85 1
13 2 283 1
207 0 243 1
111 0 181 2
34 0 259 0
203 1 231 1
241 0 64 1
55 0 52 1
300 2 282 1
90 0 277 0
221 2 139 2
138 2 56 2
162 2 175 2
299 2 37 1
118 0 68 2
296 2 94 2
41 0 185 2
41 0 293 1
164 2 231 2
115 0 39 2
90 1 13 0
256 0 123 1
148 0 21 1
194 1 100 1
258 0 221 0
266 0 140 1
253 0 62 2
42 0 183 2
267 2 184 1
38 0 128 2
211 2 281 1
22 0 189 1
124 0 212 2
25 1 165 2
274 0 20 2
115 0 85 2
221 0 2 2
25 0 214 2
157 0 175 1
136 1 224 1
270 2 146 1
52 0 182 1
88 0 292 1
136 0 238 1
245 0 299 2
283 0 113 2
38 2 232 1
90 2 251 0
59 2 133 1
157 0 248 1
249 2 26 1
19 0 89 1
120 0 158 1
83 0 69 0
171 0 201 1
252 2 82 1
94 2 297 2
264 0 135 2
153 1 275 2
199 0 107 1
165 0 235 2
3 2 2 2
119 0 242 1
251 2 164 1
102 0 277 2
133 0 272 1
12 2 128 0
262 0 63 1
267 2 118 2
155 0 245 0
239 0 99 0
95 0 91 0
263 2 26 1
49 0 204 2
257 0 23 0
159 0 8 1
295 0 2 0
145 0 235 2
137 2 285 2
210 2 240 1
68 0 137 2
5 2 195 1
90 0 145 0
273 0 227 2
247 1 55 2
79 0 288 1
299 2 224 2
64 2 242 2
268 2 266 2
49 2 234 2
200 0 290 1
298 2 291 1
17 1 98 1
18 0 60 0
33 2 79 1
261 0 6 0
142 0 232 2
259 2 210 1
112 0 100 0
120 0 75 1
77 0 113 0
244 0 212 2
180 0 185 2
287 0 288 2
71 0 50 2
229 0 162 2
148 0 89 2
29 1 68 2
225 0 176 1
184 0 156 2
33 0 34 1
84 2 243 2
153 0 59 1
227 0 135 0
150 0 110 2
27 0 120 2
279 0 118 0
11 0 285 1
200 0 145 0
179 0 196 2
210 0 145 2
276 1 250 1
271 1 72 1
165 0 271 2
58 0 153 2
89 0 261 2
74 0 219 1
4 0 72 2
40 0 246 0
32 2 166 1
223 0 263 1
141 0 271 2
218 2 275 2
84 2 286 2
64 0 12 1
130 2 55 1
100 0 81 2
258 2 164 2
183 2 166 1
207 2 267 1
59 0 123 2
45 0 91 2
285 0 217 1
194 2 118 1
254 0 86 1
8 1 87 2
237 0 123 1
16 0 237 0
123 2 125 1
275 0 160 1
112 0 32 1
284 0 74 0
291 0 202 1
268 2 192 1
136 1 296 1
90 1 166 1
23 0 93 0
125 2 130 1
30 2 178 1
99 2 116 1
30 0 82 2
149 0 118 1
254 0 173 2
160 0 121 0
195 1 256 0
18 0 207 0
288 1 32 1
126 1 113 2
11 0 55 1
176 2 207 1
145 0 210 2
101 2 150 1
276 1 78 2
48 1 246 1
257 0 217 2
168 0 179 1
172 0 155 2
173 0 124 2
145 0 257 1
75 2 225 2
5 0 88 0
105 0 278 1
185 2 166 1
122 2 148 2
204 2 250 1
269 0 174 0
297 0 147 1
92 0 251 2
159 2 266 1
173 1 287 2
161 0 279 2
48 2 61 1
156 1 251 2
212 2 127 2
291 0 42 1
140 0 107 1
125 0 196 1
37 0 218 1
82 2 255 1
55 0 57 1
298 2 189 1
182 1 129 1
123 0 13 0
294 0 75 2
99 0 166 0
151 0 229 2
23 2 138 2
229 2 175 1
288 2 147 1
236 0 154 1
7 1 166 1
152 0 248 2
251 0 262 0
224 0 102 1
211 0 286 0
181 2 159 1
150 2 56 1
32 2 190 1
262 2 19 2
35 0 175 2
64 1 230 0
16 1 282 2
196 1 272 1
291 2 100 2
187 0 26 1
113 0 275 0
178 0 248 2
237 0 265 1
118 0 191 2
13 0 169 2
167 0 64 2
174 1 240 1
236 1 5 1
80 0 205 2
233 0 150 0
233 0 245 1
247 1 95 1
242 1 106 1
222 2 210 1
104 2 205 2
175 2 150 2
59 2 9 1
45 0 271 1
285 1 141 1
96 1 150 2
133 0 107 1
115 0 114 2
148 0 53 0
24 0 107 2
295 0 130 1
157 1 139 2
181 0 229 2
237 0 114 2
300 0 97 0
172 0 89 1
35 0 178 1
33 0 165 2
299 1 183 1
193 1 278 1
262 0 226 1
89 2 266 2
194 2 41 1
211 1 207 1
98 1 94 1
153 0 206 1
158 0 3 1
147 0 54 2
298 2 174 2
276 0 238 2
75 2 63 1
149 0 188 1
38 0 238 1
75 0 14 2
222 0 9 2
280 0 259 0
164 0 162 2
78 0 220 1
221 0 48 2
58 0 282 1
212 0 63 2
192 2 193 1
219 1 16 2
67 2 44 1
22 0 254 2
226 2 170 2
12 1 73 1
26 0 226 1
87 1 170 2
39 0 203 1
200 0 55 2
24 0 222 2
129 0 103 1
15 0 193 1
149 0 30 2
212 2 248 1
250 1 36 1
39 1 206 1
119 0 99 2
294 0 18 2
66 0 162 2
5 1 66 1
35 0 6 1
72 0 73 2
24 2 191 1
122 0 261 1
108 0 263 2
203 0 126 1
224 0 225 1
175 1 157 2
264 0 49 0
64 0 25 2
21 2 31 1
27 0 249 2
283 0 77 1
121 0 187 2
104 0 134 2
141 0 101 2
16 2 284 2
296 0 113 1
147 0 138 2
122 0 98 2
215 0 91 0
32 1 198 2
31 0 125 0
150 0 120 2
252 2 285 1
187 2 224 0
296 0 237 2
282 0 213 2
108 0 111 2
216 0 222 2
275 0 75 1
118 1 216 1
137 0 25 0
238 2 178 2
81 1 77 1
189 0 196 1
268 0 249 2
157 2 67 1
231 0 213 1
119 0 255 2
127 0 90 1
131 0 165 0
230 0 206 2
4 2 139 2
133 2 282 1
213 2 139 2
11 0 17 1
155 0 259 2
266 0 13 1
189 0 250 1
297 1 206 1
160 2 164 1
231 2 94 2
59 2 196 1
99 2 79 1
196 1 229 1
1 0 99 1
51 2 161 1
267 0 110 1
148 2 275 2
197 0 299 1
196 2 14 1
145 2 184 2
173 1 26 1
207 0 179 2
191 1 143 1
78 0 272 2
15 0 73 2
273 2 153 2
191 0 136 2
3 1 247 1
240 0 282 1
186 0 81 2
218 0 249 2
205 2 102 1
135 0 204 2
202 1 10 1
294 0 257 0
1 2 157 1
5 2 100 0
202 2 77 1
137 1 200 2
16 2 31 1
179 0 11 0
49 0 103 1
144 0 272 2
237 2 243 1
295 0 169 2
143 0 152 1
21 1 104 2
157 0 152 2
63 0 231 2
116 0 132 2
124 0 89 2
204 0 281 2
68 1 157 2
265 0 239 2
65 2 10 2
177 1 150 2
263 0 256 2
85 0 47 0
237 0 189 2
112 2 223 2
73 0 47 0
221 0 57 1
280 0 222 0
32 1 93 2
174 0 17 2
121 1 235 1
63 0 39 2
299 0 256 2
119 0 85 1
165 0 112 1
172 1 238 1
229 2 79 1
226 0 211 1
297 0 44 1
60 0 99 1
207 0 85 1
245 0 146 2
123 1 36 2
203 0 196 1
84 0 24 1
278 1 27 2
249 0 254 0
238 0 195 1
163 2 263 1
242 1 297 0
226 2 163 1
154 0 139 1
48 2 89 1
9 0 98 0
172 0 130 2
52 0 28 2
221 0 278 1
9 0 105 2
289 0 155 1
232 1 206 2
56 0 163 1
259 0 117 1
79 0 217 1
21 0 166 1
204 0 15 2
182 2 266 0
294 0 284 0
113 0 6 2
17 1 241 1
244 0 45 2
170 0 27 2
34 2 207 1
171 1 141 1
158 2 145 1
120 0 8 1
5 0 63 1
188 0 31 2
225 2 18 1
62 0 290 1
69 2 60 1
179 0 137 1
113 0 287 0
209 1 162 1
108 0 232 2
144 0 107 1
136 2 121 2
72 1 61 1
82 2 92 2
19 0 132 1
236 0 143 2
11 2 184 1
222 2 26 1
79 0 140 2
126 0 162 2
288 2 230 1
68 2 55 2
190 0 128 2
221 0 276 1
36 2 129 1
283 0 162 1
70 0 76 2
29 0 56 1
80 2 1 1
173 0 211 1
4 2 228 2
144 0 286 1
275 0 131 1
149 2 244 1
195 0 30 0
169 0 256 2
98 0 85 2
251 0 289 2
168 0 187 1
143 2 153 1
296 0 278 1
294 0 185 2
79 2 240 2
249 0 281 0
218 0 190 2
52 0 289 2
250 1 254 1
98 0 244 0
42 0 178 0
140 1 68 1
64 2 105 1
56 0 137 1
65 2 264 1
176 2 123 1
217 0 53 0
109 1 86 1
246 0 117 2
270 2 249 1
111 2 259 2
1 0 172 0
282 0 250 2
271 0 134 0
280 0 82 2
78 2 240 1
152 0 230 2
277 2 17 2
158 0 83 0
17 2 68 1
248 0 34 1
169 0 212 1
25 2 141 1
233 0 244 1
241 0 77 2
128 0 140 2
160 0 175 0
75 1 121 2
268 2 158 2
183 1 168 1
162 0 2 2
204 0 261 2
275 0 252 1
243 0 299 2
273 0 238 0
229 0 163 1
37 0 66 0
97 0 201 1
258 1 282 1
59 1 128 1
147 0 125 1
232 2 294 2
279 2 58 2
122 1 174 2
170 0 244 0
117 1 253 2
68 2 139 1
272 2 260 2
138 2 100 2
280 1 128 2
259 0 271 1
121 2 192 1
100 0 1 2
58 0 293 2
255 0 161 1
285 2 298 2
300 0 223 2
59 2 56 2
149 0 163 1
218 0 292 2
104 0 43 2
157 0 150 0
100 2 118 1
85 0 212 1
172 0 85 2
149 0 222 1
34 1 9 1
187 0 17 0
176 1 18 2
189 1 13 1
208 0 266 1
39 2 133 1
268 2 59 1
20 2 117 2
148 2 72 1
55 0 223 1
6 0 261 1
232 0 231 2
83 0 140 1
22 0 97 1
183 0 140 2
173 0 294 1
91 0 110 1
215 2 40 2
256 2 170 1
182 0 38 2
53 2 204 1
216 0 292 1
192 0 237 0
132 2 125 0
223 0 256 2
123 0 30 2
276 2 268 1
31 0 249 1
289 2 9 1
208 2 273 1
262 0 164 2
113 0 133 1
213 1 285 1
104 0 225 1
104 0 167 1
276 2 151 2
4 1 169 1
152 0 202 0
173 2 106 1
251 0 43 1
129 2 1 1
48 1 46 2
253 2 32 1
182 2 185 1
274 0 224 2
228 0 184 2
26 0 163 1
128 0 174 0
90 0 198 1
109 0 122 0
82 0 128 1
252 0 297 2
187 0 80 1
23 0 295 1
8 2 41 1
233 0 295 1
275 0 76 1
111 2 209 1
249 2 118 1
71 2 110 2
17 0 132 2
206 0 115 2
197 0 90 2
45 0 82 2
127 0 188 1
177 0 298 0
12 2 270 1
94 0 150 0
119 0 21 2
106 0 226 1
90 0 73 0
7 0 287 1
233 0 277 1
195 0 135 2
135 1 133 1
150 0 284 2
194 0 18 1
125 0 290 2
199 0 263 1
262 0 77 2
12 0 201 2
277 2 265 2
264 0 183 1
215 0 4 1
26 0 70 2
40 0 242 1
187 2 161 1
68 2 257 1
227 0 299 2
133 0 86 2
189 2 30 2
27 0 212 2
47 0 281 2
61 0 115 2
139 0 202 1
299 0 48 2
273 2 94 1
118 0 146 2
56 0 237 2
143 0 2 1
269 2 120 1
10 2 164 2
201 0 283 2
282 2 72 1
187 1 112 2
128 0 14 1
260 0 290 1
72 2 284 2
143 0 62 1
117 2 190 1
129 2 287 1
7 0 20 2
148 0 209 2
46 0 160 2
24 0 169 2
273 0 264 2
58 0 101 2
278 1 29 1
61 0 263 1
210 0 18 1
21 0 163 2
290 0 298 0
289 0 280 1
85 2 87 2
61 0 205 0
258 0 288 1
24 0 80 1
279 1 145 2
37 0 175 1
183 2 273 1
80 0 276 0
192 0 113 0
165 0 186 1
185 2 14 2
139 0 97 2
193 0 85 1
206 0 186 1
245 0 155 2
263 1 26 0
160 2 243 1
147 2 72 1
36 2 119 2
100 0 283 1
175 0 69 0
165 0 130 2
75 0 181 0
99 1 66 1
3 1 44 0
286 0 4 1
293 2 78 2
229 0 95 2
163 2 41 2
190 0 170 0
83 0 255 2
110 2 285 2
121 0 195 2
258 2 157 1
228 2 177 1
122 0 171 1
84 1 57 2
157 2 38 2
220 0 287 0
85 1 9 1
22 0 220 1
132 0 218 2
132 2 123 1
77 0 75 1
33 0 37 1
60 2 218 2
83 2 10 1
258 0 175 1
151 0 37 2
172 0 84 1
141 0 190 2
217 2 223 1
20 0 213 2
238 0 147 2
74 0 126 1
181 0 188 1
201 2 246 2
236 2 102 0
116 0 43 2
244 0 178 1
286 0 92 1
41 0 146 1
144 0 145 0
69 2 248 1
6 1 265 1
181 2 198 2
16 0 46 1
29 0 173 2
283 2 207 1
296 0 128 0
61 0 73 1
151 2 120 2
232 2 128 2
17 0 73 1
209 0 15 0
36 0 211 2
150 0 265 1
219 2 123 1
54 1 67 2
213 0 53 1
51 2 94 2
255 0 137 2
59 0 47 0
226 0 69 2
67 0 104 2
67 0 95 0
10 0 288 2
59 0 220 1
28 0 160 2
140 0 187 0
180 2 81 1
77 1 116 2
225 0 82 1
15 0 158 0
15 0 190 2
121 0 102 1
78 1 205 2
102 0 154 1
160 0 153 2
103 1 182 1
91 0 245 0
71 1 190 1
276 1 178 2
216 0 195 1
187 2 271 2
106 0 251 2
270 0 54 0
111 0 96 1
239 0 146 0
130 1 184 2
255 2 55 2
55 0 92 1
43 1 21 1
186 2 2 1
6 2 141 1
101 0 4 2
131 0 266 2
225 1 241 2
98 2 216 1
207 0 173 1
129 0 263 2
71 2 127 1
108 1 146 1
265 2 250 1
87 1 207 2
94 2 208 1
130 2 256 1
14 0 299 2
136 2 73 1
48 2 225 2
36 0 213 1
120 2 118 1
278 2 255 2
80 0 180 0
272 2 77 2
203 1 207 1
183 1 282 2
94 0 236 2
192 1 106 0
93 0 80 1
151 2 1 2
299 0 90 2
247 0 172 2
38 0 32 2
200 0 191 1
47 0 216 0
285 1 256 1
236 1 245 2
189 2 34 1
30 1 78 2
245 2 35 2
132 0 253 0
87 0 34 2
218 0 44 0
103 1 229 1
189 2 92 2
261 0 40 2
228 0 137 1
36 0 213 1
261 2 237 2
48 0 241 0
82 2 199 2
20 1 204 1
134 1 94 1
72 0 132 1
156 0 233 0
135 2 119 2
215 1 289 1
11 2 115 1
286 0 110 2
11 0 143 1
271 0 14 2
242 1 252 1
132 2 65 1
164 1 167 1
254 2 36 2
48 2 224 1
121 0 81 0
40 0 150 1
187 0 172 2
144 2 104 1
284 0 162 1
274 0 216 0
48 0 178 1
71 1 19 1
252 2 63 0
250 0 228 1
162 1 298 2
271 0 81 0
23 2 145 2
220 1 146 1
257 0 9 1
143 0 91 1
169 0 10 2
73 1 262 1
103 0 288 0
8 1 131 2
86 1 44 2
100 0 209 1
34 2 68 2
155 2 148 1
246 0 208 0
61 2 208 1
151 2 189 1
66 0 138 1
185 2 49 2
112 0 65 2
208 0 29 1
152 0 192 1
293 1 153 1
208 2 174 2
146 1 1 1
166 0 239 1
126 2 21 2
259 0 163 2
2 2 142 1
225 1 31 1
205 0 234 2
69 0 22 2
226 0 80 1
45 2 297 1
232 2 115 2
20 2 163 1
44 0 114 1
241 0 131 1
171 0 173 1
236 2 246 1
62 2 293 2
22 1 285 1
110 0 233 2
138 0 111 1
270 2 288 2
285 0 291 2
187 0 54 2
51 0 234 2
130 2 257 2
3 0 299 2
221 0 241 1
279 0 290 2
279 0 160 2
7 1 151 2
196 2 264 1
30 1 63 1
183 2 2 1
102 0 280 2
123 0 260 1
140 0 190 2
106 0 215 1
147 0 248 2
164 0 195 2
13 0 259 2
80 0 233 0
168 0 48 2
216 2 129 1
50 2 68 1
242 1 42 1
61 0 186 1
246 0 73 1
126 0 3 2
252 0 144 1
266 0 84 2
3 2 268 1
175 0 250 1
299 1 88 1
30 0 250 1
89 1 223 1
134 2 298 1
216 0 104 1
19 0 134 1
14 1 85 1
20 0 24 0
297 0 258 2
267 0 123 2
254 0 103 2
51 0 173 1
92 2 153 2
297 1 100 1
89 1 138 2
268 0 169 2
163 2 266 0
114 2 141 2
40 2 120 2
122 2 152 1
18 0 239 1
230 2 153 1
221 2 165 1
16 0 38 2
270 0 174 0
50 0 219 2
220 1 112 1
184 1 143 1
245 0 70 1
152 0 55 1
285 1 143 1
141 2 52 1
203 0 219 2
59 1 130 1
4 0 82 0
34 2 93 2
141 0 34 1
233 0 200 0
155 2 19 1
157 0 161 1
264 1 129 2
146 0 199 0
19 0 189 1
240 0 165 2
223 2 157 1
282 0 101 2
223 0 281 1
42 0 18 1
34 0 274 1
90 0 113 1
180 1 55 1
96 2 87 2
221 0 151 2
173 0 137 0
247 0 87 2
194 0 75 1
260 0 143 2
86 0 166 1
29 2 294 1
244 0 26 1
192 2 84 1
100 0 173 1
196 0 250 2
111 1 158 1
300 0 263 1
149 0 208 1
54 1 62 1
105 0 118 2
141 0 162 1
262 0 300 2
262 0 187 1
146 2 69 1
278 0 222 1
49 1 168 1
203 0 299 1
119 0 277 1
111 1 241 0
88 0 143 2
131 0 222 2
34 2 221 1
172 0 262 2
168 0 216 0
226 2 54 2
251 0 50 2
177 1 155 1
122 0 23 1
198 0 116 2
194 0 7 2
213 0 73 2
53 0 252 2
212 2 289 1
117 0 228 1
221 0 95 1
76 1 295 1
244 0 12 1
13 0 60 2
212 1 218 2
1 0 64 2
244 2 166 1
92 2 95 1
231 2 59 1
47 0 173 1
202 0 236 1
259 0 244 0
4 0 251 0
2 0 244 2
206 0 299 1
78 2 294 1
48 0 254 1
155 0 264 2
152 0 146 0
240 0 87 2
220 1 188 2
259 2 55 1
139 0 269 2
197 0 211 1
154 0 6 2
168 0 64 1
198 0 274 1
250 2 247 1
244 0 201 1
43 2 237 1
140 0 93 1
46 0 167 1
161 0 235 0
113 1 257 2
4 2 29 2
54 0 102 1
33 2 145 2
85 0 287 0
154 0 95 1
110 2 208 1
103 0 227 1
112 0 84 1
70 0 161 2
62 0 115 0
117 2 234 2
54 2 228 1
258 0 5 2
190 2 130 1
59 0 216 2
257 0 99 1
238 0 273 2
253 2 230 2
61 0 260 2
280 2 262 2
257 2 104 1
167 1 23 1
287 2 254 1
92 2 290 1
264 0 160 1
150 0 76 1
73 2 296 1
190 2 115 1
254 0 43 1
41 0 138 1
185 0 53 0
239 1 50 2
224 0 82 1
76 2 119 1
12 2 115 2
186 0 39 0
215 0 133 1
58 0 238 1
168 0 270 1
172 0 233 1
209 0 183 1
88 0 78 1
40 0 52 0
49 0 285 0
273 0 66 1
281 0 164 0
143 0 180 2
62 1 45 2
68 0 116 1
158 1 153 2
58 0 136 1
18 2 241 1
277 0 299 1
219 1 210 2
135 0 269 0
135 0 56 2
203 1 282 1
82 0 28 2
17 0 214 2
93 2 253 1
177 2 291 1
152 2 210 2
124 0 271 2
145 0 11 0
42 0 186 2
194 0 3 1
172 0 71 1
145 0 31 1
62 0 263 2
263 0 75 0
179 0 164 1
107 0 230 2
234 2 281 1
89 2 57 2
195 2 220 2
47 0 1 1
146 2 238 2
127 1 83 1
57 0 203 1
51 1 291 2
255 0 94 1
30 0 114 2
148 2 233 2
216 0 96 2
193 1 40 2
121 2 189 1
251 0 228 2
17 0 232 2
55 2 269 1
195 0 214 0
93 0 65 1
293 0 217 1
269 0 37 1
180 2 204 2
32 0 234 2
64 1 156 2
40 0 248 1
280 2 265 1
225 0 273 2
87 0 184 1
292 0 132 1
78 0 87 2
117 1 165 1
111 1 131 1
31 2 127 1
11 0 210 1
70 0 118 2
49 0 196 2
17 2 291 2
234 2 267 1
35 0 118 0
235 0 242 1
7 0 267 0
76 1 159 0
203 0 260 2
144 0 191 1
245 0 214 1
9 1 16 1
74 0 188 1
238 2 139 2
261 1 262 2
182 0 129 0
67 0 1 0
191 1 282 1
30 2 208 2
145 0 56 1
279 1 174 2
132 2 8 1
140 0 154 2
277 1 157 2
283 0 4 1
92 0 95 0
74 0 166 2
122 1 298 1
62 0 236 1
44 0 257 2
22 2 287 2
260 1 198 1
261 2 267 1
237 0 115 1
137 0 8 1
266 0 280 1
238 0 10 1
104 0 100 2
155 2 228 1
63 0 277 1
68 0 89 2
272 2 239 1
256 0 241 0
158 2 240 1
142 0 253 1
241 2 97 1
72 1 234 2
206 0 107 1
103 2 36 1
15 0 89 1
203 2 86 1
76 2 93 2
229 2 298 1
193 0 78 1
99 0 133 1
218 2 56 1
24 1 285 2
167 2 54 1
1 2 81 1
245 2 155 1
291 0 237 1
160 1 177 2
116 0 69 1
209 2 228 1
121 2 213 1
226 2 76 1
35 2 1 1
263 1 107 1
157 0 104 0
176 2 151 2
239 2 274 0
87 1 119 2
184 0 49 1
110 0 113 0
28 1 289 1
22 2 23 1
31 2 164 1
113 2 155 1
247 0 102 1
281 0 283 1
77 0 222 1
91 2 53 1
186 1 234 2
224 2 38 1
283 0 222 1
46 2 281 1
71 0 26 1
106 0 18 2
35 0 80 2
176 2 227 2
261 1 132 1
250 1 275 2
75 1 51 1
282 2 284 2
144 0 57 1
37 0 93 1
182 2 18 1
34 1 148 1
257 0 222 2
179 0 111 2
114 0 205 0
224 0 164 1
267 1 145 1
208 1 168 1
136 0 67 2
23 2 38 1
200 2 197 1
95 0 91 2
219 0 135 0
100 0 298 2
227 2 56 1
44 0 287 2
116 0 115 0
82 0 149 2
239 1 235 2
162 1 227 2
221 0 128 2
148 1 142 1
23 1 106 2
201 0 63 2
64 2 67 1
166 2 229 1
233 0 61 2
129 0 126 2
13 0 12 1
213 2 148 2
293 1 96 1
275 1 106 1
293 1 176 1
13 0 34 1
261 1 173 1
241 2 223 2
285 1 200 1
94 0 116 2
188 2 238 0
61 0 41 2
152 0 111 2
39 2 198 1
295 2 168 0
25 1 245 1
110 0 8 2
148 0 250 2
137 2 288 2
216 0 73 1
191 1 122 1
105 2 175 1
37 2 26 1
271 1 240 1
10 2 229 1
180 0 278 1
83 0 90 1
194 1 211 1
200 0 114 1
103 2 90 1
241 0 94 1
139 0 232 2
271 1 129 2
126 2 221 2
108 0 50 0
226 0 92 2
260 0 76 1
284 0 281 2
183 0 160 1
167 0 42 0
55 0 133 2
281 2 33 1
132 2 47 1
263 0 44 0
93 0 261 1
148 0 87 1
25 0 86 1
25 2 230 2
253 0 182 1
270 2 42 2
45 0 231 2
33 0 243 2
294 0 43 2
116 2 50 1
101 1 215 1
89 1 216 0
143 0 265 2
110 0 285 0
203 0 218 2
150 0 250 1
31 2 298 1
177 0 118 2
257 2 113 1
264 0 73 2
76 1 281 1
122 2 188 2
154 0 22 2
191 0 90 2
253 1 141 1
24 0 34 2
68 0 239 2
251 0 192 2
167 0 181 1
198 2 141 2
177 0 210 2
180 0 220 2
278 0 257 1
50 0 38 0
231 0 261 2
119 0 31 1
265 1 110 1
42 0 113 1
212 1 285 1
93 0 10 1
56 0 142 0
253 0 222 1
275 0 116 2
267 0 228 1
132 1 37 1
68 0 44 1
57 2 139 1
112 1 97 2
295 2 26 0
203 1 63 2
176 2 170 0
50 0 117 1
101 2 283 1
195 1 239 1
233 0 65 1
10 0 121 2
284 0 109 1
254 2 72 2
298 0 126 1
174 0 168 2
67 0 242 1
26 0 108 1
266 0 289 1
59 0 220 1
255 0 274 2
180 0 132 2
165 2 130 1
37 0 194 0
81 2 85 1
7 2 291 1
81 1 16 2
48 2 208 2
204 2 243 1
275 0 61 1
34 1 100 1
29 0 288 2
31 0 92 1
233 0 250 1
271 0 57 0
96 0 243 2
102 0 28 1
166 1 26 2
97 0 259 2
29 2 132 2
197 0 248 2
76 1 195 1
103 2 154 0
140 1 243 1
52 0 131 1
297 0 17 1
80 2 71 2
265 1 244 2
140 1 244 2
223 0 71 1
82 1 53 2
181 0 104 1
29 0 92 0
20 1 273 1
52 0 212 2
164 0 223 2
221 2 154 2
224 0 94 1
31 1 274 1
160 1 284 2
81 0 18 0
278 0 138 2
120 0 7 1
217 0 24 2
236 2 122 1
191 2 170 2
275 0 224 2
219 2 44 2
149 0 228 1
77 0 127 0
284 0 204 2
292 0 119 1
134 0 89 1
181 1 115 1
2 0 182 2
198 0 296 2
181 0 124 2
244 0 127 1
6 0 41 2
34 0 37 2
59 1 113 2
228 0 199 2
239 2 40 0
32 0 300 1
268 2 61 2
194 0 156 1
140 1 296 2
54 2 168 0
140 0 249 1
79 0 9 2
251 0 240 1
261 2 271 2
18 0 185 2
177 0 206 0
94 0 88 1
274 2 211 1
164 0 87 1
113 0 25 1
249 1 134 2
202 0 161 1
195 2 52 1
147 0 165 2
192 1 47 1
276 2 3 2
90 0 101 0
176 0 269 0
23 0 213 1
254 2 186 1
211 0 299 1
177 0 224 2
219 2 295 1
286 0 266 1
31 0 274 0
235 0 226 2
267 0 1 1
106 0 248 2
24 2 47 2
269 2 221 1
6 2 281 2
243 2 55 2
115 0 57 2
67 0 75 2
155 2 79 2
162 0 177 0
197 0 54 2
231 0 260 2
78 0 266 2
215 0 288 2
133 0 102 2
7 2 13 0
46 0 104 1
282 0 299 2
291 0 293 2
192 2 108 1
72 0 201 0
153 0 185 2
253 0 87 2
70 2 6 2
287 0 215 0
15 1 35 1
69 0 264 2
1 2 204 1
178 2 26 2
144 0 80 1
197 0 219 2
74 0 40 1
57 0 156 2
250 1 274 1
82 0 162 2
227 1 125 2
28 2 177 2
228 2 187 1
20 1 130 2
120 0 295 1
103 0 233 2
143 0 48 1
112 1 74 2
15 2 277 1
248 1 223 2
150 0 109 1
11 0 123 1
232 2 88 2
48 2 259 2
198 2 45 1
137 1 230 1
266 0 42 1
241 0 117 2
2 2 221 1
137 0 140 2
95 0 8 2
90 2 226 1
145 0 130 2
133 2 228 1
182 1 154 2
113 0 277 2
152 0 250 1
17 0 4 1
276 1 6 2
161 2 55 2
169 0 24 2
272 1 5 1
256 0 146 2
258 0 121 2
2 0 193 2
66 0 187 1
82 2 231 2
178 0 201 0
283 2 211 1
203 2 297 2
293 0 296 0
213 0 45 2
33 2 240 1
218 0 39 1
175 0 217 1
18 0 282 1
202 2 147 2
97 2 69 1
270 1 1 1
47 0 142 1
251 0 204 1
122 0 52 1
131 2 172 0
212 2 271 2
10 0 292 1
83 0 269 1
172 0 293 2
247 2 42 2
109 1 95 2
274 2 224 2
2 2 70 1
44 2 246 1
17 2 108 1
265 0 270 1
243 0 124 1
179 0 165 2
276 2 167 1
188 1 66 2
4 0 277 0
111 0 214 1
75 0 268 0
274 0 156 1
104 0 267 1
148 0 289 2
221 0 61 2
66 0 255 1
92 1 291 2
240 0 289 2
79 0 252 1
191 0 275 2
2 2 117 2
261 1 180 1
266 2 168 2
63 0 28 1
96 1 129 2
214 0 142 2
147 0 39 2
213 0 88 1
33 2 106 1
18 0 24 2
174 2 291 1
127 2 249 1
77 0 24 1
41 2 286 2
81 0 185 1
149 2 18 1
171 0 232 2
96 0 151 1
260 0 249 2
215 0 34 2
137 1 216 1
162 0 111 1
94 0 290 1
280 0 193 0
80 2 191 1
129 0 84 1
67 0 130 1
144 0 95 2
248 0 295 2
103 1 148 2
126 2 42 1
53 0 239 2
150 0 194 2
121 1 45 2
294 0 28 2
216 0 9 2
49 0 186 1
273 0 62 2
136 2 42 2
136 2 85 2
221 0 146 1
117 2 292 1
98 0 2 2
268 0 47 2
97 0 80 1
167 2 205 1
260 0 188 1
142 2 216 2
38 2 274 1
116 1 169 1
188 1 178 2
148 0 247 2
221 0 209 1
92 1 156 1
33 0 184 0
249 1 135 1
192 1 126 2
232 0 280 2
205 0 6 2
94 0 117 1
215 1 91 1
249 2 129 2
192 1 23 2
128 0 186 1
281 2 181 2
296 0 182 1
120 0 199 0
277 0 223 1
40 0 242 2
193 1 197 2
227 0 273 1
144 0 299 1
297 0 226 1
237 0 34 1
55 0 225 0
187 0 218 1
30 0 126 2
133 1 289 2
6 1 27 2
11 1 246 1
195 2 56 0
264 0 212 1
126 2 60 2
235 0 125 1
203 0 29 0
258 0 239 2
53 0 98 2
187 2 277 1
242 2 177 2
221 1 223 1
62 0 278 2
123 0 288 1
84 2 187 2
61 2 249 1
242 0 173 2
78 0 226 1
203 0 116 2
103 0 159 1
52 0 269 2
260 0 188 1
99 1 40 2
298 0 163 2
72 0 249 1
73 2 115 0
160 2 276 2
279 2 228 2
245 2 72 1
300 2 284 2
180 0 248 0
43 0 62 1
249 1 267 2
174 0 292 1
187 0 39 1
199 0 90 1
105 0 21 2
159 0 27 1
200 0 294 2
18 2 147 2
82 1 264 2
242 2 290 2
78 0 271 1
34 0 190 1
106 0 140 2
3 0 91 1
205 0 130 2
113 0 119 2
173 2 169 2
50 2 215 1
173 0 114 0
269 2 5 2
47 0 32 2
292 0 271 0
181 0 43 2
262 0 10 1
149 0 61 1
197 1 141 1
54 0 13 0
152 0 272 1
117 0 244 1
269 2 155 1
94 0 74 1
267 0 121 2
128 0 46 0
1 0 73 2
238 0 159 2
216 0 91 1
180 2 81 1
12 0 249 0
153 0 286 2
63 0 262 0
271 0 50 1
170 2 18 1
18 0 245 2
237 0 68 2
28 0 43 2
13 0 56 0
231 0 151 0
29 2 128 1
171 0 286 1
194 0 18 1
199 0 232 2
116 0 133 2
263 0 281 2
281 2 250 1
206 0 52 1
93 0 296 1
70 0 229 1
76 0 80 1
198 0 191 2
260 0 214 1
157 1 144 1
297 2 102 1
265 0 289 0
87 1 253 2
183 2 87 1
104 0 192 1
60 2 10 1
180 2 115 1
124 0 36 0
45 0 76 1
262 0 23 2
198 0 5 2
203 2 104 2
221 2 266 1
29 0 168 0
69 0 261 2
66 2 121 1
121 1 234 1
40 0 159 1
28 2 193 1
217 2 291 1
266 0 188 2
165 0 214 2
100 0 253 2
163 2 281 1
140 2 222 2
91 2 2 1
216 0 146 2
19 0 226 1
279 2 77 2
109 2 47 1
120 2 154 2
43 0 177 0
6 2 138 1
142 1 198 1
69 0 198 0
135 2 54 2
83 0 14 2
20 2 220 1
192 0 119 0
298 0 230 2
170 0 217 1
29 0 257 0
239 2 56 2
204 0 112 0
290 2 201 0
285 2 183 2
102 0 146 2
78 2 257 1
188 2 60 2
6 1 269 1
31 0 233 0
62 0 13 2
20 0 273 2
226 2 42 1
161 1 297 1
188 1 2 1
64 0 89 2
256 0 251 1
81 0 293 1
295 0 271 0
258 0 102 0
165 2 291 2
89 2 116 2
61 2 20 1
298 2 69 2
158 2 283 2
278 1 33 0
151 2 17 2
226 1 123 1
239 0 76 2
289 0 201 0
297 0 179 1
163 0 63 2
205 0 163 1
208 0 116 1
296 0 133 1
269 0 184 1
20 0 184 1
125 0 211 2
90 0 253 2
269 0 217 2
297 0 182 1
13 0 300 2
283 0 177 1
175 1 267 2
264 0 140 1
46 1 297 1
152 0 290 1
228 0 202 1
179 0 110 1
65 0 282 0
209 0 28 0
209 0 274 0
182 0 105 2
181 2 164 1
233 0 250 1
82 0 28 1
184 0 280 1
242 0 200 0
15 2 46 1
102 0 92 1
5 0 156 1
121 0 43 2
203 2 207 0
93 1 154 1
92 1 50 2
12 2 239 1
135 0 95 1
286 0 142 0
270 0 242 2
116 0 183 2
97 0 283 1
208 0 163 1
185 0 132 2
269 0 141 2
281 2 67 2
218 0 78 2
44 0 50 1
141 0 168 1
214 0 239 2
245 0 49 2
213 0 32 0
128 2 142 2
257 0 262 1
135 2 193 1
144 2 36 2
123 2 240 2
300 0 273 1
92 0 141 2
132 1 23 2
124 2 254 1
60 0 17 1
214 1 166 1
131 2 101 1
232 0 261 1
259 0 131 2
264 1 104 1
183 0 217 2
133 0 278 2
114 2 163 2
288 2 76 2
47 2 209 1
157 1 224 2
281 0 173 1
270 2 282 1
269 0 50 0
136 1 105 1
95 0 230 0
266 0 27 1
189 1 285 2
7 2 133 2
18 2 26 2
58 0 90 1
209 0 109 0
51 2 145 2
286 0 254 2
214 0 35 1
88 0 84 2
65 0 164 2
50 2 267 2
188 2 33 2
267 0 287 1
104 0 173 2
128 0 10 1
203 2 249 2
269 2 11 0
180 2 285 2
47 0 207 1
188 0 166 1
291 0 222 2
2 0 196 1
177 0 90 2
208 0 173 1
8 2 278 2
36 0 248 1
119 0 134 2
16 0 13 2
238 0 286 1
244 0 204 1
284 0 280 1
196 0 234 2
278 0 89 0
147 2 166 1
297 0 176 1
165 0 213 1
5 2 172 1
146 0 121 1
71 2 120 2
131 0 86 1
213 1 210 2
217 2 179 1
5 0 270 1
143 0 77 2
80 1 14 2
28 1 284 2
179 0 4 2
81 0 203 1
78 0 136 1
272 0 56 0
43 1 77 1
149 0 292 2
62 2 231 1
24 0 280 2
277 1 187 2
75 2 115 1
251 2 207 1
172 0 177 1
240 0 220 1
236 2 173 2
32 1 256 2
235 1 161 1
240 0 103 1
230 0 64 1
79 0 143 0
291 0 139 0
268 0 99 2
82 0 45 0
164 0 264 2
155 0 184 0
157 1 267 1
5 0 247 2
155 0 160 1
246 0 65 1
225 0 59 2
84 2 51 2
115 0 185 2
84 2 264 2
232 0 139 1
256 0 143 2
10 0 155 0
165 2 124 1
106 0 135 1
81 0 268 1
49 0 13 1
122 0 193 2
93 0 142 2
41 0 214 2
142 0 24 2
244 0 80 1
231 0 263 1
43 1 130 1
92 2 3 1
272 2 138 2
50 0 41 1
194 0 122 1
69 2 150 1
224 1 238 1
129 0 291 2
189 0 27 2
275 0 188 2
75 1 50 1
148 1 153 2
158 1 254 1
204 2 202 2
77 1 241 1
195 0 187 2
153 0 185 1
79 0 45 1
175 0 131 2
191 2 120 0
252 2 178 2
26 2 253 1
95 0 93 2
175 1 95 1
160 0 242 2
290 0 87 1
43 1 63 2
82 2 263 1
39 2 46 0
186 2 89 1
58 0 173 1
300 0 175 2
257 0 144 0
251 2 141 2
200 0 82 1
56 2 91 1
51 0 270 1
187 2 112 1
95 2 109 1
212 2 288 1
238 0 139 1
31 2 42 1
13 0 289 2
274 0 87 1
109 2 174 2
251 0 227 2
98 0 195 2
218 0 109 2
154 0 215 1
279 1 228 1
285 2 85 1
78 0 5 2
50 2 106 2
177 2 106 2
265 0 160 2
210 1 206 2
120 0 259 1
186 2 97 2
51 0 242 2
198 0 72 1
111 2 84 1
267 0 260 2
294 2 207 1
23 0 71 2
247 0 167 0
18 0 274 1
228 2 61 1
4 0 203 2
63 2 216 1
23 0 139 1
61 0 252 1
297 0 90 1
207 1 184 1
135 0 3 2
218 0 226 1
207 2 120 1
118 2 106 1
291 0 257 2
264 0 196 1
150 0 200 0
237 0 227 2
103 1 91 2
268 0 156 0
239 2 254 1
95 0 85 1
3 2 280 1
120 0 160 1
37 0 165 0
95 1 170 1
253 0 80 1
170 0 215 1
163 0 33 0
44 0 74 1
228 0 280 2
107 2 50 2
139 0 117 1
52 1 98 1
64 2 218 1
212 2 151 1
235 2 286 1
200 0 207 1
52 0 169 2
162 2 295 1
287 0 136 1
34 1 2 2
133 0 202 0
154 2 283 2
113 0 21 1
43 2 292 2
90 1 62 1
209 2 81 2
299 1 272 1
299 2 275 0
104 0 218 0
288 0 116 0
205 2 165 1
250 1 156 1
102 0 175 1
300 2 128 2
57 0 292 1
255 0 227 2
260 0 7 1
211 0 118 1
32 0 42 0
257 0 20 2
158 1 227 1
53 2 238 2
138 2 274 1
28 2 163 2
286 0 256 2
33 0 175 2
287 0 188 2
165 0 6 2
278 1 131 1
92 0 209 2
300 2 139 2
231 0 208 0
19 0 197 1
68 1 251 2
264 0 218 1
69 1 171 1
211 2 155 1
270 1 200 0
111 0 98 2
274 0 267 2
91 0 227 2
49 0 60 2
198 0 183 1
89 2 11 2
37 1 85 1
136 0 4 2
296 0 53 0
127 0 267 2
87 2 151 2
239 1 145 1
170 0 75 1
57 0 188 1
105 0 185 1
193 0 235 1
130 1 10 1
10 0 103 1
192 2 266 1
282 2 17 1
249 0 276 1
9 2 125 1
48 0 238 1
293 0 13 0
57 0 48 2
105 2 116 1
208 0 85 1
170 0 124 2
109 0 91 0
184 0 100 0
100 0 165 1
8 1 106 1
79 0 134 2
155 2 131 1
23 0 79 0
1 2 211 2
34 2 110 1
276 0 160 0
56 0 202 2
13 2 118 1
209 1 49 1
158 0 227 0
295 0 270 2
191 2 238 0
141 0 20 1
197 0 209 1
65 0 116 2
283 1 244 1
269 0 252 2
82 2 241 1
59 2 125 2
143 0 235 2
76 0 2 1
72 0 120 0
4 0 135 2
45 0 261 1
12 2 236 1
71 1 180 1
131 0 124 0
182 0 191 0
128 0 268 1
124 0 137 2
60 0 195 2
227 2 43 1
281 2 148 2
238 0 103 1
259 2 256 0
156 0 200 2
128 1 144 2
195 2 196 1
154 0 291 1
12 0 81 0
87 1 273 1
102 1 256 1
274 0 293 1
266 0 131 2
44 0 280 1
198 0 96 1
103 1 65 1
181 0 167 1
20 2 74 0
146 0 54 2
265 2 269 2
21 0 57 2
187 0 145 2
119 0 220 1
54 0 295 1
245 0 188 2
261 1 142 1
112 0 205 2
172 0 76 1
102 0 198 0
226 2 25 2
239 1 77 1
80 2 197 1
182 0 76 1
95 1 127 1
155 1 31 2
149 0 42 2
34 2 109 1
190 0 271 1
25 0 177 0
49 0 240 2
152 2 180 1
292 0 98 1
6 2 140 1
60 2 246 2
4 1 184 2
239 1 42 2
172 0 258 1
252 2 144 0
42 1 234 2
133 2 219 1
276 0 7 1
269 2 164 2
270 0 264 2
24 0 214 1
142 0 165 1
269 0 287 2
119 0 210 2
172 0 96 2
273 0 295 1
129 0 47 1
16 1 100 2
124 0 209 2
104 2 1 1
241 0 222 2
58 0 232 2
169 0 73 1
54 0 78 0
211 0 2 2
165 0 212 2
78 1 45 1
38 1 238 1
243 1 174 1
255 0 89 1
134 0 255 1
237 0 24 2
101 0 13 1
82 2 103 1
33 0 31 2
294 1 284 1
94 0 260 0
258 0 288 2
255 2 107 1
185 1 118 2
200 2 104 1
180 1 244 2
26 0 25 1
267 0 73 2
290 2 265 2
172 0 298 1
48 0 103 2
171 0 268 1
74 0 203 1
261 0 7 0
152 1 139 1
116 2 131 1
64 2 285 2
227 1 27 2
240 0 117 1
239 0 5 0
178 0 123 1
217 0 241 1
161 2 39 1
211 0 215 1
218 0 161 1
235 2 123 1
49 0 205 2
25 0 188 1
19 0 96 2
116 0 104 0
163 2 113 1
6 1 121 1
5 1 187 1
61 2 127 1
15 2 56 1
153 0 45 2
6 0 69 2
264 0 102 0
28 0 250 2
275 0 30 1
1 2 289 2
90 0 121 2
164 0 241 1
288 1 13 2
39 2 1 2
270 0 133 2
125 0 172 0
238 0 34 1
76 0 152 1
229 2 216 1
125 0 138 1
3 2 185 1
113 0 122 2
234 0 216 1
211 0 29 1
241 2 159 2
247 0 123 0
22 0 39 1
227 1 169 1
81 0 54 1
228 2 24 2
81 0 7 0
37 2 263 1
232 0 132 2
152 0 252 1
80 2 183 2
22 0 137 1
258 0 298 2
258 1 55 1
3 2 110 1
5 0 29 2
173 2 11 2
126 0 58 2
85 2 297 1
24 1 232 1
207 0 195 1
42 0 265 2
113 1 128 1
8 0 32 0
279 0 130 2
142 0 62 2
1 1 267 1
130 1 165 2
95 2 17 2
171 0 51 1
266 0 258 2
152 0 103 2
63 2 246 1
35 0 207 0
180 1 84 1
82 2 31 2
14 0 139 1
28 2 236 2
37 0 36 2
107 0 38 1
208 0 276 1
288 0 57 0
18 0 262 0
264 0 261 2
269 2 193 1
107 2 145 2
154 0 10 1
236 2 293 1
42 0 190 1
16 2 291 1
52 0 163 2
21 0 236 1
258 1 282 2
73 1 66 1
276 1 283 1
87 0 254 2
191 2 57 1
157 0 207 2
96 0 10 1
177 0 257 2
45 0 167 1
126 2 68 2
292 0 119 2
270 2 102 0
205 0 70 2
219 1 86 1
27 1 225 2
151 2 101 2
240 0 237 2
247 0 269 2
221 0 252 1
177 0 136 1
136 0 271 0
130 0 21 1
152 0 176 1
106 0 198 2
161 0 224 0
47 0 193 2
277 0 63 0
156 0 120 2
228 0 209 2
26 0 273 2
293 1 244 1
108 0 203 1
233 0 278 1
55 0 190 1
246 2 149 1
21 2 168 2
251 0 61 2
41 0 107 1
186 0 125 2
160 1 253 2
281 1 91 1
51 0 146 0
221 0 250 2
264 0 231 1
270 2 3 1
11 0 154 0
121 1 77 1
264 0 176 1
152 2 22 1
51 0 76 2
209 0 191 1
265 0 98 2
7 2 73 1
8 1 181 1
269 2 160 1
165 0 24 2
246 0 241 2
281 0 271 2
239 1 168 2
129 0 219 2
206 0 221 1
97 0 130 2
173 0 64 0
47 2 6 2
187 0 197 1
164 2 212 1
195 0 246 0
81 2 279 1
300 2 297 2
11 2 91 1
4 0 218 2
103 0 31 1
46 0 158 2
126 0 142 2
5 1 16 2
286 0 166 0
59 0 112 0
159 0 188 1
83 0 119 2
156 0 83 1
255 0 187 0
43 0 280 0
190 1 2 1
88 0 204 1
285 0 265 1
214 1 188 1
205 0 183 2
188 1 109 1
142 0 34 1
23 0 29 2
93 0 222 2
146 2 16 2
224 0 203 1
238 0 208 1
65 0 250 1
147 0 214 1
3 1 71 2
113 0 123 2
188 2 118 0
2 1 35 1
55 0 276 2
167 0 259 2
9 0 145 1
151 0 176 2
31 0 226 1
139 0 277 1
120 2 260 1
67 0 285 2
295 0 54 1
21 2 55 1
283 0 250 2
151 0 247 2
172 0 72 1
61 2 275 1
235 2 24 1
8 0 213 2
226 0 11 1
163 0 262 0
231 0 249 2
122 1 7 1
135 2 212 2
8 1 292 1
189 2 86 2
239 2 168 2
126 0 83 1
127 2 7 1
150 0 269 2
32 0 61 0
196 1 244 2
253 0 156 2
122 0 76 1
237 1 197 2
187 0 88 0
118 2 154 1
90 0 212 2
9 2 145 1
184 0 202 2
5 2 140 2
110 2 14 2
16 0 227 1
69 0 205 2
177 1 143 1
291 0 56 0
129 0 31 1
127 0 194 1
277 0 223 1
82 1 170 2
165 0 64 2
257 2 274 2
102 0 278 2
293 0 4 1
227 0 245 2
141 0 73 1
91 1 19 2
148 1 166 1
196 1 223 1
242 2 58 2
130 2 176 1
288 2 146 2
97 0 45 1
70 1 42 2
16 0 300 2
18 0 96 1
103 2 181 2
171 0 95 2
221 0 295 1
165 1 184 1
34 0 243 2
13 0 300 1
62 0 104 2
278 0 209 2
207 0 194 0
112 1 221 1
189 0 117 0
219 1 244 1
110 0 3 1
195 1 274 2
97 0 135 2
273 0 171 0
229 0 186 1
9 1 5 1
152 2 260 2
49 2 93 2
151 2 298 1
92 2 222 1
287 2 273 2
94 2 233 1
102 0 278 2
73 2 283 1
210 2 177 2
228 2 46 1
193 0 272 0
44 0 21 1
204 0 247 2
55 1 245 2
59 0 272 1
24 1 245 1
138 0 35 1
139 2 207 1
290 2 289 2
9 0 234 0
291 0 107 2
264 0 296 2
173 2 73 1
231 0 141 0
16 1 198 1
260 0 91 2
172 0 289 1
139 1 119 1
21 1 151 1
135 2 48 1
56 0 29 1
159 0 165 1
101 0 79 1
30 2 235 1
274 0 103 2
275 0 55 2
298 1 67 1
50 0 180 2
129 0 110 1
21 1 183 1
129 0 70 2
105 0 131 1
72 0 136 1
275 0 166 2
208 0 214 1
183 0 14 1
67 0 47 1
133 0 8 2
154 0 131 1
199 0 24 1
194 0 159 2
85 0 143 2
39 0 14 2
94 2 142 2
209 2 284 0
59 2 90 1
194 0 162 1
253 0 233 1
82 1 273 1
257 2 146 1
82 2 102 2
114 2 277 2
203 2 218 1
104 0 143 1
123 2 5 1
221 0 212 2
292 0 160 2
200 2 36 1
172 0 179 1
6 0 151 2
95 0 73 1
113 0 281 1
237 1 181 1
40 0 7 2
233 0 97 0
5 0 209 2
218 0 3 1
76 1 168 0
261 0 136 0
101 0 188 1
261 0 199 1
286 0 292 2
10 2 273 2
116 0 123 1
103 1 274 2
47 2 87 1
10 2 237 2
19 2 153 1
180 2 28 1
121 1 149 2
197 0 249 1
291 0 295 1
67 2 258 1
164 0 277 1
215 0 99 0
136 2 174 2
8 1 133 1
142 0 27 2
57 1 224 1
71 1 5 1
84 0 209 2
290 2 251 0
133 2 63 2
181 0 10 1
201 0 83 2
130 0 272 1
60 0 8 2
298 0 299 2
105 0 134 0
173 1 202 2
14 0 117 2
16 0 271 1
203 0 173 0
126 0 277 2
223 0 270 1
189 2 20 2
292 0 98 1
122 0 148 2
129 0 59 2
63 1 88 1
187 0 46 2
81 2 174 0
88 0 109 1
65 2 223 2
221 0 175 1
3 2 196 2
16 2 282 1
154 0 84 1
295 1 177 2
78 1 253 1
7 0 84 1
195 1 235 1
286 0 222 2
163 2 61 1
201 0 85 1
82 1 257 1
106 0 278 1
186 0 140 0
5 2 265 1
249 1 81 1
235 1 296 2
15 2 6 1
259 0 152 0
213 0 83 1
187 2 119 2
136 2 164 2
46 0 270 2
285 2 81 1
140 1 164 2
225 0 127 1
56 0 211 2
53 2 189 1
122 2 242 1
189 0 240 1
167 0 73 2
43 0 50 0
228 0 279 2
4 0 245 0
98 0 278 1
22 0 42 2
119 0 191 1
154 0 263 1
248 2 126 1
127 0 84 1
102 0 204 1
254 1 46 2
238 0 133 1
273 0 12 1
37 2 41 1
3 2 94 0
74 0 158 2
56 0 204 1
218 0 139 1
228 0 47 0
239 2 158 2
40 1 165 1
251 0 288 1
146 2 170 2
112 2 99 1
297 0 93 2
96 2 200 0
49 2 286 1
100 0 251 2
35 2 230 1
96 0 14 2
215 1 206 1
66 0 236 2
108 2 171 1
143 0 274 1
128 2 166 2
242 1 73 1
42 0 236 1
101 0 131 2
159 0 124 2
12 1 157 1
163 0 1 2
106 0 278 1
102 0 265 1
206 0 50 2
195 0 97 1
290 1 227 2
136 1 199 2
64 1 180 2
271 2 47 1
82 0 263 1
43 0 3 0
144 0 214 1
27 0 215 2
72 0 7 1
267 2 106 2
28 1 204 1
229 0 170 1
42 0 18 1
111 1 164 2
58 0 3 1
174 0 150 2
56 0 196 1
275 0 264 2
82 2 10 2
84 0 131 2
268 0 209 2
199 0 111 1
66 0 249 1
268 1 230 2
145 0 235 1
192 1 122 1
54 0 217 1
192 1 66 1
4 0 116 0
177 0 50 2
237 0 246 0
211 0 227 1
195 2 73 1
253 0 135 1
56 0 193 1
229 0 159 1
166 0 222 1
86 0 136 2
182 0 67 2
160 2 13 1
177 0 247 1
282 0 25 2
275 0 280 1
119 2 78 1
17 0 15 2
33 0 263 1
245 0 132 1
177 0 239 2
236 0 211 1
125 2 257 1
218 0 268 1
38 2 178 1
128 0 119 0
233 0 90 1
52 0 272 2
244 0 155 2
221 1 154 1
258 0 235 2
259 0 153 2
78 0 87 2
41 0 122 2
261 0 161 0
185 2 132 1
211 2 148 1
4 0 182 1
61 0 163 1
227 1 144 1
250 2 165 1
247 0 6 2
94 0 284 1
292 1 180 1
2 0 60 0
54 0 241 2
39 0 35 1
161 2 35 1
190 0 103 1
270 1 63 2
23 0 218 1
192 1 179 1
173 2 227 2
27 0 234 2
58 0 113 2
30 0 54 1
18 0 202 1
218 0 197 2
115 0 233 0
208 0 257 1
124 0 270 1
57 0 11 1
71 2 90 1
202 0 295 2
287 0 208 0
95 2 85 1
47 2 186 1
186 1 111 1
57 0 203 2
288 2 213 2
222 0 148 1
89 0 161 0
192 0 201 0
236 0 137 2
273 1 230 2
239 1 26 0
15 0 5 2
274 0 90 1
130 2 264 2
80 0 108 1
15 1 184 2
14 0 8 1
262 0 222 2
163 2 116 2
101 1 49 1
261 0 269 1
223 0 111 1
159 0 62 1
23 0 289 1
180 2 137 1
21 0 94 1
161 0 207 1
93 0 199 1
249 0 182 1
144 0 253 1
201 0 4 1
36 0 180 2
179 0 276 2
45 2 101 1
189 2 76 1
25 0 300 2
200 0 227 2
242 0 77 1
227 0 256 0
10 0 161 2
33 0 81 2
65 1 137 1
191 1 297 1
141 0 258 2
62 1 254 1
69 0 205 2
243 0 130 0
235 0 38 2
47 2 177 2
86 0 197 1
70 0 67 2
191 0 84 1
155 1 129 1
83 0 150 2
230 0 41 1
228 1 221 1
229 0 12 2
249 0 298 1
254 0 97 1
281 0 124 0
217 1 124 1
14 0 295 2
114 0 99 0
133 0 43 1
229 0 142 2
274 0 6 2
282 1 69 1
167 0 122 2
33 0 204 1
82 2 175 2
87 1 293 1
80 1 45 2
91 0 9 1
56 0 290 1
262 0 64 1
229 0 14 1
25 0 47 2
237 0 144 1
96 0 277 1
80 1 242 1
233 0 132 1
16 2 228 1
262 0 153 2
9 1 50 1
39 0 8 0
147 0 184 1
150 0 256 0
143 0 66 1
38 0 293 1
172 0 244 1
198 0 136 1
244 1 11 1
288 2 208 0
32 0 252 2
70 1 221 1
248 0 206 0
282 2 177 1
158 0 20 2
59 0 295 1
18 0 24 1
222 0 17 2
75 1 222 1
298 2 202 2
112 0 43 2
40 0 192 1
290 2 23 2
105 2 264 1
260 1 284 1
155 0 177 0
141 0 273 1
229 1 44 1
244 0 146 2
73 0 38 2
127 0 299 2
139 2 199 2
132 2 3 1
131 0 298 2
221 0 2 1
66 0 22 1
30 2 140 1
259 2 20 1
93 0 164 1
249 2 221 2
92 1 287 1
81 1 127 2
132 0 66 2
143 0 42 1
57 2 61 1
215 0 281 2
261 0 182 0
227 0 13 0
57 0 15 2
157 0 242 1
28 2 27 2
48 2 288 1
126 0 37 1
171 0 61 1
223 0 117 1
225 0 11 0
48 2 170 2
215 2 127 1
210 0 124 1
66 0 250 1
110 0 252 2
7 0 255 2
239 0 284 1
201 0 219 2
207 2 204 1
260 1 206 2
48 2 259 2
231 0 179 1
76 0 4 2
61 2 38 1
113 1 143 2
103 0 38 0
103 1 87 1
13 0 111 1
79 2 170 1
127 2 172 1
180 0 241 2
109 1 153 2
15 2 181 1
41 0 276 2
249 0 138 2
297 0 281 2
181 2 154 2
280 0 156 2
180 0 259 2
34 2 251 0
77 0 223 2
4 2 208 2
276 2 22 1
105 1 199 1
154 0 227 1
46 2 177 1
64 2 227 2
135 2 193 1
131 1 161 1
41 2 284 2
239 2 233 2
37 2 146 2
291 0 140 1
178 0 226 1
147 0 138 2
127 0 84 1
299 1 108 1
83 0 265 1
63 2 130 1
156 2 247 1
28 0 280 2
143 0 56 0
90 0 92 2
184 0 54 2
138 0 275 0
200 0 77 1
66 0 94 2
266 1 230 1
47 1 273 1
106 0 293 2
70 0 43 2
227 2 268 2
142 0 97 2
119 2 104 1
288 0 39 1
43 1 126 2
38 2 204 1
196 0 146 0
16 0 190 1
168 0 64 1
80 0 112 1
92 1 57 2
120 0 179 1
219 0 34 1
242 0 41 1
249 0 267 2
46 0 251 2
10 2 197 1
141 0 75 1
168 0 182 2
210 2 284 2
131 0 203 1
49 0 62 1
182 0 45 1
225 0 91 2
99 0 270 2
167 2 241 2
264 0 102 2
87 0 90 2
284 1 159 1
246 2 197 1
107 2 223 2
278 1 76 1
151 0 245 2
219 0 114 1
157 1 267 1
77 2 176 2
288 0 240 1
176 2 145 1
125 0 3 1
4 2 274 2
271 0 156 0
214 2 160 1
280 2 192 1
170 2 94 1
62 2 265 1
23 2 102 1
151 1 68 1
55 0 282 2
190 0 191 2
59 1 2 2
235 1 82 1
157 1 78 1
113 1 11 1
291 1 56 1
105 0 19 1
291 0 250 2
21 0 199 0
130 2 118 1
119 1 74 1
224 0 237 2
67 0 153 0
250 2 207 2
240 0 5 2
196 2 243 2
8 0 24 2
90 2 12 2
298 0 225 2
133 0 183 1
235 2 275 1
43 2 25 1
114 0 129 2
222 2 248 2
240 2 201 2
205 0 182 1
226 0 263 1
111 2 203 1
300 0 111 2
225 0 190 1
292 0 145 0
52 0 298 2
195 2 55 1
10 0 186 2
38 0 110 2
227 2 180 2
278 2 242 1
169 0 178 1
123 0 227 2
252 0 68 0
85 0 137 2
202 0 271 2
128 0 295 2
132 0 190 0
181 0 173 2
119 0 165 2
15 1 292 1
296 0 8 2
203 2 258 2
178 0 217 1
33 0 133 1
6 0 98 0
52 2 201 1
40 0 222 1
142 0 132 1
250 0 20 1
232 0 126 2
221 0 144 1
227 1 45 1
206 0 90 1
104 0 45 1
146 0 147 1
276 0 188 1
97 0 6 2
212 1 294 2
21 2 290 1
171 0 235 2
147 2 253 1
235 1 285 2
30 0 156 2
54 2 151 1
250 2 122 2
31 0 199 0
216 0 78 1
123 0 93 2
288 1 93 0
137 0 131 2
136 2 192 1
161 1 33 2
253 0 89 2
16 1 294 1
169 2 271 1
110 2 206 0
119 0 250 2
118 0 28 1
266 0 189 1
238 0 263 1
241 0 48 2
236 0 47 1
190 0 270 1
22 0 268 0
178 0 182 1
16 2 117 1
141 0 157 1
203 0 12 2
98 0 132 2
101 2 287 1
109 0 279 2
258 0 15 1
227 2 253 2
51 1 207 2
47 2 133 1
22 0 27 0
169 1 17 1
60 0 15 2
10 0 206 2
99 0 263 2
131 0 226 2
244 0 30 2
261 2 100 1
228 0 175 1
195 1 102 1
250 0 286 0
76 2 17 0
200 0 147 1
11 0 211 1
192 0 39 2
135 0 131 0
203 1 245 1
45 0 92 1
94 0 247 2
234 2 145 2
91 0 64 1
95 2 296 2
278 0 79 2
73 2 162 1
141 0 76 1
74 0 288 1
106 0 69 1
45 0 145 1
145 0 3 1
131 1 129 1
59 2 40 2
284 0 243 2
24 2 225 1
172 2 154 1
234 0 254 1
43 1 72 1
181 0 166 1
276 2 73 2
220 2 120 1
5 2 53 1
32 0 14 1
191 0 243 2
84 2 252 1
212 2 277 1
285 0 242 1
89 1 235 1
65 1 36 1
295 2 43 2
162 0 177 0
35 0 75 1
239 2 264 1
93 0 14 2
234 0 284 1
271 2 289 1
28 2 166 2
146 0 288 2
140 0 288 2
121 2 92 2
173 0 289 1
196 1 256 1
66 0 137 2
150 0 242 1
135 2 32 2
91 0 148 2
121 1 81 1
31 0 76 2
75 1 196 1
108 1 69 2
132 0 8 2
18 1 233 1
231 0 174 0
205 2 224 1
136 1 237 1
4 0 79 0
76 0 275 0
3 0 111 1
290 2 51 2
179 0 103 2
243 0 121 2
138 1 102 1
30 0 283 1
37 2 89 1
180 2 129 2
114 1 180 1
7 0 160 1
7 0 138 0
282 0 183 2
63 0 280 2
260 2 285 1
2 0 222 2
45 0 172 0
283 2 223 1
212 2 103 1
47 0 90 1
135 0 40 0
196 1 2 2
221 0 14 2
262 0 252 1
116 0 182 1
29 1 47 1
119 0 219 2
94 0 76 1
108 0 162 1
202 2 271 1
54 2 3 1
231 1 127 1
4 2 27 2
297 2 170 1
278 1 98 2
122 0 83 1
225 0 214 2
180 0 253 0
15 0 76 2
205 0 217 1
102 1 104 1
54 0 104 2
177 0 276 1
57 0 107 2
16 2 223 1
255 1 283 1
204 2 224 1
81 2 225 1
234 1 240 2
137 0 2 2
52 0 136 2
241 0 142 1
62 0 96 1
95 2 55 1
58 0 22 1
255 0 290 2
65 2 195 1
121 0 261 2
116 0 85 2
229 2 268 1
153 2 19 1
113 0 210 2
148 2 60 2
241 0 291 1
279 0 289 2
284 0 135 1
3 0 193 2
133 1 1 2
100 0 255 2
139 0 123 1
288 1 273 1
192 0 118 0
57 0 226 1
163 0 92 2
25 0 63 1
35 0 34 1
12 0 28 2
293 0 196 2
272 2 121 2
237 0 217 2
83 0 52 0
15 1 44 2
205 2 129 1
52 0 65 1
247 1 42 1
267 0 116 1
160 0 267 0
169 0 192 2
214 0 197 0
126 2 274 2
12 1 157 1
118 0 64 1
168 0 226 1
40 2 267 1
255 1 147 1
105 0 160 2
287 2 79 1
191 1 101 1
253 0 54 1
285 2 235 1
138 1 142 2
135 2 139 1
120 0 34 1
82 1 141 2
288 2 14 2
139 0 137 1
206 0 61 1
71 2 137 1
34 0 164 0
94 0 47 1
34 0 39 1
32 0 60 0
36 0 2 2
220 1 243 1
1 2 130 2
138 0 176 2
177 0 194 0
258 2 5 1
215 0 181 0
168 0 102 1
248 0 228 1
83 2 54 1
26 0 260 2
89 0 226 1
253 2 30 1
211 0 107 1
291 0 85 1
266 0 68 1
188 2 158 1
284 2 199 2
297 0 160 1
71 2 252 1
179 2 23 1
261 0 40 1
93 0 225 2
271 2 103 1
92 0 147 0
277 1 237 2
25 0 152 1
10 2 53 2
194 0 88 2
202 0 187 2
11 1 56 1
244 0 64 1
106 0 290 1
58 0 123 1
7 0 192 1
13 0 233 0
130 0 8 2
233 0 125 1
177 0 255 2
269 1 69 1
256 0 187 2
240 0 102 2
71 2 136 1
140 0 132 2
70 1 45 2
37 1 118 1
258 0 265 2
72 2 37 1
26 0 109 2
106 0 105 1
134 0 287 2
21 1 27 1
228 0 67 2
58 0 211 1
114 2 285 2
32 1 289 1
79 2 104 1
208 0 58 2
68 0 107 1
289 0 229 0
263 2 137 1
224 0 228 2
15 2 80 1
244 1 118 1
170 0 101 2
128 1 60 1
60 0 177 2
280 1 235 1
216 0 186 1
289 0 43 1
34 0 30 0
18 0 260 1
170 0 103 1
193 1 10 2
101 0 32 1
206 0 109 1
142 0 130 2
275 0 51 2
26 0 77 1
174 0 13 0
249 1 211 1
214 2 52 1
266 0 32 2
143 0 131 2
154 2 207 1
261 0 182 2
185 2 70 1
51 0 64 2
115 0 242 2
116 0 226 2
263 0 286 2
17 0 114 1
271 1 13 1
21 1 57 2
295 2 206 0
289 0 209 2
290 1 264 1
291 0 214 1
291 0 40 2
101 2 271 1
293 2 218 2
1 2 157 1
23 0 191 1
189 2 160 1
268 2 8 1
224 0 290 1
270 1 235 2
178 2 297 1
282 0 113 1
154 0 35 2
128 2 287 1
17 1 128 1
287 2 248 1
168 2 118 2
95 0 16 0
217 0 144 2
132 0 29 1
131 0 182 1
170 0 226 1
38 2 58 1
4 0 230 1
288 0 221 0
75 2 37 2
206 0 45 1
298 0 208 2
122 0 189 2
285 0 255 2
142 0 8 1
252 1 237 2
49 0 132 2
99 1 143 1
144 0 271 1
28 2 19 0
72 2 145 1
43 0 226 2
258 2 130 2
216 0 45 1
256 0 124 1
109 1 112 1
262 0 60 1
142 2 275 2
285 0 116 1
239 2 123 2
1 1 40 1
103 1 36 1
56 0 255 1
55 0 68 1
164 0 288 1
290 2 12 1
286 0 76 1
92 1 297 2
164 0 26 1
175 0 184 0
6 1 172 1
95 0 64 2
119 0 116 1
72 1 25 1
231 2 146 1
158 0 223 0
236 1 23 2
277 1 297 0
189 2 29 1
225 1 206 1
90 1 62 2
110 2 180 2
152 0 110 1
230 0 136 1
266 0 90 1
123 2 148 1
274 0 140 2
139 0 209 1
233 0 96 1
217 0 124 2
295 0 202 1
241 0 153 2
169 0 217 2
248 2 166 1
93 2 112 1
50 0 61 1
254 2 76 1
205 1 201 1
118 0 39 1
128 0 250 2
103 2 118 2
223 0 47 1
161 2 20 2
238 0 105 2
126 2 139 2
294 0 77 2
295 0 116 2
103 0 241 0
106 2 205 1
276 1 113 2
230 0 298 2
277 0 135 0
3 0 229 2
11 0 109 1
4 0 180 2
65 2 97 1
113 0 15 2
111 0 191 1
233 0 270 1
145 0 117 1
263 2 112 1
283 0 71 1
245 1 139 1
98 2 165 2
24 1 214 1
143 0 208 0
91 0 295 1
251 0 223 1
86 0 248 2
146 0 67 2
143 0 19 0
94 0 227 2
201 2 26 2
184 0 245 2
268 0 106 0
217 2 235 2
10 1 25 1
187 0 114 1
151 1 138 1
294 0 249 1
75 0 36 0
111 0 168 2
129 1 40 1
231 0 276 1
64 0 223 0
60 2 146 1
58 0 296 2
242 2 168 1
288 2 22 2
213 1 201 1
293 0 27 1
273 0 86 2
175 0 264 0
275 0 24 2
90 0 24 2
195 1 254 2
23 1 13 2
12 2 297 0
177 1 275 2
188 2 279 1
73 2 136 1
217 2 266 1
102 0 167 1
244 0 169 1
73 2 278 1
164 0 112 1
53 0 222 2
31 0 235 2
159 2 282 1
284 0 49 2
257 0 80 2
213 2 71 2
68 0 103 1
218 0 275 1
30 0 122 1
257 1 234 1
103 0 126 2
30 2 63 2
111 2 72 1
233 0 25 1
133 2 147 1
21 1 115 2
131 0 259 0
262 0 73 1
251 0 137 1
208 0 238 1
283 0 27 2
202 2 71 1
78 0 272 1
112 0 158 1
108 2 222 1
135 0 28 2
80 2 150 2
284 0 116 2
155 0 297 2
189 2 227 1
187 0 185 1
32 1 52 1
74 0 12 1
279 0 160 1
97 0 111 1
281 0 272 1
169 2 14 1
236 2 210 2
49 0 119 1
1 0 250 1
48 0 113 1
154 0 140 1
35 1 147 1
110 2 181 1
28 0 285 2
183 0 193 1
255 2 219 2
103 0 94 1
159 0 48 1
53 1 206 2
200 0 247 1
62 1 35 2
271 0 172 0
27 0 222 1
75 0 134 2
277 2 154 1
253 0 140 1
34 0 159 2
203 1 254 1
47 0 68 0
8 0 184 1
41 2 19 1
97 0 186 1
202 0 223 0
253 0 197 1
259 1 172 1
99 0 201 1
157 2 205 1
198 0 278 1
234 1 97 2
229 1 17 2
161 2 238 0
246 0 110 1
118 0 196 1
164 0 215 1
140 1 227 1
146 2 159 1
145 0 207 2
57 2 244 1
29 2 25 2
117 0 207 1
73 2 44 2
12 0 137 1
257 0 298 2
